<TICKER>,<PER>,<DATE>,<TIME>,<OPEN>,<HIGH>,<LOW>,<CLOSE>,<VOL>,<OPENINT>
PLSPLN00,D,20210104,000000,-0.003,-0.003,-0.003,-0.003,0,0
PLSPLN00,D,20210105,000000,-0.033,-0.033,-0.033,-0.033,0,0
PLSPLN00,D,20210107,000000,-0.017,-0.017,-0.017,-0.017,0,0
PLSPLN00,D,20210108,000000,0.005,0.005,0.005,0.005,0,0
PLSPLN00,D,20210111,000000,-0.057,-0.057,-0.057,-0.057,0,0
PLSPLN00,D,20210112,000000,-0.004,-0.004,-0.004,-0.004,0,0
PLSPLN00,D,20210113,000000,-0.011,-0.011,-0.011,-0.011,0,0
PLSPLN00,D,20210114,000000,0.002,0.002,0.002,0.002,0,0
PLSPLN00,D,20210115,000000,0.008,0.008,0.008,0.008,0,0
PLSPLN00,D,20210118,000000,0.004,0.004,0.004,0.004,0,0
PLSPLN00,D,20210119,000000,-0.026,-0.026,-0.026,-0.026,0,0
PLSPLN00,D,20210120,000000,0.01,0.01,0.01,0.01,0,0
PLSPLN00,D,20210121,000000,0.012,0.012,0.012,0.012,0,0
PLSPLN00,D,20210122,000000,0.01,0.01,0.01,0.01,0,0
PLSPLN00,D,20210125,000000,0.011,0.011,0.011,0.011,0,0
PLSPLN00,D,20210126,000000,0.015,0.015,0.015,0.015,0,0
PLSPLN00,D,20210127,000000,0.02,0.02,0.02,0.02,0,0
PLSPLN00,D,20210128,000000,0.019,0.019,0.019,0.019,0,0
PLSPLN00,D,20210129,000000,-0.007,-0.007,-0.007,-0.007,0,0
PLSPLN00,D,20210201,000000,0.008,0.008,0.008,0.008,0,0
PLSPLN00,D,20210202,000000,0.007,0.007,0.007,0.007,0,0
PLSPLN00,D,20210203,000000,0.011,0.011,0.011,0.011,0,0
PLSPLN00,D,20210204,000000,0.004,0.004,0.004,0.004,0,0
PLSPLN00,D,20210205,000000,0.019,0.019,0.019,0.019,0,0
PLSPLN00,D,20210208,000000,0.007,0.007,0.007,0.007,0,0
PLSPLN00,D,20210209,000000,0.013,0.013,0.013,0.013,0,0
PLSPLN00,D,20210210,000000,0.01,0.01,0.01,0.01,0,0
PLSPLN00,D,20210211,000000,0.01,0.01,0.01,0.01,0,0
PLSPLN00,D,20210212,000000,0.01,0.01,0.01,0.01,0,0
PLSPLN00,D,20210215,000000,0.014,0.014,0.014,0.014,0,0
PLSPLN00,D,20210216,000000,0.013,0.013,0.013,0.013,0,0
PLSPLN00,D,20210217,000000,0.012,0.012,0.012,0.012,0,0
PLSPLN00,D,20210218,000000,0.014,0.014,0.014,0.014,0,0
PLSPLN00,D,20210219,000000,0.01,0.01,0.01,0.01,0,0
PLSPLN00,D,20210222,000000,0.007,0.007,0.007,0.007,0,0
PLSPLN00,D,20210223,000000,0.01,0.01,0.01,0.01,0,0
PLSPLN00,D,20210224,000000,-0.002,-0.002,-0.002,-0.002,0,0
PLSPLN00,D,20210225,000000,0.008,0.008,0.008,0.008,0,0
PLSPLN00,D,20210226,000000,0.001,0.001,0.001,0.001,0,0
PLSPLN00,D,20210301,000000,0.008,0.008,0.008,0.008,0,0
PLSPLN00,D,20210302,000000,0.006,0.006,0.006,0.006,0,0
PLSPLN00,D,20210303,000000,0.01,0.01,0.01,0.01,0,0
PLSPLN00,D,20210304,000000,0.009,0.009,0.009,0.009,0,0
PLSPLN00,D,20210305,000000,0.013,0.013,0.013,0.013,0,0
PLSPLN00,D,20210308,000000,0.013,0.013,0.013,0.013,0,0
PLSPLN00,D,20210309,000000,0.011,0.011,0.011,0.011,0,0
PLSPLN00,D,20210310,000000,0.013,0.013,0.013,0.013,0,0
PLSPLN00,D,20210311,000000,0.012,0.012,0.012,0.012,0,0
PLSPLN00,D,20210312,000000,0.014,0.014,0.014,0.014,0,0
PLSPLN00,D,20210315,000000,0.02,0.02,0.02,0.02,0,0
PLSPLN00,D,20210316,000000,0.018,0.018,0.018,0.018,0,0
PLSPLN00,D,20210317,000000,0.019,0.019,0.019,0.019,0,0
PLSPLN00,D,20210318,000000,0.018,0.018,0.018,0.018,0,0
PLSPLN00,D,20210319,000000,0.016,0.016,0.016,0.016,0,0
PLSPLN00,D,20210322,000000,0.017,0.017,0.017,0.017,0,0
PLSPLN00,D,20210323,000000,0.013,0.013,0.013,0.013,0,0
PLSPLN00,D,20210324,000000,0.013,0.013,0.013,0.013,0,0
PLSPLN00,D,20210325,000000,0.018,0.018,0.018,0.018,0,0
PLSPLN00,D,20210326,000000,0.011,0.011,0.011,0.011,0,0
PLSPLN00,D,20210329,000000,0.012,0.012,0.012,0.012,0,0
PLSPLN00,D,20210330,000000,0.012,0.012,0.012,0.012,0,0
PLSPLN00,D,20210331,000000,0.013,0.013,0.013,0.013,0,0
PLSPLN00,D,20210401,000000,0.01,0.01,0.01,0.01,0,0
PLSPLN00,D,20210402,000000,0.014,0.014,0.014,0.014,0,0
PLSPLN00,D,20210406,000000,0.012,0.012,0.012,0.012,0,0
PLSPLN00,D,20210407,000000,0.011,0.011,0.011,0.011,0,0
PLSPLN00,D,20210408,000000,0.01,0.01,0.01,0.01,0,0
PLSPLN00,D,20210409,000000,0.01,0.01,0.01,0.01,0,0
PLSPLN00,D,20210412,000000,0.014,0.014,0.014,0.014,0,0
PLSPLN00,D,20210413,000000,0.01,0.01,0.01,0.01,0,0
PLSPLN00,D,20210414,000000,0.013,0.013,0.013,0.013,0,0
PLSPLN00,D,20210415,000000,0.017,0.017,0.017,0.017,0,0
PLSPLN00,D,20210416,000000,0.017,0.017,0.017,0.017,0,0
PLSPLN00,D,20210419,000000,0.012,0.012,0.012,0.012,0,0
PLSPLN00,D,20210420,000000,0.011,0.011,0.011,0.011,0,0
PLSPLN00,D,20210421,000000,0.01,0.01,0.01,0.01,0,0
PLSPLN00,D,20210422,000000,0.01,0.01,0.01,0.01,0,0
PLSPLN00,D,20210423,000000,0.011,0.011,0.011,0.011,0,0
PLSPLN00,D,20210426,000000,0.013,0.013,0.013,0.013,0,0
PLSPLN00,D,20210427,000000,0.019,0.019,0.019,0.019,0,0
PLSPLN00,D,20210428,000000,0.02,0.02,0.02,0.02,0,0
PLSPLN00,D,20210429,000000,0.02,0.02,0.02,0.02,0,0
PLSPLN00,D,20210430,000000,-0.007,-0.007,-0.007,-0.007,0,0
PLSPLN00,D,20210504,000000,0.01,0.01,0.01,0.01,0,0
PLSPLN00,D,20210505,000000,0.01,0.01,0.01,0.01,0,0
PLSPLN00,D,20210506,000000,0.007,0.007,0.007,0.007,0,0
PLSPLN00,D,20210507,000000,0.014,0.014,0.014,0.014,0,0
PLSPLN00,D,20210510,000000,0.014,0.014,0.014,0.014,0,0
PLSPLN00,D,20210511,000000,0.01,0.01,0.01,0.01,0,0
PLSPLN00,D,20210512,000000,0.009,0.009,0.009,0.009,0,0
PLSPLN00,D,20210513,000000,0.009,0.009,0.009,0.009,0,0
PLSPLN00,D,20210514,000000,0.01,0.01,0.01,0.01,0,0
PLSPLN00,D,20210517,000000,0.011,0.011,0.011,0.011,0,0
PLSPLN00,D,20210518,000000,0.013,0.013,0.013,0.013,0,0
PLSPLN00,D,20210519,000000,0.01,0.01,0.01,0.01,0,0
PLSPLN00,D,20210520,000000,0.008,0.008,0.008,0.008,0,0
PLSPLN00,D,20210521,000000,0.011,0.011,0.011,0.011,0,0
PLSPLN00,D,20210524,000000,0.007,0.007,0.007,0.007,0,0
PLSPLN00,D,20210525,000000,0.006,0.006,0.006,0.006,0,0
PLSPLN00,D,20210526,000000,0.012,0.012,0.012,0.012,0,0
PLSPLN00,D,20210527,000000,0.014,0.014,0.014,0.014,0,0
PLSPLN00,D,20210528,000000,0,0,0,0,0,0
PLSPLN00,D,20210531,000000,0.004,0.004,0.004,0.004,0,0
PLSPLN00,D,20210601,000000,0.01,0.01,0.01,0.01,0,0
PLSPLN00,D,20210602,000000,-0.017,-0.017,-0.017,-0.017,0,0
PLSPLN00,D,20210604,000000,0.008,0.008,0.008,0.008,0,0
PLSPLN00,D,20210607,000000,0.007,0.007,0.007,0.007,0,0
PLSPLN00,D,20210608,000000,0.01,0.01,0.01,0.01,0,0
PLSPLN00,D,20210609,000000,0.01,0.01,0.01,0.01,0,0
PLSPLN00,D,20210610,000000,0.012,0.012,0.012,0.012,0,0
PLSPLN00,D,20210611,000000,0.011,0.011,0.011,0.011,0,0
PLSPLN00,D,20210614,000000,0.01,0.01,0.01,0.01,0,0
PLSPLN00,D,20210615,000000,0.016,0.016,0.016,0.016,0,0
PLSPLN00,D,20210616,000000,0.014,0.014,0.014,0.014,0,0
PLSPLN00,D,20210617,000000,0.015,0.015,0.015,0.015,0,0
PLSPLN00,D,20210618,000000,0.013,0.013,0.013,0.013,0,0
PLSPLN00,D,20210621,000000,0.015,0.015,0.015,0.015,0,0
PLSPLN00,D,20210622,000000,0.016,0.016,0.016,0.016,0,0
PLSPLN00,D,20210623,000000,0.015,0.015,0.015,0.015,0,0
PLSPLN00,D,20210624,000000,0.011,0.011,0.011,0.011,0,0
PLSPLN00,D,20210625,000000,0.001,0.001,0.001,0.001,0,0
PLSPLN00,D,20210628,000000,0.012,0.012,0.012,0.012,0,0
PLSPLN00,D,20210629,000000,0.008,0.008,0.008,0.008,0,0
PLSPLN00,D,20210630,000000,0.02,0.02,0.02,0.02,0,0
PLSPLN00,D,20210701,000000,0.011,0.011,0.011,0.011,0,0
PLSPLN00,D,20210702,000000,0.023,0.023,0.023,0.023,0,0
PLSPLN00,D,20210705,000000,0.013,0.013,0.013,0.013,0,0
PLSPLN00,D,20210706,000000,0.015,0.015,0.015,0.015,0,0
PLSPLN00,D,20210707,000000,0.019,0.019,0.019,0.019,0,0
PLSPLN00,D,20210708,000000,0.011,0.011,0.011,0.011,0,0
PLSPLN00,D,20210709,000000,0.014,0.014,0.014,0.014,0,0
PLSPLN00,D,20210712,000000,0.013,0.013,0.013,0.013,0,0
PLSPLN00,D,20210713,000000,0.011,0.011,0.011,0.011,0,0
PLSPLN00,D,20210714,000000,0.01,0.01,0.01,0.01,0,0
PLSPLN00,D,20210715,000000,0.016,0.016,0.016,0.016,0,0
PLSPLN00,D,20210716,000000,0.018,0.018,0.018,0.018,0,0
PLSPLN00,D,20210719,000000,0.017,0.017,0.017,0.017,0,0
PLSPLN00,D,20210720,000000,0.01,0.01,0.01,0.01,0,0
PLSPLN00,D,20210721,000000,0.013,0.013,0.013,0.013,0,0
PLSPLN00,D,20210722,000000,0.014,0.014,0.014,0.014,0,0
PLSPLN00,D,20210723,000000,0.013,0.013,0.013,0.013,0,0
PLSPLN00,D,20210726,000000,0.019,0.019,0.019,0.019,0,0
PLSPLN00,D,20210727,000000,0.02,0.02,0.02,0.02,0,0
PLSPLN00,D,20210728,000000,0.018,0.018,0.018,0.018,0,0
PLSPLN00,D,20210729,000000,0.018,0.018,0.018,0.018,0,0
PLSPLN00,D,20210730,000000,0.016,0.016,0.016,0.016,0,0
PLSPLN00,D,20210802,000000,0,0,0,0,0,0
PLSPLN00,D,20210803,000000,0.007,0.007,0.007,0.007,0,0
PLSPLN00,D,20210804,000000,0.004,0.004,0.004,0.004,0,0
PLSPLN00,D,20210805,000000,0.007,0.007,0.007,0.007,0,0
PLSPLN00,D,20210806,000000,0.01,0.01,0.01,0.01,0,0
PLSPLN00,D,20210809,000000,0.009,0.009,0.009,0.009,0,0
PLSPLN00,D,20210810,000000,0.013,0.013,0.013,0.013,0,0
PLSPLN00,D,20210811,000000,0.011,0.011,0.011,0.011,0,0
PLSPLN00,D,20210812,000000,0.011,0.011,0.011,0.011,0,0
PLSPLN00,D,20210813,000000,0.016,0.016,0.016,0.016,0,0
PLSPLN00,D,20210816,000000,0.022,0.022,0.022,0.022,0,0
PLSPLN00,D,20210817,000000,0.017,0.017,0.017,0.017,0,0
PLSPLN00,D,20210818,000000,0.016,0.016,0.016,0.016,0,0
PLSPLN00,D,20210819,000000,0.013,0.013,0.013,0.013,0,0
PLSPLN00,D,20210820,000000,0.013,0.013,0.013,0.013,0,0
PLSPLN00,D,20210823,000000,0.016,0.016,0.016,0.016,0,0
PLSPLN00,D,20210824,000000,0.015,0.015,0.015,0.015,0,0
PLSPLN00,D,20210825,000000,0.018,0.018,0.018,0.018,0,0
PLSPLN00,D,20210826,000000,0.018,0.018,0.018,0.018,0,0
PLSPLN00,D,20210827,000000,0.015,0.015,0.015,0.015,0,0
PLSPLN00,D,20210830,000000,0.017,0.017,0.017,0.017,0,0
PLSPLN00,D,20210831,000000,0.02,0.02,0.02,0.02,0,0
PLSPLN00,D,20210901,000000,0.015,0.015,0.015,0.015,0,0
PLSPLN00,D,20210902,000000,0.013,0.013,0.013,0.013,0,0
PLSPLN00,D,20210903,000000,0.009,0.009,0.009,0.009,0,0
PLSPLN00,D,20210906,000000,0.009,0.009,0.009,0.009,0,0
PLSPLN00,D,20210907,000000,0.009,0.009,0.009,0.009,0,0
PLSPLN00,D,20210908,000000,0.01,0.01,0.01,0.01,0,0
PLSPLN00,D,20210909,000000,0.01,0.01,0.01,0.01,0,0
PLSPLN00,D,20210910,000000,0.012,0.012,0.012,0.012,0,0
PLSPLN00,D,20210913,000000,0.009,0.009,0.009,0.009,0,0
PLSPLN00,D,20210914,000000,0.012,0.012,0.012,0.012,0,0
PLSPLN00,D,20210915,000000,0.019,0.019,0.019,0.019,0,0
PLSPLN00,D,20210916,000000,0.018,0.018,0.018,0.018,0,0
PLSPLN00,D,20210917,000000,0.016,0.016,0.016,0.016,0,0
PLSPLN00,D,20210920,000000,0.019,0.019,0.019,0.019,0,0
PLSPLN00,D,20210921,000000,0.018,0.018,0.018,0.018,0,0
PLSPLN00,D,20210922,000000,0.014,0.014,0.014,0.014,0,0
PLSPLN00,D,20210923,000000,0.016,0.016,0.016,0.016,0,0
PLSPLN00,D,20210924,000000,0.005,0.005,0.005,0.005,0,0
PLSPLN00,D,20210927,000000,0.015,0.015,0.015,0.015,0,0
PLSPLN00,D,20210928,000000,0.018,0.018,0.018,0.018,0,0
PLSPLN00,D,20210929,000000,0.019,0.019,0.019,0.019,0,0
PLSPLN00,D,20210930,000000,0.025,0.025,0.025,0.025,0,0
PLSPLN00,D,20211001,000000,0.021,0.021,0.021,0.021,0,0
PLSPLN00,D,20211004,000000,0.015,0.015,0.015,0.015,0,0
PLSPLN00,D,20211005,000000,0.011,0.011,0.011,0.011,0,0
PLSPLN00,D,20211006,000000,0.009,0.009,0.009,0.009,0,0
PLSPLN00,D,20211007,000000,0.059,0.059,0.059,0.059,0,0
PLSPLN00,D,20211008,000000,0.106,0.106,0.106,0.106,0,0
PLSPLN00,D,20211011,000000,0.068,0.068,0.068,0.068,0,0
PLSPLN00,D,20211012,000000,0.112,0.112,0.112,0.112,0,0
PLSPLN00,D,20211013,000000,0.072,0.072,0.072,0.072,0,0
PLSPLN00,D,20211014,000000,0.08,0.08,0.08,0.08,0,0
PLSPLN00,D,20211015,000000,0.175,0.175,0.175,0.175,0,0
PLSPLN00,D,20211018,000000,0.182,0.182,0.182,0.182,0,0
PLSPLN00,D,20211019,000000,0.152,0.152,0.152,0.152,0,0
PLSPLN00,D,20211020,000000,0.147,0.147,0.147,0.147,0,0
PLSPLN00,D,20211021,000000,0.151,0.151,0.151,0.151,0,0
PLSPLN00,D,20211022,000000,0.111,0.111,0.111,0.111,0,0
PLSPLN00,D,20211025,000000,0.104,0.104,0.104,0.104,0,0
PLSPLN00,D,20211026,000000,0.1,0.1,0.1,0.1,0,0
PLSPLN00,D,20211027,000000,0.105,0.105,0.105,0.105,0,0
PLSPLN00,D,20211028,000000,0.109,0.109,0.109,0.109,0,0
PLSPLN00,D,20211029,000000,0.096,0.096,0.096,0.096,0,0
PLSPLN00,D,20211102,000000,0.125,0.125,0.125,0.125,0,0
PLSPLN00,D,20211103,000000,0.154,0.154,0.154,0.154,0,0
PLSPLN00,D,20211104,000000,0.816,0.816,0.816,0.816,0,0
PLSPLN00,D,20211105,000000,0.826,0.826,0.826,0.826,0,0
PLSPLN00,D,20211108,000000,0.886,0.886,0.886,0.886,0,0
PLSPLN00,D,20211109,000000,0.798,0.798,0.798,0.798,0,0
PLSPLN00,D,20211110,000000,0.794,0.794,0.794,0.794,0,0
PLSPLN00,D,20211112,000000,0.808,0.808,0.808,0.808,0,0
PLSPLN00,D,20211115,000000,0.848,0.848,0.848,0.848,0,0
PLSPLN00,D,20211116,000000,0.837,0.837,0.837,0.837,0,0
PLSPLN00,D,20211117,000000,0.804,0.804,0.804,0.804,0,0
PLSPLN00,D,20211118,000000,0.838,0.838,0.838,0.838,0,0
PLSPLN00,D,20211119,000000,0.835,0.835,0.835,0.835,0,0
PLSPLN00,D,20211122,000000,0.857,0.857,0.857,0.857,0,0
PLSPLN00,D,20211123,000000,0.87,0.87,0.87,0.87,0,0
PLSPLN00,D,20211124,000000,0.88,0.88,0.88,0.88,0,0
PLSPLN00,D,20211125,000000,0.849,0.849,0.849,0.849,0,0
PLSPLN00,D,20211126,000000,0.867,0.867,0.867,0.867,0,0
PLSPLN00,D,20211129,000000,0.767,0.767,0.767,0.767,0,0
PLSPLN00,D,20211130,000000,1,1,1,1,0,0
PLSPLN00,D,20211201,000000,1.316,1.316,1.316,1.316,0,0
PLSPLN00,D,20211202,000000,1.231,1.231,1.231,1.231,0,0
PLSPLN00,D,20211203,000000,1.041,1.041,1.041,1.041,0,0
PLSPLN00,D,20211206,000000,0.811,0.811,0.811,0.811,0,0
PLSPLN00,D,20211207,000000,0.806,0.806,0.806,0.806,0,0
PLSPLN00,D,20211208,000000,0.783,0.783,0.783,0.783,0,0
PLSPLN00,D,20211209,000000,1.265,1.265,1.265,1.265,0,0
PLSPLN00,D,20211210,000000,1.324,1.324,1.324,1.324,0,0
PLSPLN00,D,20211213,000000,1.276,1.276,1.276,1.276,0,0
PLSPLN00,D,20211214,000000,1.262,1.262,1.262,1.262,0,0
PLSPLN00,D,20211215,000000,1.26,1.26,1.26,1.26,0,0
PLSPLN00,D,20211216,000000,1.269,1.269,1.269,1.269,0,0
PLSPLN00,D,20211217,000000,1.287,1.287,1.287,1.287,0,0
PLSPLN00,D,20211220,000000,1.278,1.278,1.278,1.278,0,0
PLSPLN00,D,20211221,000000,1.309,1.309,1.309,1.309,0,0
PLSPLN00,D,20211222,000000,1.298,1.298,1.298,1.298,0,0
PLSPLN00,D,20211223,000000,1.31,1.31,1.31,1.31,0,0
PLSPLN00,D,20211224,000000,1.31,1.31,1.31,1.31,0,0
PLSPLN00,D,20211227,000000,1.239,1.239,1.239,1.239,0,0
PLSPLN00,D,20211228,000000,1.291,1.291,1.291,1.291,0,0
PLSPLN00,D,20211229,000000,1.317,1.317,1.317,1.317,0,0
PLSPLN00,D,20211230,000000,1.342,1.342,1.342,1.342,0,0
PLSPLN00,D,20211231,000000,0.992,0.992,0.992,0.992,0,0
PLSPLN00,D,20220103,000000,1.31,1.31,1.31,1.31,0,0
PLSPLN00,D,20220104,000000,1.187,1.187,1.187,1.187,0,0
PLSPLN00,D,20220105,000000,1.817,1.817,1.817,1.817,0,0
PLSPLN00,D,20220107,000000,1.851,1.851,1.851,1.851,0,0
PLSPLN00,D,20220110,000000,1.796,1.796,1.796,1.796,0,0
PLSPLN00,D,20220111,000000,1.719,1.719,1.719,1.719,0,0
PLSPLN00,D,20220112,000000,1.679,1.679,1.679,1.679,0,0
PLSPLN00,D,20220113,000000,1.726,1.726,1.726,1.726,0,0
PLSPLN00,D,20220114,000000,1.75,1.75,1.75,1.75,0,0
PLSPLN00,D,20220117,000000,1.706,1.706,1.706,1.706,0,0
PLSPLN00,D,20220118,000000,1.777,1.777,1.777,1.777,0,0
PLSPLN00,D,20220119,000000,1.798,1.798,1.798,1.798,0,0
PLSPLN00,D,20220120,000000,1.741,1.741,1.741,1.741,0,0
PLSPLN00,D,20220121,000000,1.785,1.785,1.785,1.785,0,0
PLSPLN00,D,20220124,000000,1.753,1.753,1.753,1.753,0,0
PLSPLN00,D,20220125,000000,1.84,1.84,1.84,1.84,0,0
PLSPLN00,D,20220126,000000,1.973,1.973,1.973,1.973,0,0
PLSPLN00,D,20220127,000000,1.92,1.92,1.92,1.92,0,0
PLSPLN00,D,20220128,000000,1.68,1.68,1.68,1.68,0,0
PLSPLN00,D,20220131,000000,1.817,1.817,1.817,1.817,0,0
PLSPLN00,D,20220201,000000,1.803,1.803,1.803,1.803,0,0
PLSPLN00,D,20220202,000000,1.985,1.985,1.985,1.985,0,0
PLSPLN00,D,20220203,000000,2.048,2.048,2.048,2.048,0,0
PLSPLN00,D,20220204,000000,1.916,1.916,1.916,1.916,0,0
PLSPLN00,D,20220207,000000,1.78,1.78,1.78,1.78,0,0
PLSPLN00,D,20220208,000000,1.747,1.747,1.747,1.747,0,0
PLSPLN00,D,20220209,000000,2.079,2.079,2.079,2.079,0,0
PLSPLN00,D,20220210,000000,2.171,2.171,2.171,2.171,0,0
PLSPLN00,D,20220211,000000,2.208,2.208,2.208,2.208,0,0
PLSPLN00,D,20220214,000000,2.086,2.086,2.086,2.086,0,0
PLSPLN00,D,20220215,000000,2.158,2.158,2.158,2.158,0,0
PLSPLN00,D,20220216,000000,2.269,2.269,2.269,2.269,0,0
PLSPLN00,D,20220217,000000,2.353,2.353,2.353,2.353,0,0
PLSPLN00,D,20220218,000000,2.179,2.179,2.179,2.179,0,0
PLSPLN00,D,20220221,000000,2.283,2.283,2.283,2.283,0,0
PLSPLN00,D,20220222,000000,2.27,2.27,2.27,2.27,0,0
PLSPLN00,D,20220223,000000,2.125,2.125,2.125,2.125,0,0
PLSPLN00,D,20220224,000000,2.342,2.342,2.342,2.342,0,0
PLSPLN00,D,20220225,000000,2.443,2.443,2.443,2.443,0,0
PLSPLN00,D,20220228,000000,2.174,2.174,2.174,2.174,0,0
PLSPLN00,D,20220301,000000,2.533,2.533,2.533,2.533,0,0
PLSPLN00,D,20220302,000000,2.592,2.592,2.592,2.592,0,0
PLSPLN00,D,20220303,000000,2.573,2.573,2.573,2.573,0,0
PLSPLN00,D,20220304,000000,2.389,2.389,2.389,2.389,0,0
PLSPLN00,D,20220307,000000,2.408,2.408,2.408,2.408,0,0
PLSPLN00,D,20220308,000000,2.449,2.449,2.449,2.449,0,0
PLSPLN00,D,20220309,000000,3.119,3.119,3.119,3.119,0,0
PLSPLN00,D,20220310,000000,3.084,3.084,3.084,3.084,0,0
PLSPLN00,D,20220311,000000,3.175,3.175,3.175,3.175,0,0
PLSPLN00,D,20220314,000000,3.099,3.099,3.099,3.099,0,0
PLSPLN00,D,20220315,000000,3.151,3.151,3.151,3.151,0,0
PLSPLN00,D,20220316,000000,3.185,3.185,3.185,3.185,0,0
PLSPLN00,D,20220317,000000,3.135,3.135,3.135,3.135,0,0
PLSPLN00,D,20220318,000000,3.247,3.247,3.247,3.247,0,0
PLSPLN00,D,20220321,000000,3.212,3.212,3.212,3.212,0,0
PLSPLN00,D,20220322,000000,3.236,3.236,3.236,3.236,0,0
PLSPLN00,D,20220323,000000,3.192,3.192,3.192,3.192,0,0
PLSPLN00,D,20220324,000000,3.203,3.203,3.203,3.203,0,0
PLSPLN00,D,20220325,000000,3.005,3.005,3.005,3.005,0,0
PLSPLN00,D,20220328,000000,3.031,3.031,3.031,3.031,0,0
PLSPLN00,D,20220329,000000,3.043,3.043,3.043,3.043,0,0
PLSPLN00,D,20220330,000000,3.35,3.35,3.35,3.35,0,0
PLSPLN00,D,20220331,000000,3.263,3.263,3.263,3.263,0,0
PLSPLN00,D,20220401,000000,3.395,3.395,3.395,3.395,0,0
PLSPLN00,D,20220404,000000,3.434,3.434,3.434,3.434,0,0
PLSPLN00,D,20220405,000000,3.477,3.477,3.477,3.477,0,0
PLSPLN00,D,20220406,000000,3.724,3.724,3.724,3.724,0,0
PLSPLN00,D,20220407,000000,4.339,4.339,4.339,4.339,0,0
PLSPLN00,D,20220408,000000,4.327,4.327,4.327,4.327,0,0
PLSPLN00,D,20220411,000000,4.276,4.276,4.276,4.276,0,0
PLSPLN00,D,20220412,000000,4.162,4.162,4.162,4.162,0,0
PLSPLN00,D,20220413,000000,4.141,4.141,4.141,4.141,0,0
PLSPLN00,D,20220414,000000,4.194,4.194,4.194,4.194,0,0
PLSPLN00,D,20220415,000000,4.192,4.192,4.192,4.192,0,0
PLSPLN00,D,20220419,000000,4.11,4.11,4.11,4.11,0,0
PLSPLN00,D,20220420,000000,4.295,4.295,4.295,4.295,0,0
PLSPLN00,D,20220421,000000,4.198,4.198,4.198,4.198,0,0
PLSPLN00,D,20220422,000000,4.101,4.101,4.101,4.101,0,0
PLSPLN00,D,20220425,000000,4.105,4.105,4.105,4.105,0,0
PLSPLN00,D,20220426,000000,4.117,4.117,4.117,4.117,0,0
PLSPLN00,D,20220427,000000,4.367,4.367,4.367,4.367,0,0
PLSPLN00,D,20220428,000000,4.269,4.269,4.269,4.269,0,0
PLSPLN00,D,20220429,000000,4.031,4.031,4.031,4.031,0,0
PLSPLN00,D,20220502,000000,4.419,4.419,4.419,4.419,0,0
PLSPLN00,D,20220504,000000,4.491,4.491,4.491,4.491,0,0
PLSPLN00,D,20220505,000000,4.464,4.464,4.464,4.464,0,0
PLSPLN00,D,20220506,000000,4.867,4.867,4.867,4.867,0,0
PLSPLN00,D,20220509,000000,4.837,4.837,4.837,4.837,0,0
PLSPLN00,D,20220510,000000,4.859,4.859,4.859,4.859,0,0
PLSPLN00,D,20220511,000000,4.842,4.842,4.842,4.842,0,0
PLSPLN00,D,20220512,000000,4.819,4.819,4.819,4.819,0,0
PLSPLN00,D,20220513,000000,4.868,4.868,4.868,4.868,0,0
PLSPLN00,D,20220516,000000,4.855,4.855,4.855,4.855,0,0
PLSPLN00,D,20220517,000000,4.85,4.85,4.85,4.85,0,0
PLSPLN00,D,20220518,000000,4.903,4.903,4.903,4.903,0,0
PLSPLN00,D,20220519,000000,4.865,4.865,4.865,4.865,0,0
PLSPLN00,D,20220520,000000,4.901,4.901,4.901,4.901,0,0
PLSPLN00,D,20220523,000000,4.871,4.871,4.871,4.871,0,0
PLSPLN00,D,20220524,000000,4.924,4.924,4.924,4.924,0,0
PLSPLN00,D,20220525,000000,5.077,5.077,5.077,5.077,0,0
PLSPLN00,D,20220526,000000,5.138,5.138,5.138,5.138,0,0
PLSPLN00,D,20220527,000000,4.864,4.864,4.864,4.864,0,0
PLSPLN00,D,20220530,000000,4.936,4.936,4.936,4.936,0,0
PLSPLN00,D,20220531,000000,5.221,5.221,5.221,5.221,0,0
PLSPLN00,D,20220601,000000,5.367,5.367,5.367,5.367,0,0
PLSPLN00,D,20220602,000000,5.125,5.125,5.125,5.125,0,0
PLSPLN00,D,20220603,000000,5.25,5.25,5.25,5.25,0,0
PLSPLN00,D,20220606,000000,5.122,5.122,5.122,5.122,0,0
PLSPLN00,D,20220607,000000,5.036,5.036,5.036,5.036,0,0
PLSPLN00,D,20220608,000000,5.086,5.086,5.086,5.086,0,0
PLSPLN00,D,20220609,000000,5.611,5.611,5.611,5.611,0,0
PLSPLN00,D,20220610,000000,5.621,5.621,5.621,5.621,0,0
PLSPLN00,D,20220613,000000,5.614,5.614,5.614,5.614,0,0
PLSPLN00,D,20220614,000000,5.626,5.626,5.626,5.626,0,0
PLSPLN00,D,20220615,000000,5.823,5.823,5.823,5.823,0,0
PLSPLN00,D,20220617,000000,5.54,5.54,5.54,5.54,0,0
PLSPLN00,D,20220620,000000,5.42,5.42,5.42,5.42,0,0
PLSPLN00,D,20220621,000000,5.613,5.613,5.613,5.613,0,0
PLSPLN00,D,20220622,000000,5.613,5.613,5.613,5.613,0,0
PLSPLN00,D,20220623,000000,5.575,5.575,5.575,5.575,0,0
PLSPLN00,D,20220624,000000,5.644,5.644,5.644,5.644,0,0
PLSPLN00,D,20220627,000000,5.699,5.699,5.699,5.699,0,0
PLSPLN00,D,20220628,000000,5.621,5.621,5.621,5.621,0,0
PLSPLN00,D,20220629,000000,6.067,6.067,6.067,6.067,0,0
PLSPLN00,D,20220630,000000,6.282,6.282,6.282,6.282,0,0
PLSPLN00,D,20220701,000000,6.241,6.241,6.241,6.241,0,0
PLSPLN00,D,20220704,000000,6.226,6.226,6.226,6.226,0,0
PLSPLN00,D,20220705,000000,6.256,6.256,6.256,6.256,0,0
PLSPLN00,D,20220706,000000,6.3,6.3,6.3,6.3,0,0
PLSPLN00,D,20220707,000000,6.527,6.527,6.527,6.527,0,0
PLSPLN00,D,20220708,000000,6.406,6.406,6.406,6.406,0,0
PLSPLN00,D,20220711,000000,6.118,6.118,6.118,6.118,0,0
PLSPLN00,D,20220712,000000,6.156,6.156,6.156,6.156,0,0
PLSPLN00,D,20220713,000000,6.201,6.201,6.201,6.201,0,0
PLSPLN00,D,20220714,000000,6.332,6.332,6.332,6.332,0,0
PLSPLN00,D,20220715,000000,6.243,6.243,6.243,6.243,0,0
PLSPLN00,D,20220718,000000,6.171,6.171,6.171,6.171,0,0
PLSPLN00,D,20220719,000000,6.156,6.156,6.156,6.156,0,0
PLSPLN00,D,20220720,000000,6.16,6.16,6.16,6.16,0,0
PLSPLN00,D,20220721,000000,6.151,6.151,6.151,6.151,0,0
PLSPLN00,D,20220722,000000,6.3,6.3,6.3,6.3,0,0
PLSPLN00,D,20220725,000000,6.576,6.576,6.576,6.576,0,0
PLSPLN00,D,20220726,000000,6.371,6.371,6.371,6.371,0,0
PLSPLN00,D,20220727,000000,6.372,6.372,6.372,6.372,0,0
PLSPLN00,D,20220728,000000,6.346,6.346,6.346,6.346,0,0
PLSPLN00,D,20220729,000000,6.638,6.638,6.638,6.638,0,0
PLSPLN00,D,20220801,000000,6.785,6.785,6.785,6.785,0,0
PLSPLN00,D,20220802,000000,6.692,6.692,6.692,6.692,0,0
PLSPLN00,D,20220803,000000,6.597,6.597,6.597,6.597,0,0
PLSPLN00,D,20220804,000000,6.557,6.557,6.557,6.557,0,0
PLSPLN00,D,20220805,000000,6.341,6.341,6.341,6.341,0,0
PLSPLN00,D,20220808,000000,6.278,6.278,6.278,6.278,0,0
PLSPLN00,D,20220809,000000,6.263,6.263,6.263,6.263,0,0
PLSPLN00,D,20220810,000000,6.329,6.329,6.329,6.329,0,0
PLSPLN00,D,20220811,000000,6.301,6.301,6.301,6.301,0,0
PLSPLN00,D,20220812,000000,6.396,6.396,6.396,6.396,0,0
PLSPLN00,D,20220816,000000,6.466,6.466,6.466,6.466,0,0
PLSPLN00,D,20220817,000000,6.561,6.561,6.561,6.561,0,0
PLSPLN00,D,20220818,000000,6.564,6.564,6.564,6.564,0,0
PLSPLN00,D,20220819,000000,6.366,6.366,6.366,6.366,0,0
PLSPLN00,D,20220822,000000,6.262,6.262,6.262,6.262,0,0
PLSPLN00,D,20220823,000000,6.195,6.195,6.195,6.195,0,0
PLSPLN00,D,20220824,000000,6.138,6.138,6.138,6.138,0,0
PLSPLN00,D,20220825,000000,6.105,6.105,6.105,6.105,0,0
PLSPLN00,D,20220826,000000,6.149,6.149,6.149,6.149,0,0
PLSPLN00,D,20220829,000000,6.166,6.166,6.166,6.166,0,0
PLSPLN00,D,20220830,000000,6.584,6.584,6.584,6.584,0,0
PLSPLN00,D,20220831,000000,6.52,6.52,6.52,6.52,0,0
PLSPLN00,D,20220901,000000,6.657,6.657,6.657,6.657,0,0
PLSPLN00,D,20220902,000000,6.649,6.649,6.649,6.649,0,0
PLSPLN00,D,20220905,000000,6.564,6.564,6.564,6.564,0,0
PLSPLN00,D,20220906,000000,6.579,6.579,6.579,6.579,0,0
PLSPLN00,D,20220907,000000,6.599,6.599,6.599,6.599,0,0
PLSPLN00,D,20220908,000000,6.559,6.559,6.559,6.559,0,0
PLSPLN00,D,20220909,000000,6.531,6.531,6.531,6.531,0,0
PLSPLN00,D,20220912,000000,6.414,6.414,6.414,6.414,0,0
PLSPLN00,D,20220913,000000,6.35,6.35,6.35,6.35,0,0
PLSPLN00,D,20220914,000000,6.518,6.518,6.518,6.518,0,0
PLSPLN00,D,20220915,000000,6.586,6.586,6.586,6.586,0,0
PLSPLN00,D,20220916,000000,6.659,6.659,6.659,6.659,0,0
PLSPLN00,D,20220919,000000,6.722,6.722,6.722,6.722,0,0
PLSPLN00,D,20220920,000000,6.637,6.637,6.637,6.637,0,0
PLSPLN00,D,20220921,000000,6.518,6.518,6.518,6.518,0,0
PLSPLN00,D,20220922,000000,6.54,6.54,6.54,6.54,0,0
PLSPLN00,D,20220923,000000,6.417,6.417,6.417,6.417,0,0
PLSPLN00,D,20220926,000000,6.46,6.46,6.46,6.46,0,0
PLSPLN00,D,20220927,000000,6.376,6.376,6.376,6.376,0,0
PLSPLN00,D,20220928,000000,6.436,6.436,6.436,6.436,0,0
PLSPLN00,D,20220929,000000,6.447,6.447,6.447,6.447,0,0
PLSPLN00,D,20220930,000000,6.144,6.144,6.144,6.144,0,0
PLSPLN00,D,20221003,000000,6.794,6.794,6.794,6.794,0,0
PLSPLN00,D,20221004,000000,6.714,6.714,6.714,6.714,0,0
PLSPLN00,D,20221005,000000,6.687,6.687,6.687,6.687,0,0
PLSPLN00,D,20221006,000000,6.595,6.595,6.595,6.595,0,0
PLSPLN00,D,20221007,000000,6.46,6.46,6.46,6.46,0,0
PLSPLN00,D,20221010,000000,6.554,6.554,6.554,6.554,0,0
PLSPLN00,D,20221011,000000,6.587,6.587,6.587,6.587,0,0
PLSPLN00,D,20221012,000000,6.568,6.568,6.568,6.568,0,0
PLSPLN00,D,20221013,000000,6.577,6.577,6.577,6.577,0,0
PLSPLN00,D,20221014,000000,6.579,6.579,6.579,6.579,0,0
PLSPLN00,D,20221017,000000,6.602,6.602,6.602,6.602,0,0
PLSPLN00,D,20221018,000000,6.45,6.45,6.45,6.45,0,0
PLSPLN00,D,20221019,000000,6.412,6.412,6.412,6.412,0,0
PLSPLN00,D,20221020,000000,6.339,6.339,6.339,6.339,0,0
PLSPLN00,D,20221021,000000,6.349,6.349,6.349,6.349,0,0
PLSPLN00,D,20221024,000000,6.311,6.311,6.311,6.311,0,0
PLSPLN00,D,20221025,000000,6.304,6.304,6.304,6.304,0,0
PLSPLN00,D,20221026,000000,6.289,6.289,6.289,6.289,0,0
PLSPLN00,D,20221027,000000,6.318,6.318,6.318,6.318,0,0
PLSPLN00,D,20221028,000000,6.733,6.733,6.733,6.733,0,0
PLSPLN00,D,20221031,000000,6.505,6.505,6.505,6.505,0,0
PLSPLN00,D,20221102,000000,6.741,6.741,6.741,6.741,0,0
PLSPLN00,D,20221103,000000,6.782,6.782,6.782,6.782,0,0
PLSPLN00,D,20221104,000000,6.773,6.773,6.773,6.773,0,0
PLSPLN00,D,20221107,000000,6.816,6.816,6.816,6.816,0,0
PLSPLN00,D,20221108,000000,6.805,6.805,6.805,6.805,0,0
PLSPLN00,D,20221109,000000,6.875,6.875,6.875,6.875,0,0
PLSPLN00,D,20221110,000000,6.586,6.586,6.586,6.586,0,0
PLSPLN00,D,20221114,000000,6.564,6.564,6.564,6.564,0,0
PLSPLN00,D,20221115,000000,6.407,6.407,6.407,6.407,0,0
PLSPLN00,D,20221116,000000,6.391,6.391,6.391,6.391,0,0
PLSPLN00,D,20221117,000000,6.35,6.35,6.35,6.35,0,0
PLSPLN00,D,20221118,000000,6.31,6.31,6.31,6.31,0,0
PLSPLN00,D,20221121,000000,6.342,6.342,6.342,6.342,0,0
PLSPLN00,D,20221122,000000,6.317,6.317,6.317,6.317,0,0
PLSPLN00,D,20221123,000000,6.315,6.315,6.315,6.315,0,0
PLSPLN00,D,20221124,000000,6.3,6.3,6.3,6.3,0,0
PLSPLN00,D,20221125,000000,6.326,6.326,6.326,6.326,0,0
PLSPLN00,D,20221128,000000,6.318,6.318,6.318,6.318,0,0
PLSPLN00,D,20221129,000000,6.683,6.683,6.683,6.683,0,0
PLSPLN00,D,20221130,000000,6.62,6.62,6.62,6.62,0,0
PLSPLN00,D,20221201,000000,6.634,6.634,6.634,6.634,0,0
PLSPLN00,D,20221202,000000,6.626,6.626,6.626,6.626,0,0
PLSPLN00,D,20221205,000000,6.533,6.533,6.533,6.533,0,0
PLSPLN00,D,20221206,000000,6.602,6.602,6.602,6.602,0,0
PLSPLN00,D,20221207,000000,6.632,6.632,6.632,6.632,0,0
PLSPLN00,D,20221208,000000,6.569,6.569,6.569,6.569,0,0
PLSPLN00,D,20221209,000000,6.393,6.393,6.393,6.393,0,0
PLSPLN00,D,20221212,000000,6.396,6.396,6.396,6.396,0,0
PLSPLN00,D,20221213,000000,6.377,6.377,6.377,6.377,0,0
PLSPLN00,D,20221214,000000,6.431,6.431,6.431,6.431,0,0
PLSPLN00,D,20221215,000000,6.427,6.427,6.427,6.427,0,0
PLSPLN00,D,20221216,000000,6.34,6.34,6.34,6.34,0,0
PLSPLN00,D,20221219,000000,6.309,6.309,6.309,6.309,0,0
PLSPLN00,D,20221220,000000,6.367,6.367,6.367,6.367,0,0
PLSPLN00,D,20221221,000000,6.322,6.322,6.322,6.322,0,0
PLSPLN00,D,20221222,000000,6.326,6.326,6.326,6.326,0,0
PLSPLN00,D,20221223,000000,6.339,6.339,6.339,6.339,0,0
PLSPLN00,D,20221227,000000,6.296,6.296,6.296,6.296,0,0
PLSPLN00,D,20221228,000000,6.317,6.317,6.317,6.317,0,0
PLSPLN00,D,20221229,000000,6.231,6.231,6.231,6.231,0,0
PLSPLN00,D,20221230,000000,5.347,5.347,5.347,5.347,0,0
PLSPLN00,D,20230102,000000,6.268,6.268,6.268,6.268,0,0
PLSPLN00,D,20230103,000000,6.368,6.368,6.368,6.368,0,0
PLSPLN00,D,20230104,000000,6.461,6.461,6.461,6.461,0,0
PLSPLN00,D,20230105,000000,6.394,6.394,6.394,6.394,0,0
PLSPLN00,D,20230109,000000,6.309,6.309,6.309,6.309,0,0
PLSPLN00,D,20230110,000000,6.367,6.367,6.367,6.367,0,0
PLSPLN00,D,20230111,000000,6.384,6.384,6.384,6.384,0,0
PLSPLN00,D,20230112,000000,6.367,6.367,6.367,6.367,0,0
PLSPLN00,D,20230113,000000,6.396,6.396,6.396,6.396,0,0
PLSPLN00,D,20230116,000000,6.332,6.332,6.332,6.332,0,0
PLSPLN00,D,20230117,000000,6.345,6.345,6.345,6.345,0,0
PLSPLN00,D,20230118,000000,6.434,6.434,6.434,6.434,0,0
PLSPLN00,D,20230119,000000,6.365,6.365,6.365,6.365,0,0
PLSPLN00,D,20230120,000000,6.354,6.354,6.354,6.354,0,0
PLSPLN00,D,20230123,000000,6.384,6.384,6.384,6.384,0,0
PLSPLN00,D,20230124,000000,6.371,6.371,6.371,6.371,0,0
PLSPLN00,D,20230125,000000,6.552,6.552,6.552,6.552,0,0
PLSPLN00,D,20230126,000000,6.455,6.455,6.455,6.455,0,0
PLSPLN00,D,20230127,000000,6.376,6.376,6.376,6.376,0,0
PLSPLN00,D,20230130,000000,6.704,6.704,6.704,6.704,0,0
PLSPLN00,D,20230131,000000,6.604,6.604,6.604,6.604,0,0
PLSPLN00,D,20230201,000000,6.581,6.581,6.581,6.581,0,0
PLSPLN00,D,20230202,000000,6.524,6.524,6.524,6.524,0,0
PLSPLN00,D,20230203,000000,6.519,6.519,6.519,6.519,0,0
PLSPLN00,D,20230206,000000,6.5,6.5,6.5,6.5,0,0
PLSPLN00,D,20230207,000000,6.481,6.481,6.481,6.481,0,0
PLSPLN00,D,20230208,000000,6.531,6.531,6.531,6.531,0,0
PLSPLN00,D,20230209,000000,6.585,6.585,6.585,6.585,0,0
PLSPLN00,D,20230210,000000,6.616,6.616,6.616,6.616,0,0
PLSPLN00,D,20230213,000000,6.457,6.457,6.457,6.457,0,0
PLSPLN00,D,20230214,000000,6.468,6.468,6.468,6.468,0,0
PLSPLN00,D,20230215,000000,6.553,6.553,6.553,6.553,0,0
PLSPLN00,D,20230216,000000,6.516,6.516,6.516,6.516,0,0
PLSPLN00,D,20230217,000000,6.434,6.434,6.434,6.434,0,0
PLSPLN00,D,20230220,000000,6.431,6.431,6.431,6.431,0,0
PLSPLN00,D,20230221,000000,6.462,6.462,6.462,6.462,0,0
PLSPLN00,D,20230222,000000,6.408,6.408,6.408,6.408,0,0
PLSPLN00,D,20230223,000000,6.337,6.337,6.337,6.337,0,0
PLSPLN00,D,20230224,000000,6.313,6.313,6.313,6.313,0,0
PLSPLN00,D,20230227,000000,6.736,6.736,6.736,6.736,0,0
PLSPLN00,D,20230228,000000,6.683,6.683,6.683,6.683,0,0
PLSPLN00,D,20230301,000000,6.57,6.57,6.57,6.57,0,0
PLSPLN00,D,20230302,000000,6.454,6.454,6.454,6.454,0,0
PLSPLN00,D,20230303,000000,6.415,6.415,6.415,6.415,0,0
PLSPLN00,D,20230306,000000,6.542,6.542,6.542,6.542,0,0
PLSPLN00,D,20230307,000000,6.543,6.543,6.543,6.543,0,0
PLSPLN00,D,20230308,000000,6.563,6.563,6.563,6.563,0,0
PLSPLN00,D,20230309,000000,6.641,6.641,6.641,6.641,0,0
PLSPLN00,D,20230310,000000,6.416,6.416,6.416,6.416,0,0
PLSPLN00,D,20230313,000000,6.566,6.566,6.566,6.566,0,0
PLSPLN00,D,20230314,000000,6.371,6.371,6.371,6.371,0,0
PLSPLN00,D,20230315,000000,6.653,6.653,6.653,6.653,0,0
PLSPLN00,D,20230316,000000,6.518,6.518,6.518,6.518,0,0
PLSPLN00,D,20230317,000000,6.512,6.512,6.512,6.512,0,0
PLSPLN00,D,20230320,000000,6.617,6.617,6.617,6.617,0,0
PLSPLN00,D,20230321,000000,6.381,6.381,6.381,6.381,0,0
PLSPLN00,D,20230322,000000,6.332,6.332,6.332,6.332,0,0
PLSPLN00,D,20230323,000000,6.401,6.401,6.401,6.401,0,0
PLSPLN00,D,20230324,000000,6.331,6.331,6.331,6.331,0,0
PLSPLN00,D,20230327,000000,6.333,6.333,6.333,6.333,0,0
PLSPLN00,D,20230328,000000,6.399,6.399,6.399,6.399,0,0
PLSPLN00,D,20230329,000000,6.551,6.551,6.551,6.551,0,0
PLSPLN00,D,20230330,000000,6.814,6.814,6.814,6.814,0,0
PLSPLN00,D,20230331,000000,6.956,6.956,6.956,6.956,0,0
PLSPLN00,D,20230403,000000,6.494,6.494,6.494,6.494,0,0
PLSPLN00,D,20230404,000000,6.468,6.468,6.468,6.468,0,0
PLSPLN00,D,20230405,000000,6.662,6.662,6.662,6.662,0,0
PLSPLN00,D,20230406,000000,6.727,6.727,6.727,6.727,0,0
PLSPLN00,D,20230407,000000,6.393,6.393,6.393,6.393,0,0
PLSPLN00,D,20230411,000000,6.444,6.444,6.444,6.444,0,0
PLSPLN00,D,20230412,000000,6.601,6.601,6.601,6.601,0,0
PLSPLN00,D,20230413,000000,6.512,6.512,6.512,6.512,0,0
PLSPLN00,D,20230414,000000,6.501,6.501,6.501,6.501,0,0
PLSPLN00,D,20230417,000000,6.5,6.5,6.5,6.5,0,0
PLSPLN00,D,20230418,000000,6.438,6.438,6.438,6.438,0,0
PLSPLN00,D,20230419,000000,6.513,6.513,6.513,6.513,0,0
PLSPLN00,D,20230420,000000,6.593,6.593,6.593,6.593,0,0
PLSPLN00,D,20230421,000000,6.63,6.63,6.63,6.63,0,0
PLSPLN00,D,20230424,000000,6.468,6.468,6.468,6.468,0,0
PLSPLN00,D,20230425,000000,6.653,6.653,6.653,6.653,0,0
PLSPLN00,D,20230426,000000,6.456,6.456,6.456,6.456,0,0
PLSPLN00,D,20230427,000000,6.417,6.417,6.417,6.417,0,0
PLSPLN00,D,20230428,000000,6.604,6.604,6.604,6.604,0,0
PLSPLN00,D,20230502,000000,6.527,6.527,6.527,6.527,0,0
PLSPLN00,D,20230504,000000,6.668,6.668,6.668,6.668,0,0
PLSPLN00,D,20230505,000000,6.685,6.685,6.685,6.685,0,0
PLSPLN00,D,20230508,000000,6.775,6.775,6.775,6.775,0,0
PLSPLN00,D,20230509,000000,6.786,6.786,6.786,6.786,0,0
PLSPLN00,D,20230510,000000,6.836,6.836,6.836,6.836,0,0
PLSPLN00,D,20230511,000000,6.839,6.839,6.839,6.839,0,0
PLSPLN00,D,20230512,000000,6.707,6.707,6.707,6.707,0,0
PLSPLN00,D,20230515,000000,6.708,6.708,6.708,6.708,0,0
PLSPLN00,D,20230516,000000,6.764,6.764,6.764,6.764,0,0
PLSPLN00,D,20230517,000000,6.713,6.713,6.713,6.713,0,0
PLSPLN00,D,20230518,000000,6.735,6.735,6.735,6.735,0,0
PLSPLN00,D,20230519,000000,6.712,6.712,6.712,6.712,0,0
PLSPLN00,D,20230522,000000,6.677,6.677,6.677,6.677,0,0
PLSPLN00,D,20230523,000000,6.755,6.755,6.755,6.755,0,0
PLSPLN00,D,20230524,000000,6.66,6.66,6.66,6.66,0,0
PLSPLN00,D,20230525,000000,6.455,6.455,6.455,6.455,0,0
PLSPLN00,D,20230526,000000,6.342,6.342,6.342,6.342,0,0
PLSPLN00,D,20230529,000000,6.302,6.302,6.302,6.302,0,0
PLSPLN00,D,20230530,000000,6.708,6.708,6.708,6.708,0,0
PLSPLN00,D,20230531,000000,6.652,6.652,6.652,6.652,0,0
PLSPLN00,D,20230601,000000,6.728,6.728,6.728,6.728,0,0
PLSPLN00,D,20230602,000000,6.696,6.696,6.696,6.696,0,0
PLSPLN00,D,20230605,000000,6.664,6.664,6.664,6.664,0,0
PLSPLN00,D,20230606,000000,6.701,6.701,6.701,6.701,0,0
PLSPLN00,D,20230607,000000,6.728,6.728,6.728,6.728,0,0
PLSPLN00,D,20230609,000000,6.717,6.717,6.717,6.717,0,0
PLSPLN00,D,20230612,000000,6.673,6.673,6.673,6.673,0,0
PLSPLN00,D,20230613,000000,6.644,6.644,6.644,6.644,0,0
PLSPLN00,D,20230614,000000,6.697,6.697,6.697,6.697,0,0
PLSPLN00,D,20230615,000000,6.712,6.712,6.712,6.712,0,0
PLSPLN00,D,20230616,000000,6.611,6.611,6.611,6.611,0,0
PLSPLN00,D,20230619,000000,6.53,6.53,6.53,6.53,0,0
PLSPLN00,D,20230620,000000,6.566,6.566,6.566,6.566,0,0
PLSPLN00,D,20230621,000000,6.568,6.568,6.568,6.568,0,0
PLSPLN00,D,20230622,000000,6.518,6.518,6.518,6.518,0,0
PLSPLN00,D,20230623,000000,6.353,6.353,6.353,6.353,0,0
PLSPLN00,D,20230626,000000,6.354,6.354,6.354,6.354,0,0
PLSPLN00,D,20230627,000000,6.331,6.331,6.331,6.331,0,0
PLSPLN00,D,20230628,000000,6.364,6.364,6.364,6.364,0,0
PLSPLN00,D,20230629,000000,6.826,6.826,6.826,6.826,0,0
PLSPLN00,D,20230630,000000,6.695,6.695,6.695,6.695,0,0
PLSPLN00,D,20230703,000000,6.707,6.707,6.707,6.707,0,0
PLSPLN00,D,20230704,000000,6.621,6.621,6.621,6.621,0,0
PLSPLN00,D,20230705,000000,6.768,6.768,6.768,6.768,0,0
PLSPLN00,D,20230706,000000,6.825,6.825,6.825,6.825,0,0
PLSPLN00,D,20230707,000000,6.852,6.852,6.852,6.852,0,0
PLSPLN00,D,20230710,000000,6.802,6.802,6.802,6.802,0,0
PLSPLN00,D,20230711,000000,6.91,6.91,6.91,6.91,0,0
PLSPLN00,D,20230712,000000,6.911,6.911,6.911,6.911,0,0
PLSPLN00,D,20230713,000000,6.871,6.871,6.871,6.871,0,0
PLSPLN00,D,20230714,000000,6.857,6.857,6.857,6.857,0,0
PLSPLN00,D,20230717,000000,6.899,6.899,6.899,6.899,0,0
PLSPLN00,D,20230718,000000,6.859,6.859,6.859,6.859,0,0
PLSPLN00,D,20230719,000000,6.822,6.822,6.822,6.822,0,0
PLSPLN00,D,20230720,000000,6.867,6.867,6.867,6.867,0,0
PLSPLN00,D,20230721,000000,6.646,6.646,6.646,6.646,0,0
PLSPLN00,D,20230724,000000,6.658,6.658,6.658,6.658,0,0
PLSPLN00,D,20230725,000000,6.828,6.828,6.828,6.828,0,0
PLSPLN00,D,20230726,000000,6.824,6.824,6.824,6.824,0,0
PLSPLN00,D,20230727,000000,6.761,6.761,6.761,6.761,0,0
PLSPLN00,D,20230728,000000,6.874,6.874,6.874,6.874,0,0
PLSPLN00,D,20230731,000000,6.932,6.932,6.932,6.932,0,0
PLSPLN00,D,20230801,000000,6.697,6.697,6.697,6.697,0,0
PLSPLN00,D,20230802,000000,6.725,6.725,6.725,6.725,0,0
PLSPLN00,D,20230803,000000,6.692,6.692,6.692,6.692,0,0
PLSPLN00,D,20230804,000000,6.76,6.76,6.76,6.76,0,0
PLSPLN00,D,20230807,000000,6.808,6.808,6.808,6.808,0,0
PLSPLN00,D,20230808,000000,6.773,6.773,6.773,6.773,0,0
PLSPLN00,D,20230809,000000,6.709,6.709,6.709,6.709,0,0
PLSPLN00,D,20230810,000000,6.81,6.81,6.81,6.81,0,0
PLSPLN00,D,20230811,000000,6.657,6.657,6.657,6.657,0,0
PLSPLN00,D,20230814,000000,6.793,6.793,6.793,6.793,0,0
PLSPLN00,D,20230816,000000,6.691,6.691,6.691,6.691,0,0
PLSPLN00,D,20230817,000000,6.724,6.724,6.724,6.724,0,0
PLSPLN00,D,20230818,000000,6.774,6.774,6.774,6.774,0,0
PLSPLN00,D,20230821,000000,6.984,6.984,6.984,6.984,0,0
PLSPLN00,D,20230822,000000,7.124,7.124,7.124,7.124,0,0
PLSPLN00,D,20230823,000000,6.948,6.948,6.948,6.948,0,0
PLSPLN00,D,20230824,000000,6.806,6.806,6.806,6.806,0,0
PLSPLN00,D,20230825,000000,6.567,6.567,6.567,6.567,0,0
PLSPLN00,D,20230828,000000,6.741,6.741,6.741,6.741,0,0
PLSPLN00,D,20230829,000000,6.652,6.652,6.652,6.652,0,0
PLSPLN00,D,20230830,000000,6.885,6.885,6.885,6.885,0,0
PLSPLN00,D,20230831,000000,6.944,6.944,6.944,6.944,0,0
PLSPLN00,D,20230901,000000,6.742,6.742,6.742,6.742,0,0
PLSPLN00,D,20230904,000000,6.768,6.768,6.768,6.768,0,0
PLSPLN00,D,20230905,000000,6.794,6.794,6.794,6.794,0,0
PLSPLN00,D,20230906,000000,6.808,6.808,6.808,6.808,0,0
PLSPLN00,D,20230907,000000,6.162,6.162,6.162,6.162,0,0
PLSPLN00,D,20230908,000000,5.731,5.731,5.731,5.731,0,0
PLSPLN00,D,20230911,000000,5.939,5.939,5.939,5.939,0,0
PLSPLN00,D,20230912,000000,5.743,5.743,5.743,5.743,0,0
PLSPLN00,D,20230913,000000,5.737,5.737,5.737,5.737,0,0
PLSPLN00,D,20230914,000000,5.654,5.654,5.654,5.654,0,0
PLSPLN00,D,20230915,000000,5.602,5.602,5.602,5.602,0,0
PLSPLN00,D,20230918,000000,5.661,5.661,5.661,5.661,0,0
PLSPLN00,D,20230919,000000,5.771,5.771,5.771,5.771,0,0
PLSPLN00,D,20230920,000000,5.678,5.678,5.678,5.678,0,0
PLSPLN00,D,20230921,000000,5.637,5.637,5.637,5.637,0,0
PLSPLN00,D,20230922,000000,5.59,5.59,5.59,5.59,0,0
PLSPLN00,D,20230925,000000,5.601,5.601,5.601,5.601,0,0
PLSPLN00,D,20230926,000000,5.639,5.639,5.639,5.639,0,0
PLSPLN00,D,20230927,000000,5.511,5.511,5.511,5.511,0,0
PLSPLN00,D,20230928,000000,5.616,5.616,5.616,5.616,0,0
PLSPLN00,D,20230929,000000,5.697,5.697,5.697,5.697,0,0
PLSPLN00,D,20231002,000000,5.747,5.747,5.747,5.747,0,0
PLSPLN00,D,20231003,000000,5.553,5.553,5.553,5.553,0,0
PLSPLN00,D,20231004,000000,5.531,5.531,5.531,5.531,0,0
PLSPLN00,D,20231005,000000,5.46,5.46,5.46,5.46,0,0
PLSPLN00,D,20231006,000000,5.497,5.497,5.497,5.497,0,0
PLSPLN00,D,20231009,000000,5.572,5.572,5.572,5.572,0,0
PLSPLN00,D,20231010,000000,5.839,5.839,5.839,5.839,0,0
PLSPLN00,D,20231011,000000,5.752,5.752,5.752,5.752,0,0
PLSPLN00,D,20231012,000000,5.732,5.732,5.732,5.732,0,0
PLSPLN00,D,20231013,000000,5.772,5.772,5.772,5.772,0,0
PLSPLN00,D,20231016,000000,5.874,5.874,5.874,5.874,0,0
PLSPLN00,D,20231017,000000,5.724,5.724,5.724,5.724,0,0
PLSPLN00,D,20231018,000000,5.517,5.517,5.517,5.517,0,0
PLSPLN00,D,20231019,000000,5.583,5.583,5.583,5.583,0,0
PLSPLN00,D,20231020,000000,5.518,5.518,5.518,5.518,0,0
PLSPLN00,D,20231023,000000,5.583,5.583,5.583,5.583,0,0
PLSPLN00,D,20231024,000000,5.503,5.503,5.503,5.503,0,0
PLSPLN00,D,20231025,000000,5.484,5.484,5.484,5.484,0,0
PLSPLN00,D,20231026,000000,5.36,5.36,5.36,5.36,0,0
PLSPLN00,D,20231027,000000,5.348,5.348,5.348,5.348,0,0
PLSPLN00,D,20231030,000000,5.855,5.855,5.855,5.855,0,0
PLSPLN00,D,20231031,000000,5.181,5.181,5.181,5.181,0,0
PLSPLN00,D,20231102,000000,5.545,5.545,5.545,5.545,0,0
PLSPLN00,D,20231103,000000,5.523,5.523,5.523,5.523,0,0
PLSPLN00,D,20231106,000000,5.583,5.583,5.583,5.583,0,0
PLSPLN00,D,20231107,000000,5.506,5.506,5.506,5.506,0,0
PLSPLN00,D,20231108,000000,5.501,5.501,5.501,5.501,0,0
PLSPLN00,D,20231109,000000,5.555,5.555,5.555,5.555,0,0
PLSPLN00,D,20231110,000000,5.513,5.513,5.513,5.513,0,0
PLSPLN00,D,20231113,000000,5.462,5.462,5.462,5.462,0,0
PLSPLN00,D,20231114,000000,5.543,5.543,5.543,5.543,0,0
PLSPLN00,D,20231115,000000,5.565,5.565,5.565,5.565,0,0
PLSPLN00,D,20231116,000000,5.548,5.548,5.548,5.548,0,0
PLSPLN00,D,20231117,000000,5.567,5.567,5.567,5.567,0,0
PLSPLN00,D,20231120,000000,5.572,5.572,5.572,5.572,0,0
PLSPLN00,D,20231121,000000,5.603,5.603,5.603,5.603,0,0
PLSPLN00,D,20231122,000000,5.542,5.542,5.542,5.542,0,0
PLSPLN00,D,20231123,000000,5.548,5.548,5.548,5.548,0,0
PLSPLN00,D,20231124,000000,5.301,5.301,5.301,5.301,0,0
PLSPLN00,D,20231127,000000,5.451,5.451,5.451,5.451,0,0
PLSPLN00,D,20231128,000000,5.333,5.333,5.333,5.333,0,0
PLSPLN00,D,20231129,000000,5.552,5.552,5.552,5.552,0,0
PLSPLN00,D,20231130,000000,5.548,5.548,5.548,5.548,0,0
PLSPLN00,D,20231201,000000,5.525,5.525,5.525,5.525,0,0
PLSPLN00,D,20231204,000000,5.578,5.578,5.578,5.578,0,0
PLSPLN00,D,20231205,000000,5.509,5.509,5.509,5.509,0,0
PLSPLN00,D,20231206,000000,5.511,5.511,5.511,5.511,0,0
PLSPLN00,D,20231207,000000,5.587,5.587,5.587,5.587,0,0
PLSPLN00,D,20231208,000000,5.559,5.559,5.559,5.559,0,0
PLSPLN00,D,20231211,000000,5.675,5.675,5.675,5.675,0,0
PLSPLN00,D,20231212,000000,5.634,5.634,5.634,5.634,0,0
PLSPLN00,D,20231213,000000,5.664,5.664,5.664,5.664,0,0
PLSPLN00,D,20231214,000000,5.566,5.566,5.566,5.566,0,0
PLSPLN00,D,20231215,000000,5.448,5.448,5.448,5.448,0,0
PLSPLN00,D,20231218,000000,5.402,5.402,5.402,5.402,0,0
PLSPLN00,D,20231219,000000,5.478,5.478,5.478,5.478,0,0
PLSPLN00,D,20231220,000000,5.355,5.355,5.355,5.355,0,0
PLSPLN00,D,20231221,000000,5.329,5.329,5.329,5.329,0,0
PLSPLN00,D,20231222,000000,5.309,5.309,5.309,5.309,0,0
PLSPLN00,D,20231227,000000,5.466,5.466,5.466,5.466,0,0
PLSPLN00,D,20231228,000000,5.27,5.27,5.27,5.27,0,0
PLSPLN00,D,20231229,000000,5.346,5.346,5.346,5.346,0,0
PLSPLN00,D,20240102,000000,5.336,5.336,5.336,5.336,0,0
PLSPLN00,D,20240103,000000,5.341,5.341,5.341,5.341,0,0
PLSPLN00,D,20240104,000000,5.327,5.327,5.327,5.327,0,0
PLSPLN00,D,20240105,000000,5.308,5.308,5.308,5.308,0,0
PLSPLN00,D,20240108,000000,5.305,5.305,5.305,5.305,0,0
PLSPLN00,D,20240109,000000,5.347,5.347,5.347,5.347,0,0
PLSPLN00,D,20240110,000000,5.376,5.376,5.376,5.376,0,0
PLSPLN00,D,20240111,000000,5.391,5.391,5.391,5.391,0,0
PLSPLN00,D,20240112,000000,5.322,5.322,5.322,5.322,0,0
PLSPLN00,D,20240115,000000,5.343,5.343,5.343,5.343,0,0
PLSPLN00,D,20240116,000000,5.296,5.296,5.296,5.296,0,0
PLSPLN00,D,20240117,000000,5.329,5.329,5.329,5.329,0,0
PLSPLN00,D,20240118,000000,5.374,5.374,5.374,5.374,0,0
PLSPLN00,D,20240119,000000,5.338,5.338,5.338,5.338,0,0
PLSPLN00,D,20240122,000000,5.482,5.482,5.482,5.482,0,0
PLSPLN00,D,20240123,000000,5.573,5.573,5.573,5.573,0,0
PLSPLN00,D,20240124,000000,5.659,5.659,5.659,5.659,0,0
PLSPLN00,D,20240125,000000,5.537,5.537,5.537,5.537,0,0
PLSPLN00,D,20240126,000000,5.367,5.367,5.367,5.367,0,0
PLSPLN00,D,20240129,000000,5.371,5.371,5.371,5.371,0,0
PLSPLN00,D,20240130,000000,5.728,5.728,5.728,5.728,0,0
PLSPLN00,D,20240131,000000,5.902,5.902,5.902,5.902,0,0
PLSPLN00,D,20240201,000000,5.629,5.629,5.629,5.629,0,0
PLSPLN00,D,20240202,000000,5.648,5.648,5.648,5.648,0,0
PLSPLN00,D,20240205,000000,5.542,5.542,5.542,5.542,0,0
PLSPLN00,D,20240206,000000,5.495,5.495,5.495,5.495,0,0
PLSPLN00,D,20240207,000000,5.628,5.628,5.628,5.628,0,0
PLSPLN00,D,20240208,000000,5.511,5.511,5.511,5.511,0,0
PLSPLN00,D,20240209,000000,5.521,5.521,5.521,5.521,0,0
PLSPLN00,D,20240212,000000,5.512,5.512,5.512,5.512,0,0
PLSPLN00,D,20240213,000000,5.489,5.489,5.489,5.489,0,0
PLSPLN00,D,20240214,000000,5.458,5.458,5.458,5.458,0,0
PLSPLN00,D,20240215,000000,5.533,5.533,5.533,5.533,0,0
PLSPLN00,D,20240216,000000,5.49,5.49,5.49,5.49,0,0
PLSPLN00,D,20240219,000000,5.457,5.457,5.457,5.457,0,0
PLSPLN00,D,20240220,000000,5.638,5.638,5.638,5.638,0,0
PLSPLN00,D,20240221,000000,5.499,5.499,5.499,5.499,0,0
PLSPLN00,D,20240222,000000,5.419,5.419,5.419,5.419,0,0
PLSPLN00,D,20240223,000000,5.494,5.494,5.494,5.494,0,0
PLSPLN00,D,20240226,000000,5.447,5.447,5.447,5.447,0,0
PLSPLN00,D,20240227,000000,5.464,5.464,5.464,5.464,0,0
PLSPLN00,D,20240228,000000,5.761,5.761,5.761,5.761,0,0
PLSPLN00,D,20240229,000000,5.76,5.76,5.76,5.76,0,0
PLSPLN00,D,20240301,000000,5.545,5.545,5.545,5.545,0,0
PLSPLN00,D,20240304,000000,5.484,5.484,5.484,5.484,0,0
PLSPLN00,D,20240305,000000,5.61,5.61,5.61,5.61,0,0
PLSPLN00,D,20240306,000000,5.565,5.565,5.565,5.565,0,0
PLSPLN00,D,20240307,000000,5.504,5.504,5.504,5.504,0,0
PLSPLN00,D,20240308,000000,5.452,5.452,5.452,5.452,0,0
PLSPLN00,D,20240311,000000,5.517,5.517,5.517,5.517,0,0
PLSPLN00,D,20240312,000000,5.612,5.612,5.612,5.612,0,0
PLSPLN00,D,20240313,000000,5.552,5.552,5.552,5.552,0,0
PLSPLN00,D,20240314,000000,5.587,5.587,5.587,5.587,0,0
PLSPLN00,D,20240315,000000,5.579,5.579,5.579,5.579,0,0
PLSPLN00,D,20240318,000000,5.488,5.488,5.488,5.488,0,0
PLSPLN00,D,20240319,000000,5.436,5.436,5.436,5.436,0,0
PLSPLN00,D,20240320,000000,5.476,5.476,5.476,5.476,0,0
PLSPLN00,D,20240321,000000,5.472,5.472,5.472,5.472,0,0
PLSPLN00,D,20240322,000000,5.35,5.35,5.35,5.35,0,0
PLSPLN00,D,20240325,000000,5.306,5.306,5.306,5.306,0,0
PLSPLN00,D,20240326,000000,5.302,5.302,5.302,5.302,0,0
PLSPLN00,D,20240327,000000,5.303,5.303,5.303,5.303,0,0
PLSPLN00,D,20240328,000000,5.334,5.334,5.334,5.334,0,0
PLSPLN00,D,20240329,000000,5,5,5,5,0,0
PLSPLN00,D,20240402,000000,5.522,5.522,5.522,5.522,0,0
PLSPLN00,D,20240403,000000,5.636,5.636,5.636,5.636,0,0
PLSPLN00,D,20240404,000000,5.606,5.606,5.606,5.606,0,0
PLSPLN00,D,20240405,000000,5.637,5.637,5.637,5.637,0,0
PLSPLN00,D,20240408,000000,5.569,5.569,5.569,5.569,0,0
PLSPLN00,D,20240409,000000,5.611,5.611,5.611,5.611,0,0
PLSPLN00,D,20240410,000000,5.524,5.524,5.524,5.524,0,0
PLSPLN00,D,20240411,000000,5.519,5.519,5.519,5.519,0,0
PLSPLN00,D,20240412,000000,5.558,5.558,5.558,5.558,0,0
PLSPLN00,D,20240415,000000,5.558,5.558,5.558,5.558,0,0
PLSPLN00,D,20240416,000000,5.714,5.714,5.714,5.714,0,0
PLSPLN00,D,20240417,000000,5.789,5.789,5.789,5.789,0,0
PLSPLN00,D,20240418,000000,5.773,5.773,5.773,5.773,0,0
PLSPLN00,D,20240419,000000,5.584,5.584,5.584,5.584,0,0
PLSPLN00,D,20240422,000000,5.494,5.494,5.494,5.494,0,0
PLSPLN00,D,20240423,000000,5.573,5.573,5.573,5.573,0,0
PLSPLN00,D,20240424,000000,5.519,5.519,5.519,5.519,0,0
PLSPLN00,D,20240425,000000,5.581,5.581,5.581,5.581,0,0
PLSPLN00,D,20240426,000000,5.397,5.397,5.397,5.397,0,0
PLSPLN00,D,20240429,000000,5.795,5.795,5.795,5.795,0,0
PLSPLN00,D,20240430,000000,5.755,5.755,5.755,5.755,0,0
PLSPLN00,D,20240502,000000,5.672,5.672,5.672,5.672,0,0
PLSPLN00,D,20240506,000000,5.521,5.521,5.521,5.521,0,0
PLSPLN00,D,20240507,000000,5.641,5.641,5.641,5.641,0,0
PLSPLN00,D,20240508,000000,5.51,5.51,5.51,5.51,0,0
PLSPLN00,D,20240509,000000,5.552,5.552,5.552,5.552,0,0
PLSPLN00,D,20240510,000000,5.571,5.571,5.571,5.571,0,0
PLSPLN00,D,20240513,000000,5.617,5.617,5.617,5.617,0,0
PLSPLN00,D,20240514,000000,5.655,5.655,5.655,5.655,0,0
PLSPLN00,D,20240515,000000,5.797,5.797,5.797,5.797,0,0
PLSPLN00,D,20240516,000000,5.665,5.665,5.665,5.665,0,0
PLSPLN00,D,20240517,000000,5.581,5.581,5.581,5.581,0,0
PLSPLN00,D,20240520,000000,5.576,5.576,5.576,5.576,0,0
PLSPLN00,D,20240521,000000,5.564,5.564,5.564,5.564,0,0
PLSPLN00,D,20240522,000000,5.469,5.469,5.469,5.469,0,0
PLSPLN00,D,20240523,000000,5.418,5.418,5.418,5.418,0,0
PLSPLN00,D,20240524,000000,5.336,5.336,5.336,5.336,0,0
PLSPLN00,D,20240527,000000,5.562,5.562,5.562,5.562,0,0
PLSPLN00,D,20240528,000000,5.514,5.514,5.514,5.514,0,0
PLSPLN00,D,20240529,000000,5.784,5.784,5.784,5.784,0,0
PLSPLN00,D,20240531,000000,5.756,5.756,5.756,5.756,0,0
PLSPLN00,D,20240603,000000,5.398,5.398,5.398,5.398,0,0
PLSPLN00,D,20240604,000000,5.508,5.508,5.508,5.508,0,0
PLSPLN00,D,20240605,000000,5.681,5.681,5.681,5.681,0,0
PLSPLN00,D,20240606,000000,5.635,5.635,5.635,5.635,0,0
PLSPLN00,D,20240607,000000,5.625,5.625,5.625,5.625,0,0
PLSPLN00,D,20240610,000000,5.587,5.587,5.587,5.587,0,0
PLSPLN00,D,20240611,000000,5.671,5.671,5.671,5.671,0,0
PLSPLN00,D,20240612,000000,5.647,5.647,5.647,5.647,0,0
PLSPLN00,D,20240613,000000,5.605,5.605,5.605,5.605,0,0
PLSPLN00,D,20240614,000000,5.507,5.507,5.507,5.507,0,0
PLSPLN00,D,20240617,000000,5.428,5.428,5.428,5.428,0,0
PLSPLN00,D,20240618,000000,5.392,5.392,5.392,5.392,0,0
PLSPLN00,D,20240619,000000,5.461,5.461,5.461,5.461,0,0
PLSPLN00,D,20240620,000000,5.493,5.493,5.493,5.493,0,0
PLSPLN00,D,20240621,000000,5.447,5.447,5.447,5.447,0,0
PLSPLN00,D,20240624,000000,5.46,5.46,5.46,5.46,0,0
PLSPLN00,D,20240625,000000,5.635,5.635,5.635,5.635,0,0
PLSPLN00,D,20240626,000000,5.637,5.637,5.637,5.637,0,0
PLSPLN00,D,20240627,000000,5.498,5.498,5.498,5.498,0,0
PLSPLN00,D,20240628,000000,5.455,5.455,5.455,5.455,0,0
PLSPLN00,D,20240701,000000,5.598,5.598,5.598,5.598,0,0
PLSPLN00,D,20240702,000000,5.568,5.568,5.568,5.568,0,0
PLSPLN00,D,20240703,000000,5.555,5.555,5.555,5.555,0,0
PLSPLN00,D,20240704,000000,5.592,5.592,5.592,5.592,0,0
PLSPLN00,D,20240705,000000,5.655,5.655,5.655,5.655,0,0
PLSPLN00,D,20240708,000000,5.611,5.611,5.611,5.611,0,0
PLSPLN00,D,20240709,000000,5.673,5.673,5.673,5.673,0,0
PLSPLN00,D,20240710,000000,5.582,5.582,5.582,5.582,0,0
PLSPLN00,D,20240711,000000,5.554,5.554,5.554,5.554,0,0
PLSPLN00,D,20240712,000000,5.543,5.543,5.543,5.543,0,0
PLSPLN00,D,20240715,000000,5.655,5.655,5.655,5.655,0,0
PLSPLN00,D,20240716,000000,5.659,5.659,5.659,5.659,0,0
PLSPLN00,D,20240717,000000,5.603,5.603,5.603,5.603,0,0
PLSPLN00,D,20240718,000000,5.637,5.637,5.637,5.637,0,0
PLSPLN00,D,20240719,000000,5.513,5.513,5.513,5.513,0,0
PLSPLN00,D,20240722,000000,5.542,5.542,5.542,5.542,0,0
PLSPLN00,D,20240723,000000,5.615,5.615,5.615,5.615,0,0
PLSPLN00,D,20240724,000000,5.638,5.638,5.638,5.638,0,0
PLSPLN00,D,20240725,000000,5.656,5.656,5.656,5.656,0,0
PLSPLN00,D,20240726,000000,5.411,5.411,5.411,5.411,0,0
PLSPLN00,D,20240729,000000,5.406,5.406,5.406,5.406,0,0
PLSPLN00,D,20240730,000000,5.492,5.492,5.492,5.492,0,0
PLSPLN00,D,20240731,000000,4.79,4.79,4.79,4.79,0,0
PLSPLN00,D,20240801,000000,5.574,5.574,5.574,5.574,0,0
PLSPLN00,D,20240802,000000,5.653,5.653,5.653,5.653,0,0
PLSPLN00,D,20240805,000000,5.66,5.66,5.66,5.66,0,0
PLSPLN00,D,20240806,000000,5.675,5.675,5.675,5.675,0,0
PLSPLN00,D,20240807,000000,5.666,5.666,5.666,5.666,0,0
PLSPLN00,D,20240808,000000,5.689,5.689,5.689,5.689,0,0
PLSPLN00,D,20240809,000000,5.654,5.654,5.654,5.654,0,0
PLSPLN00,D,20240812,000000,5.584,5.584,5.584,5.584,0,0
PLSPLN00,D,20240813,000000,5.555,5.555,5.555,5.555,0,0
PLSPLN00,D,20240814,000000,5.582,5.582,5.582,5.582,0,0
PLSPLN00,D,20240816,000000,5.583,5.583,5.583,5.583,0,0
PLSPLN00,D,20240819,000000,5.532,5.532,5.532,5.532,0,0
PLSPLN00,D,20240820,000000,5.587,5.587,5.587,5.587,0,0
PLSPLN00,D,20240821,000000,5.643,5.643,5.643,5.643,0,0
PLSPLN00,D,20240822,000000,5.605,5.605,5.605,5.605,0,0
PLSPLN00,D,20240823,000000,5.55,5.55,5.55,5.55,0,0
PLSPLN00,D,20240826,000000,5.58,5.58,5.58,5.58,0,0
PLSPLN00,D,20240827,000000,5.72,5.72,5.72,5.72,0,0
PLSPLN00,D,20240828,000000,5.765,5.765,5.765,5.765,0,0
PLSPLN00,D,20240829,000000,5.908,5.908,5.908,5.908,0,0
PLSPLN00,D,20240830,000000,5.223,5.223,5.223,5.223,0,0
PLSPLN00,D,20240902,000000,5.519,5.519,5.519,5.519,0,0
PLSPLN00,D,20240903,000000,5.631,5.631,5.631,5.631,0,0
PLSPLN00,D,20240904,000000,5.563,5.563,5.563,5.563,0,0
PLSPLN00,D,20240905,000000,5.587,5.587,5.587,5.587,0,0
PLSPLN00,D,20240906,000000,5.584,5.584,5.584,5.584,0,0
PLSPLN00,D,20240909,000000,5.667,5.667,5.667,5.667,0,0
PLSPLN00,D,20240910,000000,5.638,5.638,5.638,5.638,0,0
PLSPLN00,D,20240911,000000,5.616,5.616,5.616,5.616,0,0
PLSPLN00,D,20240912,000000,5.663,5.663,5.663,5.663,0,0
PLSPLN00,D,20240913,000000,5.606,5.606,5.606,5.606,0,0
PLSPLN00,D,20240916,000000,5.639,5.639,5.639,5.639,0,0
PLSPLN00,D,20240917,000000,5.557,5.557,5.557,5.557,0,0
PLSPLN00,D,20240918,000000,5.625,5.625,5.625,5.625,0,0
PLSPLN00,D,20240919,000000,5.611,5.611,5.611,5.611,0,0
PLSPLN00,D,20240920,000000,5.347,5.347,5.347,5.347,0,0
PLSPLN00,D,20240923,000000,5.38,5.38,5.38,5.38,0,0
PLSPLN00,D,20240924,000000,5.424,5.424,5.424,5.424,0,0
PLSPLN00,D,20240925,000000,5.38,5.38,5.38,5.38,0,0
PLSPLN00,D,20240926,000000,5.353,5.353,5.353,5.353,0,0
PLSPLN00,D,20240927,000000,5.585,5.585,5.585,5.585,0,0
PLSPLN00,D,20240930,000000,4.937,4.937,4.937,4.937,0,0
PLSPLN00,D,20241001,000000,5.51,5.51,5.51,5.51,0,0
PLSPLN00,D,20241002,000000,5.574,5.574,5.574,5.574,0,0
PLSPLN00,D,20241003,000000,5.484,5.484,5.484,5.484,0,0
PLSPLN00,D,20241004,000000,5.536,5.536,5.536,5.536,0,0
PLSPLN00,D,20241007,000000,5.56,5.56,5.56,5.56,0,0
PLSPLN00,D,20241008,000000,5.596,5.596,5.596,5.596,0,0
PLSPLN00,D,20241009,000000,5.601,5.601,5.601,5.601,0,0
PLSPLN00,D,20241010,000000,5.621,5.621,5.621,5.621,0,0
PLSPLN00,D,20241011,000000,5.505,5.505,5.505,5.505,0,0
PLSPLN00,D,20241014,000000,5.492,5.492,5.492,5.492,0,0
PLSPLN00,D,20241015,000000,5.705,5.705,5.705,5.705,0,0
PLSPLN00,D,20241016,000000,5.716,5.716,5.716,5.716,0,0
PLSPLN00,D,20241017,000000,5.655,5.655,5.655,5.655,0,0
PLSPLN00,D,20241018,000000,5.414,5.414,5.414,5.414,0,0
PLSPLN00,D,20241021,000000,5.423,5.423,5.423,5.423,0,0
PLSPLN00,D,20241022,000000,5.534,5.534,5.534,5.534,0,0
PLSPLN00,D,20241023,000000,5.448,5.448,5.448,5.448,0,0
PLSPLN00,D,20241024,000000,5.616,5.616,5.616,5.616,0,0
PLSPLN00,D,20241025,000000,5.515,5.515,5.515,5.515,0,0
PLSPLN00,D,20241028,000000,5.607,5.607,5.607,5.607,0,0
PLSPLN00,D,20241029,000000,5.564,5.564,5.564,5.564,0,0
PLSPLN00,D,20241030,000000,5.721,5.721,5.721,5.721,0,0
PLSPLN00,D,20241031,000000,4.408,4.408,4.408,4.408,0,0
PLSPLN00,D,20241104,000000,5.729,5.729,5.729,5.729,0,0
PLSPLN00,D,20241105,000000,5.571,5.571,5.571,5.571,0,0
PLSPLN00,D,20241106,000000,5.613,5.613,5.613,5.613,0,0
PLSPLN00,D,20241107,000000,5.602,5.602,5.602,5.602,0,0
PLSPLN00,D,20241108,000000,5.704,5.704,5.704,5.704,0,0
PLSPLN00,D,20241112,000000,5.712,5.712,5.712,5.712,0,0
PLSPLN00,D,20241113,000000,5.733,5.733,5.733,5.733,0,0
PLSPLN00,D,20241114,000000,5.67,5.67,5.67,5.67,0,0
PLSPLN00,D,20241115,000000,5.625,5.625,5.625,5.625,0,0
PLSPLN00,D,20241118,000000,5.567,5.567,5.567,5.567,0,0
PLSPLN00,D,20241119,000000,5.6,5.6,5.6,5.6,0,0
PLSPLN00,D,20241120,000000,5.617,5.617,5.617,5.617,0,0
PLSPLN00,D,20241121,000000,5.577,5.577,5.577,5.577,0,0
PLSPLN00,D,20241122,000000,5.487,5.487,5.487,5.487,0,0
PLSPLN00,D,20241125,000000,5.533,5.533,5.533,5.533,0,0
PLSPLN00,D,20241126,000000,5.583,5.583,5.583,5.583,0,0
PLSPLN00,D,20241127,000000,5.677,5.677,5.677,5.677,0,0
PLSPLN00,D,20241128,000000,5.684,5.684,5.684,5.684,0,0
PLSPLN00,D,20241129,000000,5.519,5.519,5.519,5.519,0,0
PLSPLN00,D,20241202,000000,5.48,5.48,5.48,5.48,0,0
PLSPLN00,D,20241203,000000,5.561,5.561,5.561,5.561,0,0
PLSPLN00,D,20241204,000000,5.624,5.624,5.624,5.624,0,0
PLSPLN00,D,20241205,000000,5.6,5.6,5.6,5.6,0,0
PLSPLN00,D,20241206,000000,5.519,5.519,5.519,5.519,0,0
PLSPLN00,D,20241209,000000,5.57,5.57,5.57,5.57,0,0
PLSPLN00,D,20241210,000000,5.644,5.644,5.644,5.644,0,0
PLSPLN00,D,20241211,000000,5.617,5.617,5.617,5.617,0,0
PLSPLN00,D,20241212,000000,5.568,5.568,5.568,5.568,0,0
PLSPLN00,D,20241213,000000,5.405,5.405,5.405,5.405,0,0
PLSPLN00,D,20241216,000000,5.437,5.437,5.437,5.437,0,0
PLSPLN00,D,20241217,000000,5.519,5.519,5.519,5.519,0,0
PLSPLN00,D,20241218,000000,5.387,5.387,5.387,5.387,0,0
PLSPLN00,D,20241219,000000,5.328,5.328,5.328,5.328,0,0
PLSPLN00,D,20241220,000000,5.311,5.311,5.311,5.311,0,0
PLSPLN00,D,20241223,000000,5.431,5.431,5.431,5.431,0,0
PLSPLN00,D,20241224,000000,5.439,5.439,5.439,5.439,0,0
PLSPLN00,D,20241227,000000,5.223,5.223,5.223,5.223,0,0
PLSPLN00,D,20241230,000000,5.454,5.454,5.454,5.454,0,0
PLSPLN00,D,20241231,000000,4.851,4.851,4.851,4.851,0,0
PLSPLN00,D,20250102,000000,5.398,5.398,5.398,5.398,0,0
PLSPLN00,D,20250103,000000,5.509,5.509,5.509,5.509,0,0
PLSPLN00,D,20250107,000000,5.446,5.446,5.446,5.446,0,0
PLSPLN00,D,20250108,000000,5.544,5.544,5.544,5.544,0,0
PLSPLN00,D,20250109,000000,5.569,5.569,5.569,5.569,0,0
PLSPLN00,D,20250110,000000,5.49,5.49,5.49,5.49,0,0
PLSPLN00,D,20250113,000000,5.555,5.555,5.555,5.555,0,0
PLSPLN00,D,20250114,000000,5.577,5.577,5.577,5.577,0,0
PLSPLN00,D,20250115,000000,5.746,5.746,5.746,5.746,0,0
PLSPLN00,D,20250116,000000,5.675,5.675,5.675,5.675,0,0
PLSPLN00,D,20250117,000000,5.52,5.52,5.52,5.52,0,0
PLSPLN00,D,20250120,000000,5.526,5.526,5.526,5.526,0,0
PLSPLN00,D,20250121,000000,5.551,5.551,5.551,5.551,0,0
PLSPLN00,D,20250122,000000,5.61,5.61,5.61,5.61,0,0
PLSPLN00,D,20250123,000000,5.564,5.564,5.564,5.564,0,0
PLSPLN00,D,20250124,000000,5.503,5.503,5.503,5.503,0,0
PLSPLN00,D,20250127,000000,5.484,5.484,5.484,5.484,0,0
PLSPLN00,D,20250128,000000,5.598,5.598,5.598,5.598,0,0
PLSPLN00,D,20250129,000000,5.685,5.685,5.685,5.685,0,0
PLSPLN00,D,20250130,000000,5.663,5.663,5.663,5.663,0,0
PLSPLN00,D,20250131,000000,4.953,4.953,4.953,4.953,0,0
PLSPLN00,D,20250203,000000,5.366,5.366,5.366,5.366,0,0
PLSPLN00,D,20250204,000000,5.526,5.526,5.526,5.526,0,0
PLSPLN00,D,20250205,000000,5.518,5.518,5.518,5.518,0,0
PLSPLN00,D,20250206,000000,5.592,5.592,5.592,5.592,0,0
PLSPLN00,D,20250207,000000,5.434,5.434,5.434,5.434,0,0
PLSPLN00,D,20250210,000000,5.548,5.548,5.548,5.548,0,0
PLSPLN00,D,20250211,000000,5.538,5.538,5.538,5.538,0,0
PLSPLN00,D,20250212,000000,5.498,5.498,5.498,5.498,0,0
PLSPLN00,D,20250213,000000,5.509,5.509,5.509,5.509,0,0
PLSPLN00,D,20250214,000000,5.472,5.472,5.472,5.472,0,0
PLSPLN00,D,20250217,000000,5.525,5.525,5.525,5.525,0,0
PLSPLN00,D,20250218,000000,5.483,5.483,5.483,5.483,0,0
PLSPLN00,D,20250219,000000,5.427,5.427,5.427,5.427,0,0
PLSPLN00,D,20250220,000000,5.613,5.613,5.613,5.613,0,0
PLSPLN00,D,20250221,000000,5.514,5.514,5.514,5.514,0,0
PLSPLN00,D,20250224,000000,5.455,5.455,5.455,5.455,0,0
PLSPLN00,D,20250225,000000,5.501,5.501,5.501,5.501,0,0
PLSPLN00,D,20250226,000000,5.395,5.395,5.395,5.395,0,0
PLSPLN00,D,20250227,000000,5.448,5.448,5.448,5.448,0,0
PLSPLN00,D,20250228,000000,4.352,4.352,4.352,4.352,0,0
PLSPLN00,D,20250303,000000,5.432,5.432,5.432,5.432,0,0
PLSPLN00,D,20250304,000000,5.445,5.445,5.445,5.445,0,0
PLSPLN00,D,20250305,000000,5.456,5.456,5.456,5.456,0,0
PLSPLN00,D,20250306,000000,5.525,5.525,5.525,5.525,0,0
PLSPLN00,D,20250307,000000,5.439,5.439,5.439,5.439,0,0
PLSPLN00,D,20250310,000000,5.567,5.567,5.567,5.567,0,0
PLSPLN00,D,20250311,000000,5.506,5.506,5.506,5.506,0,0
PLSPLN00,D,20250312,000000,5.537,5.537,5.537,5.537,0,0
PLSPLN00,D,20250313,000000,5.485,5.485,5.485,5.485,0,0
PLSPLN00,D,20250314,000000,5.463,5.463,5.463,5.463,0,0
PLSPLN00,D,20250317,000000,5.562,5.562,5.562,5.562,0,0
PLSPLN00,D,20250318,000000,5.521,5.521,5.521,5.521,0,0
PLSPLN00,D,20250319,000000,5.521,5.521,5.521,5.521,0,0
PLSPLN00,D,20250320,000000,5.532,5.532,5.532,5.532,0,0
PLSPLN00,D,20250321,000000,5.557,5.557,5.557,5.557,0,0
PLSPLN00,D,20250324,000000,5.528,5.528,5.528,5.528,0,0
PLSPLN00,D,20250325,000000,5.522,5.522,5.522,5.522,0,0
PLSPLN00,D,20250326,000000,5.497,5.497,5.497,5.497,0,0
PLSPLN00,D,20250327,000000,5.573,5.573,5.573,5.573,0,0
PLSPLN00,D,20250328,000000,5.546,5.546,5.546,5.546,0,0
PLSPLN00,D,20250331,000000,4.614,4.614,4.614,4.614,0,0
PLSPLN00,D,20250401,000000,5.56,5.56,5.56,5.56,0,0
PLSPLN00,D,20250402,000000,5.566,5.566,5.566,5.566,0,0
PLSPLN00,D,20250403,000000,5.55,5.55,5.55,5.55,0,0
PLSPLN00,D,20250404,000000,5.579,5.579,5.579,5.579,0,0
PLSPLN00,D,20250407,000000,5.511,5.511,5.511,5.511,0,0
PLSPLN00,D,20250408,000000,5.57,5.57,5.57,5.57,0,0
PLSPLN00,D,20250409,000000,5.566,5.566,5.566,5.566,0,0
PLSPLN00,D,20250410,000000,5.635,5.635,5.635,5.635,0,0
PLSPLN00,D,20250411,000000,5.753,5.753,5.753,5.753,0,0
PLSPLN00,D,20250414,000000,5.517,5.517,5.517,5.517,0,0
PLSPLN00,D,20250415,000000,5.568,5.568,5.568,5.568,0,0
PLSPLN00,D,20250416,000000,5.627,5.627,5.627,5.627,0,0
PLSPLN00,D,20250417,000000,5.713,5.713,5.713,5.713,0,0
PLSPLN00,D,20250418,000000,5.643,5.643,5.643,5.643,0,0
PLSPLN00,D,20250422,000000,5.618,5.618,5.618,5.618,0,0
PLSPLN00,D,20250423,000000,5.573,5.573,5.573,5.573,0,0
PLSPLN00,D,20250424,000000,5.515,5.515,5.515,5.515,0,0
PLSPLN00,D,20250425,000000,5.586,5.586,5.586,5.586,0,0
PLSPLN00,D,20250428,000000,5.609,5.609,5.609,5.609,0,0
PLSPLN00,D,20250429,000000,5.54,5.54,5.54,5.54,0,0
PLSPLN00,D,20250430,000000,5.731,5.731,5.731,5.731,0,0
PLSPLN00,D,20250502,000000,5.531,5.531,5.531,5.531,0,0
PLSPLN00,D,20250505,000000,5.599,5.599,5.599,5.599,0,0
PLSPLN00,D,20250506,000000,5.577,5.577,5.577,5.577,0,0
PLSPLN00,D,20250507,000000,5.585,5.585,5.585,5.585,0,0
PLSPLN00,D,20250508,000000,5.482,5.482,5.482,5.482,0,0
PLSPLN00,D,20250509,000000,5.688,5.688,5.688,5.688,0,0
PLSPLN00,D,20250512,000000,5.104,5.104,5.104,5.104,0,0
PLSPLN00,D,20250513,000000,5.078,5.078,5.078,5.078,0,0
PLSPLN00,D,20250514,000000,5.065,5.065,5.065,5.065,0,0
PLSPLN00,D,20250515,000000,5.112,5.112,5.112,5.112,0,0
PLSPLN00,D,20250516,000000,5.094,5.094,5.094,5.094,0,0
PLSPLN00,D,20250519,000000,5.095,5.095,5.095,5.095,0,0
PLSPLN00,D,20250520,000000,5.125,5.125,5.125,5.125,0,0
PLSPLN00,D,20250521,000000,5.091,5.091,5.091,5.091,0,0
PLSPLN00,D,20250522,000000,5.054,5.054,5.054,5.054,0,0
PLSPLN00,D,20250523,000000,5.077,5.077,5.077,5.077,0,0
PLSPLN00,D,20250526,000000,4.987,4.987,4.987,4.987,0,0
PLSPLN00,D,20250527,000000,5.004,5.004,5.004,5.004,0,0
PLSPLN00,D,20250528,000000,5.047,5.047,5.047,5.047,0,0
PLSPLN00,D,20250529,000000,5.084,5.084,5.084,5.084,0,0
PLSPLN00,D,20250530,000000,4.437,4.437,4.437,4.437,0,0
PLSPLN00,D,20250602,000000,5.125,5.125,5.125,5.125,0,0
PLSPLN00,D,20250603,000000,5.145,5.145,5.145,5.145,0,0
PLSPLN00,D,20250604,000000,5.022,5.022,5.022,5.022,0,0
PLSPLN00,D,20250605,000000,5.021,5.021,5.021,5.021,0,0
PLSPLN00,D,20250606,000000,4.987,4.987,4.987,4.987,0,0
PLSPLN00,D,20250609,000000,5.078,5.078,5.078,5.078,0,0
PLSPLN00,D,20250610,000000,5.168,5.168,5.168,5.168,0,0
PLSPLN00,D,20250611,000000,5.161,5.161,5.161,5.161,0,0
PLSPLN00,D,20250612,000000,5.18,5.18,5.18,5.18,0,0
PLSPLN00,D,20250613,000000,5.1,5.1,5.1,5.1,0,0
PLSPLN00,D,20250616,000000,5.067,5.067,5.067,5.067,0,0
PLSPLN00,D,20250617,000000,5.057,5.057,5.057,5.057,0,0
PLSPLN00,D,20250618,000000,5.009,5.009,5.009,5.009,0,0
PLSPLN00,D,20250620,000000,5.1,5.1,5.1,5.1,0,0
PLSPLN00,D,20250623,000000,5.067,5.067,5.067,5.067,0,0
PLSPLN00,D,20250624,000000,5.029,5.029,5.029,5.029,0,0
PLSPLN00,D,20250625,000000,5.055,5.055,5.055,5.055,0,0
PLSPLN00,D,20250626,000000,5.031,5.031,5.031,5.031,0,0
PLSPLN00,D,20250627,000000,5.059,5.059,5.059,5.059,0,0
PLSPLN00,D,20250630,000000,5.044,5.044,5.044,5.044,0,0
PLSPLN00,D,20250701,000000,4.983,4.983,4.983,4.983,0,0
PLSPLN00,D,20250702,000000,5.03,5.03,5.03,5.03,0,0
PLSPLN00,D,20250703,000000,4.969,4.969,4.969,4.969,0,0
PLSPLN00,D,20250704,000000,4.905,4.905,4.905,4.905,0,0
PLSPLN00,D,20250707,000000,5.008,5.008,5.008,5.008,0,0
PLSPLN00,D,20250708,000000,4.999,4.999,4.999,4.999,0,0
PLSPLN00,D,20250709,000000,5.049,5.049,5.049,5.049,0,0
PLSPLN00,D,20250710,000000,4.982,4.982,4.982,4.982,0,0
PLSPLN00,D,20250711,000000,5.067,5.067,5.067,5.067,0,0
PLSPLN00,D,20250714,000000,4.915,4.915,4.915,4.915,0,0
PLSPLN00,D,20250715,000000,4.957,4.957,4.957,4.957,0,0
PLSPLN00,D,20250716,000000,4.923,4.923,4.923,4.923,0,0
PLSPLN00,D,20250717,000000,4.915,4.915,4.915,4.915,0,0
PLSPLN00,D,20250718,000000,4.849,4.849,4.849,4.849,0,0
PLSPLN00,D,20250721,000000,4.893,4.893,4.893,4.893,0,0
PLSPLN00,D,20250722,000000,4.89,4.89,4.89,4.89,0,0
PLSPLN00,D,20250723,000000,4.876,4.876,4.876,4.876,0,0
PLSPLN00,D,20250724,000000,4.841,4.841,4.841,4.841,0,0
PLSPLN00,D,20250725,000000,4.931,4.931,4.931,4.931,0,0
PLSPLN00,D,20250728,000000,4.796,4.796,4.796,4.796,0,0
PLSPLN00,D,20250729,000000,4.611,4.611,4.611,4.611,0,0
PLSPLN00,D,20250730,000000,4.59,4.59,4.59,4.59,0,0
PLSPLN00,D,20250731,000000,4.268,4.268,4.268,4.268,0,0
PLSPLN00,D,20250801,000000,4.899,4.899,4.899,4.899,0,0
PLSPLN00,D,20250804,000000,4.859,4.859,4.859,4.859,0,0
PLSPLN00,D,20250805,000000,4.733,4.733,4.733,4.733,0,0
PLSPLN00,D,20250806,000000,4.657,4.657,4.657,4.657,0,0
PLSPLN00,D,20250807,000000,4.648,4.648,4.648,4.648,0,0
PLSPLN00,D,20250808,000000,4.983,4.983,4.983,4.983,0,0
PLSPLN00,D,20250811,000000,4.918,4.918,4.918,4.918,0,0
PLSPLN00,D,20250812,000000,4.894,4.894,4.894,4.894,0,0
PLSPLN00,D,20250813,000000,4.873,4.873,4.873,4.873,0,0
PLSPLN00,D,20250814,000000,4.961,4.961,4.961,4.961,0,0
PLSPLN00,D,20250818,000000,5.024,5.024,5.024,5.024,0,0
PLSPLN00,D,20250819,000000,4.925,4.925,4.925,4.925,0,0
PLSPLN00,D,20250820,000000,4.964,4.964,4.964,4.964,0,0
PLSPLN00,D,20250821,000000,5.001,5.001,5.001,5.001,0,0
PLSPLN00,D,20250822,000000,4.968,4.968,4.968,4.968,0,0
PLSPLN00,D,20250825,000000,4.928,4.928,4.928,4.928,0,0
PLSPLN00,D,20250826,000000,4.896,4.896,4.896,4.896,0,0
PLSPLN00,D,20250827,000000,4.892,4.892,4.892,4.892,0,0
PLSPLN00,D,20250828,000000,4.788,4.788,4.788,4.788,0,0
PLSPLN00,D,20250829,000000,3.775,3.775,3.775,3.775,0,0
PLSPLN00,D,20250901,000000,4.762,4.762,4.762,4.762,0,0
PLSPLN00,D,20250902,000000,4.637,4.637,4.637,4.637,0,0
PLSPLN00,D,20250903,000000,4.55,4.55,4.55,4.55,0,0
PLSPLN00,D,20250904,000000,4.375,4.375,4.375,4.375,0,0
PLSPLN00,D,20250905,000000,4.485,4.485,4.485,4.485,0,0
PLSPLN00,D,20250908,000000,4.609,4.609,4.609,4.609,0,0
PLSPLN00,D,20250909,000000,4.719,4.719,4.719,4.719,0,0
PLSPLN00,D,20250910,000000,4.687,4.687,4.687,4.687,0,0
PLSPLN00,D,20250911,000000,4.612,4.612,4.612,4.612,0,0
PLSPLN00,D,20250912,000000,4.628,4.628,4.628,4.628,0,0
PLSPLN00,D,20250915,000000,4.72,4.72,4.72,4.72,0,0
PLSPLN00,D,20250916,000000,4.618,4.618,4.618,4.618,0,0
PLSPLN00,D,20250917,000000,4.6,4.6,4.6,4.6,0,0
PLSPLN00,D,20250918,000000,4.601,4.601,4.601,4.601,0,0
PLSPLN00,D,20250919,000000,4.553,4.553,4.553,4.553,0,0
PLSPLN00,D,20250922,000000,4.611,4.611,4.611,4.611,0,0
PLSPLN00,D,20250923,000000,4.556,4.556,4.556,4.556,0,0
PLSPLN00,D,20250924,000000,4.605,4.605,4.605,4.605,0,0
PLSPLN00,D,20250925,000000,4.566,4.566,4.566,4.566,0,0
PLSPLN00,D,20250926,000000,4.555,4.555,4.555,4.555,0,0
PLSPLN00,D,20250929,000000,4.544,4.544,4.544,4.544,0,0
PLSPLN00,D,20250930,000000,4.107,4.107,4.107,4.107,0,0
PLSPLN00,D,20251001,000000,4.556,4.556,4.556,4.556,0,0
PLSPLN00,D,20251002,000000,4.515,4.515,4.515,4.515,0,0
PLSPLN00,D,20251003,000000,4.612,4.612,4.612,4.612,0,0
PLSPLN00,D,20251006,000000,4.52,4.52,4.52,4.52,0,0
PLSPLN00,D,20251007,000000,4.557,4.557,4.557,4.557,0,0
PLSPLN00,D,20251008,000000,4.419,4.419,4.419,4.419,0,0
PLSPLN00,D,20251009,000000,4.295,4.295,4.295,4.295,0,0
PLSPLN00,D,20251010,000000,4.405,4.405,4.405,4.405,0,0
PLSPLN00,D,20251013,000000,4.416,4.416,4.416,4.416,0,0
PLSPLN00,D,20251014,000000,4.436,4.436,4.436,4.436,0,0
PLSPLN00,D,20251015,000000,4.407,4.407,4.407,4.407,0,0
PLSPLN00,D,20251016,000000,4.439,4.439,4.439,4.439,0,0
PLSPLN00,D,20251017,000000,4.378,4.378,4.378,4.378,0,0
PLSPLN00,D,20251020,000000,4.394,4.394,4.394,4.394,0,0
PLSPLN00,D,20251021,000000,4.389,4.389,4.389,4.389,0,0
PLSPLN00,D,20251022,000000,4.341,4.341,4.341,4.341,0,0
PLSPLN00,D,20251023,000000,4.218,4.218,4.218,4.218,0,0
PLSPLN00,D,20251024,000000,4.237,4.237,4.237,4.237,0,0
PLSPLN00,D,20251027,000000,4.368,4.368,4.368,4.368,0,0
PLSPLN00,D,20251028,000000,4.375,4.375,4.375,4.375,0,0
PLSPLN00,D,20251029,000000,4.26,4.26,4.26,4.26,0,0
PLSPLN00,D,20251030,000000,4.23,4.23,4.23,4.23,0,0
PLSPLN00,D,20251031,000000,3.228,3.228,3.228,3.228,0,0
PLSPLN00,D,20251103,000000,4.338,4.338,4.338,4.338,0,0
PLSPLN00,D,20251104,000000,4.29,4.29,4.29,4.29,0,0
PLSPLN00,D,20251105,000000,4.298,4.298,4.298,4.298,0,0
PLSPLN00,D,20251106,000000,4.276,4.276,4.276,4.276,0,0
PLSPLN00,D,20251107,000000,4.323,4.323,4.323,4.323,0,0
PLSPLN00,D,20251110,000000,4.195,4.195,4.195,4.195,0,0
PLSPLN00,D,20251112,000000,4.201,4.201,4.201,4.201,0,0
PLSPLN00,D,20251113,000000,4.206,4.206,4.206,4.206,0,0
PLSPLN00,D,20251114,000000,4.233,4.233,4.233,4.233,0,0
PLSPLN00,D,20251117,000000,4.163,4.163,4.163,4.163,0,0
PLSPLN00,D,20251118,000000,4.159,4.159,4.159,4.159,0,0
PLSPLN00,D,20251119,000000,4.128,4.128,4.128,4.128,0,0
PLSPLN00,D,20251120,000000,4.135,4.135,4.135,4.135,0,0
PLSPLN00,D,20251121,000000,3.943,3.943,3.943,3.943,0,0
PLSPLN00,D,20251124,000000,4.103,4.103,4.103,4.103,0,0
PLSPLN00,D,20251125,000000,4.109,4.109,4.109,4.109,0,0
PLSPLN00,D,20251126,000000,4.115,4.115,4.115,4.115,0,0
PLSPLN00,D,20251127,000000,4.071,4.071,4.071,4.071,0,0
PLSPLN00,D,20251128,000000,3.289,3.289,3.289,3.289,0,0
PLSPLN00,D,20251201,000000,4.137,4.137,4.137,4.137,0,0
PLSPLN00,D,20251202,000000,4.022,4.022,4.022,4.022,0,0
PLSPLN00,D,20251203,000000,3.931,3.931,3.931,3.931,0,0
PLSPLN00,D,20251204,000000,3.717,3.717,3.717,3.717,0,0
PLSPLN00,D,20251205,000000,3.956,3.956,3.956,3.956,0,0
PLSPLN00,D,20251208,000000,3.857,3.857,3.857,3.857,0,0
PLSPLN00,D,20251209,000000,3.874,3.874,3.874,3.874,0,0
PLSPLN00,D,20251210,000000,3.839,3.839,3.839,3.839,0,0
PLSPLN00,D,20251211,000000,3.825,3.825,3.825,3.825,0,0
PLSPLN00,D,20251212,000000,3.858,3.858,3.858,3.858,0,0
PLSPLN00,D,20251215,000000,3.827,3.827,3.827,3.827,0,0
PLSPLN00,D,20251216,000000,3.778,3.778,3.778,3.778,0,0
PLSPLN00,D,20251217,000000,3.718,3.718,3.718,3.718,0,0
PLSPLN00,D,20251218,000000,3.675,3.675,3.675,3.675,0,0
PLSPLN00,D,20251219,000000,3.572,3.572,3.572,3.572,0,0
PLSPLN00,D,20251222,000000,3.607,3.607,3.607,3.607,0,0
PLSPLN00,D,20251223,000000,3.563,3.563,3.563,3.563,0,0
PLSPLN00,D,20251229,000000,3.534,3.534,3.534,3.534,0,0
PLSPLN00,D,20251230,000000,3.528,3.528,3.528,3.528,0,0
PLSPLN00,D,20251231,000000,2.619,2.619,2.619,2.619,0,0
PLSPLN00,D,20260102,000000,3.634,3.634,3.634,3.634,0,0
PLSPLN00,D,20260105,000000,3.597,3.597,3.597,3.597,0,0
PLSPLN00,D,20260107,000000,3.618,3.618,3.618,3.618,0,0
PLSPLN00,D,20260108,000000,3.596,3.596,3.596,3.596,0,0
PLSPLN00,D,20260109,000000,3.948,3.948,3.948,3.948,0,0
PLSPLN00,D,20260112,000000,3.847,3.847,3.847,3.847,0,0
PLSPLN00,D,20260113,000000,3.85,3.85,3.85,3.85,0,0
PLSPLN00,D,20260114,000000,3.875,3.875,3.875,3.875,0,0
PLSPLN00,D,20260115,000000,3.881,3.881,3.881,3.881,0,0
PLSPLN00,D,20260116,000000,3.869,3.869,3.869,3.869,0,0
PLSPLN00,D,20260119,000000,3.764,3.764,3.764,3.764,0,0
PLSPLN00,D,20260120,000000,3.794,3.794,3.794,3.794,0,0
PLSPLN00,D,20260121,000000,3.84,3.84,3.84,3.84,0,0
PLSPLN00,D,20260122,000000,3.868,3.868,3.868,3.868,0,0
PLSPLN00,D,20260123,000000,3.862,3.862,3.862,3.862,0,0
PLSPLN00,D,20260126,000000,3.8,3.8,3.8,3.8,0,0
PLSPLN00,D,20260127,000000,3.749,3.749,3.749,3.749,0,0
PLSPLN00,D,20260128,000000,3.784,3.784,3.784,3.784,0,0
PLSPLN00,D,20260129,000000,3.766,3.766,3.766,3.766,0,0
PLSPLN00,D,20260130,000000,3.149,3.149,3.149,3.149,0,0
PLSPLN00,D,20260202,000000,3.617,3.617,3.617,3.617,0,0
PLSPLN00,D,20260203,000000,3.809,3.809,3.809,3.809,0,0
PLSPLN00,D,20260204,000000,3.778,3.778,3.778,3.778,0,0
PLSPLN00,D,20260205,000000,3.757,3.757,3.757,3.757,0,0
PLSPLN00,D,20260206,000000,3.707,3.707,3.707,3.707,0,0
PLSPLN00,D,20260209,000000,3.835,3.835,3.835,3.835,0,0
