<TICKER>,<PER>,<DATE>,<TIME>,<OPEN>,<HIGH>,<LOW>,<CLOSE>,<VOL>,<OPENINT>
PLSPLN6M,D,20210701,000000,0.00853,0.00853,0.00853,0.00853,0,0
PLSPLN6M,D,20210702,000000,0.00855,0.00855,0.00855,0.00855,0,0
PLSPLN6M,D,20210705,000000,0.00885,0.00885,0.00885,0.00885,0,0
PLSPLN6M,D,20210706,000000,0.00887,0.00887,0.00887,0.00887,0,0
PLSPLN6M,D,20210707,000000,0.00937,0.00937,0.00937,0.00937,0,0
PLSPLN6M,D,20210708,000000,0.00957,0.00957,0.00957,0.00957,0,0
PLSPLN6M,D,20210709,000000,0.00958,0.00958,0.00958,0.00958,0,0
PLSPLN6M,D,20210712,000000,0.01009,0.01009,0.01009,0.01009,0,0
PLSPLN6M,D,20210713,000000,0.01019,0.01019,0.01019,0.01019,0,0
PLSPLN6M,D,20210714,000000,0.01031,0.01031,0.01031,0.01031,0,0
PLSPLN6M,D,20210715,000000,0.01035,0.01035,0.01035,0.01035,0,0
PLSPLN6M,D,20210716,000000,0.01038,0.01038,0.01038,0.01038,0,0
PLSPLN6M,D,20210719,000000,0.01059,0.01059,0.01059,0.01059,0,0
PLSPLN6M,D,20210720,000000,0.01082,0.01082,0.01082,0.01082,0,0
PLSPLN6M,D,20210721,000000,0.01082,0.01082,0.01082,0.01082,0,0
PLSPLN6M,D,20210722,000000,0.01083,0.01083,0.01083,0.01083,0,0
PLSPLN6M,D,20210723,000000,0.01085,0.01085,0.01085,0.01085,0,0
PLSPLN6M,D,20210726,000000,0.0109,0.0109,0.0109,0.0109,0,0
PLSPLN6M,D,20210727,000000,0.01092,0.01092,0.01092,0.01092,0,0
PLSPLN6M,D,20210728,000000,0.01092,0.01092,0.01092,0.01092,0,0
PLSPLN6M,D,20210729,000000,0.01091,0.01091,0.01091,0.01091,0,0
PLSPLN6M,D,20210730,000000,0.01095,0.01095,0.01095,0.01095,0,0
PLSPLN6M,D,20210802,000000,0.01135,0.01135,0.01135,0.01135,0,0
PLSPLN6M,D,20210803,000000,0.01131,0.01131,0.01131,0.01131,0,0
PLSPLN6M,D,20210804,000000,0.01129,0.01129,0.01129,0.01129,0,0
PLSPLN6M,D,20210805,000000,0.01129,0.01129,0.01129,0.01129,0,0
PLSPLN6M,D,20210806,000000,0.01126,0.01126,0.01126,0.01126,0,0
PLSPLN6M,D,20210809,000000,0.01114,0.01114,0.01114,0.01114,0,0
PLSPLN6M,D,20210810,000000,0.01112,0.01112,0.01112,0.01112,0,0
PLSPLN6M,D,20210811,000000,0.01113,0.01113,0.01113,0.01113,0,0
PLSPLN6M,D,20210812,000000,0.01114,0.01114,0.01114,0.01114,0,0
PLSPLN6M,D,20210813,000000,0.01114,0.01114,0.01114,0.01114,0,0
PLSPLN6M,D,20210816,000000,0.01122,0.01122,0.01122,0.01122,0,0
PLSPLN6M,D,20210817,000000,0.01127,0.01127,0.01127,0.01127,0,0
PLSPLN6M,D,20210818,000000,0.0113,0.0113,0.0113,0.0113,0,0
PLSPLN6M,D,20210819,000000,0.01131,0.01131,0.01131,0.01131,0,0
PLSPLN6M,D,20210820,000000,0.01132,0.01132,0.01132,0.01132,0,0
PLSPLN6M,D,20210823,000000,0.01139,0.01139,0.01139,0.01139,0,0
PLSPLN6M,D,20210824,000000,0.01143,0.01143,0.01143,0.01143,0,0
PLSPLN6M,D,20210825,000000,0.01152,0.01152,0.01152,0.01152,0,0
PLSPLN6M,D,20210826,000000,0.01157,0.01157,0.01157,0.01157,0,0
PLSPLN6M,D,20210827,000000,0.01161,0.01161,0.01161,0.01161,0,0
PLSPLN6M,D,20210830,000000,0.01167,0.01167,0.01167,0.01167,0,0
PLSPLN6M,D,20210831,000000,0.01169,0.01169,0.01169,0.01169,0,0
PLSPLN6M,D,20210901,000000,0.01191,0.01191,0.01191,0.01191,0,0
PLSPLN6M,D,20210902,000000,0.01195,0.01195,0.01195,0.01195,0,0
PLSPLN6M,D,20210903,000000,0.01199,0.01199,0.01199,0.01199,0,0
PLSPLN6M,D,20210906,000000,0.01197,0.01197,0.01197,0.01197,0,0
PLSPLN6M,D,20210907,000000,0.01195,0.01195,0.01195,0.01195,0,0
PLSPLN6M,D,20210908,000000,0.01192,0.01192,0.01192,0.01192,0,0
PLSPLN6M,D,20210909,000000,0.0119,0.0119,0.0119,0.0119,0,0
PLSPLN6M,D,20210910,000000,0.0119,0.0119,0.0119,0.0119,0,0
PLSPLN6M,D,20210913,000000,0.01189,0.01189,0.01189,0.01189,0,0
PLSPLN6M,D,20210914,000000,0.01188,0.01188,0.01188,0.01188,0,0
PLSPLN6M,D,20210915,000000,0.01184,0.01184,0.01184,0.01184,0,0
PLSPLN6M,D,20210916,000000,0.01184,0.01184,0.01184,0.01184,0,0
PLSPLN6M,D,20210917,000000,0.01184,0.01184,0.01184,0.01184,0,0
PLSPLN6M,D,20210920,000000,0.01183,0.01183,0.01183,0.01183,0,0
PLSPLN6M,D,20210921,000000,0.01187,0.01187,0.01187,0.01187,0,0
PLSPLN6M,D,20210922,000000,0.01184,0.01184,0.01184,0.01184,0,0
PLSPLN6M,D,20210923,000000,0.01182,0.01182,0.01182,0.01182,0,0
PLSPLN6M,D,20210924,000000,0.01184,0.01184,0.01184,0.01184,0,0
PLSPLN6M,D,20210927,000000,0.01169,0.01169,0.01169,0.01169,0,0
PLSPLN6M,D,20210928,000000,0.0117,0.0117,0.0117,0.0117,0,0
PLSPLN6M,D,20210929,000000,0.01175,0.01175,0.01175,0.01175,0,0
PLSPLN6M,D,20210930,000000,0.01179,0.01179,0.01179,0.01179,0,0
PLSPLN6M,D,20211001,000000,0.01185,0.01185,0.01185,0.01185,0,0
PLSPLN6M,D,20211004,000000,0.01201,0.01201,0.01201,0.01201,0,0
PLSPLN6M,D,20211005,000000,0.01203,0.01203,0.01203,0.01203,0,0
PLSPLN6M,D,20211006,000000,0.01198,0.01198,0.01198,0.01198,0,0
PLSPLN6M,D,20211007,000000,0.01196,0.01196,0.01196,0.01196,0,0
PLSPLN6M,D,20211008,000000,0.01222,0.01222,0.01222,0.01222,0,0
PLSPLN6M,D,20211011,000000,0.01376,0.01376,0.01376,0.01376,0,0
PLSPLN6M,D,20211012,000000,0.01412,0.01412,0.01412,0.01412,0,0
PLSPLN6M,D,20211013,000000,0.01465,0.01465,0.01465,0.01465,0,0
PLSPLN6M,D,20211014,000000,0.01499,0.01499,0.01499,0.01499,0,0
PLSPLN6M,D,20211015,000000,0.01536,0.01536,0.01536,0.01536,0,0
PLSPLN6M,D,20211018,000000,0.01794,0.01794,0.01794,0.01794,0,0
PLSPLN6M,D,20211019,000000,0.01885,0.01885,0.01885,0.01885,0,0
PLSPLN6M,D,20211020,000000,0.01961,0.01961,0.01961,0.01961,0,0
PLSPLN6M,D,20211021,000000,0.02036,0.02036,0.02036,0.02036,0,0
PLSPLN6M,D,20211022,000000,0.02113,0.02113,0.02113,0.02113,0,0
PLSPLN6M,D,20211025,000000,0.02264,0.02264,0.02264,0.02264,0,0
PLSPLN6M,D,20211026,000000,0.02328,0.02328,0.02328,0.02328,0,0
PLSPLN6M,D,20211027,000000,0.02376,0.02376,0.02376,0.02376,0,0
PLSPLN6M,D,20211028,000000,0.02423,0.02423,0.02423,0.02423,0,0
PLSPLN6M,D,20211029,000000,0.02471,0.02471,0.02471,0.02471,0,0
PLSPLN6M,D,20211102,000000,0.027,0.027,0.027,0.027,0,0
PLSPLN6M,D,20211103,000000,0.02754,0.02754,0.02754,0.02754,0,0
PLSPLN6M,D,20211104,000000,0.02822,0.02822,0.02822,0.02822,0,0
PLSPLN6M,D,20211105,000000,0.03261,0.03261,0.03261,0.03261,0,0
PLSPLN6M,D,20211108,000000,0.04573,0.04573,0.04573,0.04573,0,0
PLSPLN6M,D,20211109,000000,0.05025,0.05025,0.05025,0.05025,0,0
PLSPLN6M,D,20211110,000000,0.05491,0.05491,0.05491,0.05491,0,0
PLSPLN6M,D,20211112,000000,0.06341,0.06341,0.06341,0.06341,0,0
PLSPLN6M,D,20211115,000000,0.07608,0.07608,0.07608,0.07608,0,0
PLSPLN6M,D,20211116,000000,0.08023,0.08023,0.08023,0.08023,0,0
PLSPLN6M,D,20211117,000000,0.08549,0.08549,0.08549,0.08549,0,0
PLSPLN6M,D,20211118,000000,0.0898,0.0898,0.0898,0.0898,0,0
PLSPLN6M,D,20211119,000000,0.09429,0.09429,0.09429,0.09429,0,0
PLSPLN6M,D,20211122,000000,0.10723,0.10723,0.10723,0.10723,0,0
PLSPLN6M,D,20211123,000000,0.11126,0.11126,0.11126,0.11126,0,0
PLSPLN6M,D,20211124,000000,0.11702,0.11702,0.11702,0.11702,0,0
PLSPLN6M,D,20211125,000000,0.12177,0.12177,0.12177,0.12177,0,0
PLSPLN6M,D,20211126,000000,0.12635,0.12635,0.12635,0.12635,0,0
PLSPLN6M,D,20211129,000000,0.1396,0.1396,0.1396,0.1396,0,0
PLSPLN6M,D,20211130,000000,0.14297,0.14297,0.14297,0.14297,0,0
PLSPLN6M,D,20211201,000000,0.15076,0.15076,0.15076,0.15076,0,0
PLSPLN6M,D,20211202,000000,0.15791,0.15791,0.15791,0.15791,0,0
PLSPLN6M,D,20211203,000000,0.16374,0.16374,0.16374,0.16374,0,0
PLSPLN6M,D,20211206,000000,0.17994,0.17994,0.17994,0.17994,0,0
PLSPLN6M,D,20211207,000000,0.18621,0.18621,0.18621,0.18621,0,0
PLSPLN6M,D,20211208,000000,0.19058,0.19058,0.19058,0.19058,0,0
PLSPLN6M,D,20211209,000000,0.19481,0.19481,0.19481,0.19481,0,0
PLSPLN6M,D,20211210,000000,0.20167,0.20167,0.20167,0.20167,0,0
PLSPLN6M,D,20211213,000000,0.22092,0.22092,0.22092,0.22092,0,0
PLSPLN6M,D,20211214,000000,0.23013,0.23013,0.23013,0.23013,0,0
PLSPLN6M,D,20211215,000000,0.23698,0.23698,0.23698,0.23698,0,0
PLSPLN6M,D,20211216,000000,0.24379,0.24379,0.24379,0.24379,0,0
PLSPLN6M,D,20211217,000000,0.25065,0.25065,0.25065,0.25065,0,0
PLSPLN6M,D,20211220,000000,0.26876,0.26876,0.26876,0.26876,0,0
PLSPLN6M,D,20211221,000000,0.27848,0.27848,0.27848,0.27848,0,0
PLSPLN6M,D,20211222,000000,0.28556,0.28556,0.28556,0.28556,0,0
PLSPLN6M,D,20211223,000000,0.29257,0.29257,0.29257,0.29257,0,0
PLSPLN6M,D,20211224,000000,0.29966,0.29966,0.29966,0.29966,0,0
PLSPLN6M,D,20211227,000000,0.31764,0.31764,0.31764,0.31764,0,0
PLSPLN6M,D,20211228,000000,0.32787,0.32787,0.32787,0.32787,0,0
PLSPLN6M,D,20211229,000000,0.33487,0.33487,0.33487,0.33487,0,0
PLSPLN6M,D,20211230,000000,0.34204,0.34204,0.34204,0.34204,0,0
PLSPLN6M,D,20211231,000000,0.34749,0.34749,0.34749,0.34749,0,0
PLSPLN6M,D,20220103,000000,0.36155,0.36155,0.36155,0.36155,0,0
PLSPLN6M,D,20220104,000000,0.36667,0.36667,0.36667,0.36667,0,0
PLSPLN6M,D,20220105,000000,0.37674,0.37674,0.37674,0.37674,0,0
PLSPLN6M,D,20220107,000000,0.39637,0.39637,0.39637,0.39637,0,0
PLSPLN6M,D,20220110,000000,0.42414,0.42414,0.42414,0.42414,0,0
PLSPLN6M,D,20220111,000000,0.43154,0.43154,0.43154,0.43154,0,0
PLSPLN6M,D,20220112,000000,0.44537,0.44537,0.44537,0.44537,0,0
PLSPLN6M,D,20220113,000000,0.45444,0.45444,0.45444,0.45444,0,0
PLSPLN6M,D,20220114,000000,0.46378,0.46378,0.46378,0.46378,0,0
PLSPLN6M,D,20220117,000000,0.48958,0.48958,0.48958,0.48958,0,0
PLSPLN6M,D,20220118,000000,0.49614,0.49614,0.49614,0.49614,0,0
PLSPLN6M,D,20220119,000000,0.51092,0.51092,0.51092,0.51092,0,0
PLSPLN6M,D,20220120,000000,0.52063,0.52063,0.52063,0.52063,0,0
PLSPLN6M,D,20220121,000000,0.53006,0.53006,0.53006,0.53006,0,0
PLSPLN6M,D,20220124,000000,0.55607,0.55607,0.55607,0.55607,0,0
PLSPLN6M,D,20220125,000000,0.56253,0.56253,0.56253,0.56253,0,0
PLSPLN6M,D,20220126,000000,0.57846,0.57846,0.57846,0.57846,0,0
PLSPLN6M,D,20220127,000000,0.58911,0.58911,0.58911,0.58911,0,0
PLSPLN6M,D,20220128,000000,0.59947,0.59947,0.59947,0.59947,0,0
PLSPLN6M,D,20220131,000000,0.62336,0.62336,0.62336,0.62336,0,0
PLSPLN6M,D,20220201,000000,0.63987,0.63987,0.63987,0.63987,0,0
PLSPLN6M,D,20220202,000000,0.64622,0.64622,0.64622,0.64622,0,0
PLSPLN6M,D,20220203,000000,0.65705,0.65705,0.65705,0.65705,0,0
PLSPLN6M,D,20220204,000000,0.66818,0.66818,0.66818,0.66818,0,0
PLSPLN6M,D,20220207,000000,0.69568,0.69568,0.69568,0.69568,0,0
PLSPLN6M,D,20220208,000000,0.70154,0.70154,0.70154,0.70154,0,0
PLSPLN6M,D,20220209,000000,0.71853,0.71853,0.71853,0.71853,0,0
PLSPLN6M,D,20220210,000000,0.72982,0.72982,0.72982,0.72982,0,0
PLSPLN6M,D,20220211,000000,0.7416,0.7416,0.7416,0.7416,0,0
PLSPLN6M,D,20220214,000000,0.77341,0.77341,0.77341,0.77341,0,0
PLSPLN6M,D,20220215,000000,0.78051,0.78051,0.78051,0.78051,0,0
PLSPLN6M,D,20220216,000000,0.8005,0.8005,0.8005,0.8005,0,0
PLSPLN6M,D,20220217,000000,0.81277,0.81277,0.81277,0.81277,0,0
PLSPLN6M,D,20220218,000000,0.82551,0.82551,0.82551,0.82551,0,0
PLSPLN6M,D,20220221,000000,0.85638,0.85638,0.85638,0.85638,0,0
PLSPLN6M,D,20220222,000000,0.8641,0.8641,0.8641,0.8641,0,0
PLSPLN6M,D,20220223,000000,0.88567,0.88567,0.88567,0.88567,0,0
PLSPLN6M,D,20220224,000000,0.89718,0.89718,0.89718,0.89718,0,0
PLSPLN6M,D,20220225,000000,0.90989,0.90989,0.90989,0.90989,0,0
PLSPLN6M,D,20220228,000000,0.94457,0.94457,0.94457,0.94457,0,0
PLSPLN6M,D,20220301,000000,0.97706,0.97706,0.97706,0.97706,0,0
PLSPLN6M,D,20220302,000000,0.99104,0.99104,0.99104,0.99104,0,0
PLSPLN6M,D,20220303,000000,1.00536,1.00536,1.00536,1.00536,0,0
PLSPLN6M,D,20220304,000000,1.01404,1.01404,1.01404,1.01404,0,0
PLSPLN6M,D,20220307,000000,1.05924,1.05924,1.05924,1.05924,0,0
PLSPLN6M,D,20220308,000000,1.07256,1.07256,1.07256,1.07256,0,0
PLSPLN6M,D,20220309,000000,1.08611,1.08611,1.08611,1.08611,0,0
PLSPLN6M,D,20220310,000000,1.10338,1.10338,1.10338,1.10338,0,0
PLSPLN6M,D,20220311,000000,1.11435,1.11435,1.11435,1.11435,0,0
PLSPLN6M,D,20220314,000000,1.17318,1.17318,1.17318,1.17318,0,0
PLSPLN6M,D,20220315,000000,1.19033,1.19033,1.19033,1.19033,0,0
PLSPLN6M,D,20220316,000000,1.20774,1.20774,1.20774,1.20774,0,0
PLSPLN6M,D,20220317,000000,1.22534,1.22534,1.22534,1.22534,0,0
PLSPLN6M,D,20220318,000000,1.23594,1.23594,1.23594,1.23594,0,0
PLSPLN6M,D,20220321,000000,1.29654,1.29654,1.29654,1.29654,0,0
PLSPLN6M,D,20220322,000000,1.3143,1.3143,1.3143,1.3143,0,0
PLSPLN6M,D,20220323,000000,1.33222,1.33222,1.33222,1.33222,0,0
PLSPLN6M,D,20220324,000000,1.34988,1.34988,1.34988,1.34988,0,0
PLSPLN6M,D,20220325,000000,1.36018,1.36018,1.36018,1.36018,0,0
PLSPLN6M,D,20220328,000000,1.41767,1.41767,1.41767,1.41767,0,0
PLSPLN6M,D,20220329,000000,1.43444,1.43444,1.43444,1.43444,0,0
PLSPLN6M,D,20220330,000000,1.45126,1.45126,1.45126,1.45126,0,0
PLSPLN6M,D,20220331,000000,1.46183,1.46183,1.46183,1.46183,0,0
PLSPLN6M,D,20220401,000000,1.47975,1.47975,1.47975,1.47975,0,0
PLSPLN6M,D,20220404,000000,1.53578,1.53578,1.53578,1.53578,0,0
PLSPLN6M,D,20220405,000000,1.55471,1.55471,1.55471,1.55471,0,0
PLSPLN6M,D,20220406,000000,1.5739,1.5739,1.5739,1.5739,0,0
PLSPLN6M,D,20220407,000000,1.59447,1.59447,1.59447,1.59447,0,0
PLSPLN6M,D,20220408,000000,1.61817,1.61817,1.61817,1.61817,0,0
PLSPLN6M,D,20220411,000000,1.68831,1.68831,1.68831,1.68831,0,0
PLSPLN6M,D,20220412,000000,1.71163,1.71163,1.71163,1.71163,0,0
PLSPLN6M,D,20220413,000000,1.73407,1.73407,1.73407,1.73407,0,0
PLSPLN6M,D,20220414,000000,1.75662,1.75662,1.75662,1.75662,0,0
PLSPLN6M,D,20220415,000000,1.77942,1.77942,1.77942,1.77942,0,0
PLSPLN6M,D,20220419,000000,1.86845,1.86845,1.86845,1.86845,0,0
PLSPLN6M,D,20220420,000000,1.8904,1.8904,1.8904,1.8904,0,0
PLSPLN6M,D,20220421,000000,1.91341,1.91341,1.91341,1.91341,0,0
PLSPLN6M,D,20220422,000000,1.93585,1.93585,1.93585,1.93585,0,0
PLSPLN6M,D,20220425,000000,2.00226,2.00226,2.00226,2.00226,0,0
PLSPLN6M,D,20220426,000000,2.02446,2.02446,2.02446,2.02446,0,0
PLSPLN6M,D,20220427,000000,2.04675,2.04675,2.04675,2.04675,0,0
PLSPLN6M,D,20220428,000000,2.07041,2.07041,2.07041,2.07041,0,0
PLSPLN6M,D,20220429,000000,2.0935,2.0935,2.0935,2.0935,0,0
PLSPLN6M,D,20220502,000000,2.17044,2.17044,2.17044,2.17044,0,0
PLSPLN6M,D,20220504,000000,2.21823,2.21823,2.21823,2.21823,0,0
PLSPLN6M,D,20220505,000000,2.23876,2.23876,2.23876,2.23876,0,0
PLSPLN6M,D,20220506,000000,2.25126,2.25126,2.25126,2.25126,0,0
PLSPLN6M,D,20220509,000000,2.32647,2.32647,2.32647,2.32647,0,0
PLSPLN6M,D,20220510,000000,2.34904,2.34904,2.34904,2.34904,0,0
PLSPLN6M,D,20220511,000000,2.36314,2.36314,2.36314,2.36314,0,0
PLSPLN6M,D,20220512,000000,2.39439,2.39439,2.39439,2.39439,0,0
PLSPLN6M,D,20220513,000000,2.40802,2.40802,2.40802,2.40802,0,0
PLSPLN6M,D,20220516,000000,2.48468,2.48468,2.48468,2.48468,0,0
PLSPLN6M,D,20220517,000000,2.50715,2.50715,2.50715,2.50715,0,0
PLSPLN6M,D,20220518,000000,2.52978,2.52978,2.52978,2.52978,0,0
PLSPLN6M,D,20220519,000000,2.55252,2.55252,2.55252,2.55252,0,0
PLSPLN6M,D,20220520,000000,2.56557,2.56557,2.56557,2.56557,0,0
PLSPLN6M,D,20220523,000000,2.6432,2.6432,2.6432,2.6432,0,0
PLSPLN6M,D,20220524,000000,2.66559,2.66559,2.66559,2.66559,0,0
PLSPLN6M,D,20220525,000000,2.68823,2.68823,2.68823,2.68823,0,0
PLSPLN6M,D,20220526,000000,2.7119,2.7119,2.7119,2.7119,0,0
PLSPLN6M,D,20220527,000000,2.72561,2.72561,2.72561,2.72561,0,0
PLSPLN6M,D,20220530,000000,2.80351,2.80351,2.80351,2.80351,0,0
PLSPLN6M,D,20220531,000000,2.81561,2.81561,2.81561,2.81561,0,0
PLSPLN6M,D,20220601,000000,2.83912,2.83912,2.83912,2.83912,0,0
PLSPLN6M,D,20220602,000000,2.8617,2.8617,2.8617,2.8617,0,0
PLSPLN6M,D,20220603,000000,2.8834,2.8834,2.8834,2.8834,0,0
PLSPLN6M,D,20220606,000000,2.95377,2.95377,2.95377,2.95377,0,0
PLSPLN6M,D,20220607,000000,2.9778,2.9778,2.9778,2.9778,0,0
PLSPLN6M,D,20220608,000000,3.00139,3.00139,3.00139,3.00139,0,0
PLSPLN6M,D,20220609,000000,3.02539,3.02539,3.02539,3.02539,0,0
PLSPLN6M,D,20220610,000000,3.04962,3.04962,3.04962,3.04962,0,0
PLSPLN6M,D,20220613,000000,3.12152,3.12152,3.12152,3.12152,0,0
PLSPLN6M,D,20220614,000000,3.14573,3.14573,3.14573,3.14573,0,0
PLSPLN6M,D,20220615,000000,3.17008,3.17008,3.17008,3.17008,0,0
PLSPLN6M,D,20220617,000000,3.22096,3.22096,3.22096,3.22096,0,0
PLSPLN6M,D,20220620,000000,3.29219,3.29219,3.29219,3.29219,0,0
PLSPLN6M,D,20220621,000000,3.31532,3.31532,3.31532,3.31532,0,0
PLSPLN6M,D,20220622,000000,3.33936,3.33936,3.33936,3.33936,0,0
PLSPLN6M,D,20220623,000000,3.36346,3.36346,3.36346,3.36346,0,0
PLSPLN6M,D,20220624,000000,3.38728,3.38728,3.38728,3.38728,0,0
PLSPLN6M,D,20220627,000000,3.45992,3.45992,3.45992,3.45992,0,0
PLSPLN6M,D,20220628,000000,3.48485,3.48485,3.48485,3.48485,0,0
PLSPLN6M,D,20220629,000000,3.50905,3.50905,3.50905,3.50905,0,0
PLSPLN6M,D,20220630,000000,3.53561,3.53561,3.53561,3.53561,0,0
PLSPLN6M,D,20220701,000000,3.60603,3.60603,3.60603,3.60603,0,0
PLSPLN6M,D,20220704,000000,3.66408,3.66408,3.66408,3.66408,0,0
PLSPLN6M,D,20220705,000000,3.69243,3.69243,3.69243,3.69243,0,0
PLSPLN6M,D,20220706,000000,3.70714,3.70714,3.70714,3.70714,0,0
PLSPLN6M,D,20220707,000000,3.74263,3.74263,3.74263,3.74263,0,0
PLSPLN6M,D,20220708,000000,3.75859,3.75859,3.75859,3.75859,0,0
PLSPLN6M,D,20220711,000000,3.84614,3.84614,3.84614,3.84614,0,0
PLSPLN6M,D,20220712,000000,3.87091,3.87091,3.87091,3.87091,0,0
PLSPLN6M,D,20220713,000000,3.89612,3.89612,3.89612,3.89612,0,0
PLSPLN6M,D,20220714,000000,3.92132,3.92132,3.92132,3.92132,0,0
PLSPLN6M,D,20220715,000000,3.93524,3.93524,3.93524,3.93524,0,0
PLSPLN6M,D,20220718,000000,4.02329,4.02329,4.02329,4.02329,0,0
PLSPLN6M,D,20220719,000000,4.04805,4.04805,4.04805,4.04805,0,0
PLSPLN6M,D,20220720,000000,4.07261,4.07261,4.07261,4.07261,0,0
PLSPLN6M,D,20220721,000000,4.09751,4.09751,4.09751,4.09751,0,0
PLSPLN6M,D,20220722,000000,4.10948,4.10948,4.10948,4.10948,0,0
PLSPLN6M,D,20220725,000000,4.19866,4.19866,4.19866,4.19866,0,0
PLSPLN6M,D,20220726,000000,4.22537,4.22537,4.22537,4.22537,0,0
PLSPLN6M,D,20220727,000000,4.25017,4.25017,4.25017,4.25017,0,0
PLSPLN6M,D,20220728,000000,4.27529,4.27529,4.27529,4.27529,0,0
PLSPLN6M,D,20220729,000000,4.2874,4.2874,4.2874,4.2874,0,0
PLSPLN6M,D,20220801,000000,4.38476,4.38476,4.38476,4.38476,0,0
PLSPLN6M,D,20220802,000000,4.41288,4.41288,4.41288,4.41288,0,0
PLSPLN6M,D,20220803,000000,4.43945,4.43945,4.43945,4.43945,0,0
PLSPLN6M,D,20220804,000000,4.46514,4.46514,4.46514,4.46514,0,0
PLSPLN6M,D,20220805,000000,4.47743,4.47743,4.47743,4.47743,0,0
PLSPLN6M,D,20220808,000000,4.56708,4.56708,4.56708,4.56708,0,0
PLSPLN6M,D,20220809,000000,4.59267,4.59267,4.59267,4.59267,0,0
PLSPLN6M,D,20220810,000000,4.61632,4.61632,4.61632,4.61632,0,0
PLSPLN6M,D,20220811,000000,4.63981,4.63981,4.63981,4.63981,0,0
PLSPLN6M,D,20220812,000000,4.64974,4.64974,4.64974,4.64974,0,0
PLSPLN6M,D,20220816,000000,4.75858,4.75858,4.75858,4.75858,0,0
PLSPLN6M,D,20220817,000000,4.78232,4.78232,4.78232,4.78232,0,0
PLSPLN6M,D,20220818,000000,4.80612,4.80612,4.80612,4.80612,0,0
PLSPLN6M,D,20220819,000000,4.81663,4.81663,4.81663,4.81663,0,0
PLSPLN6M,D,20220822,000000,4.90138,4.90138,4.90138,4.90138,0,0
PLSPLN6M,D,20220823,000000,4.92397,4.92397,4.92397,4.92397,0,0
PLSPLN6M,D,20220824,000000,4.947,4.947,4.947,4.947,0,0
PLSPLN6M,D,20220825,000000,4.96849,4.96849,4.96849,4.96849,0,0
PLSPLN6M,D,20220826,000000,4.97556,4.97556,4.97556,4.97556,0,0
PLSPLN6M,D,20220829,000000,5.03815,5.03815,5.03815,5.03815,0,0
PLSPLN6M,D,20220830,000000,5.04516,5.04516,5.04516,5.04516,0,0
PLSPLN6M,D,20220831,000000,5.05443,5.05443,5.05443,5.05443,0,0
PLSPLN6M,D,20220901,000000,5.07865,5.07865,5.07865,5.07865,0,0
PLSPLN6M,D,20220902,000000,5.10163,5.10163,5.10163,5.10163,0,0
PLSPLN6M,D,20220905,000000,5.156,5.156,5.156,5.156,0,0
PLSPLN6M,D,20220906,000000,5.16449,5.16449,5.16449,5.16449,0,0
PLSPLN6M,D,20220907,000000,5.21735,5.21735,5.21735,5.21735,0,0
PLSPLN6M,D,20220908,000000,5.24072,5.24072,5.24072,5.24072,0,0
PLSPLN6M,D,20220909,000000,5.26365,5.26365,5.26365,5.26365,0,0
PLSPLN6M,D,20220912,000000,5.30948,5.30948,5.30948,5.30948,0,0
PLSPLN6M,D,20220913,000000,5.31635,5.31635,5.31635,5.31635,0,0
PLSPLN6M,D,20220914,000000,5.35642,5.35642,5.35642,5.35642,0,0
PLSPLN6M,D,20220915,000000,5.3755,5.3755,5.3755,5.3755,0,0
PLSPLN6M,D,20220916,000000,5.39467,5.39467,5.39467,5.39467,0,0
PLSPLN6M,D,20220919,000000,5.44133,5.44133,5.44133,5.44133,0,0
PLSPLN6M,D,20220920,000000,5.44921,5.44921,5.44921,5.44921,0,0
PLSPLN6M,D,20220921,000000,5.4911,5.4911,5.4911,5.4911,0,0
PLSPLN6M,D,20220922,000000,5.50957,5.50957,5.50957,5.50957,0,0
PLSPLN6M,D,20220923,000000,5.52802,5.52802,5.52802,5.52802,0,0
PLSPLN6M,D,20220926,000000,5.56955,5.56955,5.56955,5.56955,0,0
PLSPLN6M,D,20220927,000000,5.57532,5.57532,5.57532,5.57532,0,0
PLSPLN6M,D,20220928,000000,5.62118,5.62118,5.62118,5.62118,0,0
PLSPLN6M,D,20220929,000000,5.64021,5.64021,5.64021,5.64021,0,0
PLSPLN6M,D,20220930,000000,5.65923,5.65923,5.65923,5.65923,0,0
PLSPLN6M,D,20221003,000000,5.69434,5.69434,5.69434,5.69434,0,0
PLSPLN6M,D,20221004,000000,5.73751,5.73751,5.73751,5.73751,0,0
PLSPLN6M,D,20221005,000000,5.75595,5.75595,5.75595,5.75595,0,0
PLSPLN6M,D,20221006,000000,5.77399,5.77399,5.77399,5.77399,0,0
PLSPLN6M,D,20221007,000000,5.79013,5.79013,5.79013,5.79013,0,0
PLSPLN6M,D,20221010,000000,5.81119,5.81119,5.81119,5.81119,0,0
PLSPLN6M,D,20221011,000000,5.83856,5.83856,5.83856,5.83856,0,0
PLSPLN6M,D,20221012,000000,5.85155,5.85155,5.85155,5.85155,0,0
PLSPLN6M,D,20221013,000000,5.86509,5.86509,5.86509,5.86509,0,0
PLSPLN6M,D,20221014,000000,5.87879,5.87879,5.87879,5.87879,0,0
PLSPLN6M,D,20221017,000000,5.90172,5.90172,5.90172,5.90172,0,0
PLSPLN6M,D,20221018,000000,5.90654,5.90654,5.90654,5.90654,0,0
PLSPLN6M,D,20221019,000000,5.94532,5.94532,5.94532,5.94532,0,0
PLSPLN6M,D,20221020,000000,5.95827,5.95827,5.95827,5.95827,0,0
PLSPLN6M,D,20221021,000000,5.96977,5.96977,5.96977,5.96977,0,0
PLSPLN6M,D,20221024,000000,5.98789,5.98789,5.98789,5.98789,0,0
PLSPLN6M,D,20221025,000000,6.01961,6.01961,6.01961,6.01961,0,0
PLSPLN6M,D,20221026,000000,6.03199,6.03199,6.03199,6.03199,0,0
PLSPLN6M,D,20221027,000000,6.04421,6.04421,6.04421,6.04421,0,0
PLSPLN6M,D,20221028,000000,6.0552,6.0552,6.0552,6.0552,0,0
PLSPLN6M,D,20221031,000000,6.07845,6.07845,6.07845,6.07845,0,0
PLSPLN6M,D,20221102,000000,6.11662,6.11662,6.11662,6.11662,0,0
PLSPLN6M,D,20221103,000000,6.12112,6.12112,6.12112,6.12112,0,0
PLSPLN6M,D,20221104,000000,6.14286,6.14286,6.14286,6.14286,0,0
PLSPLN6M,D,20221107,000000,6.17297,6.17297,6.17297,6.17297,0,0
PLSPLN6M,D,20221108,000000,6.17757,6.17757,6.17757,6.17757,0,0
PLSPLN6M,D,20221109,000000,6.20104,6.20104,6.20104,6.20104,0,0
PLSPLN6M,D,20221110,000000,6.21246,6.21246,6.21246,6.21246,0,0
PLSPLN6M,D,20221114,000000,6.24475,6.24475,6.24475,6.24475,0,0
PLSPLN6M,D,20221115,000000,6.24759,6.24759,6.24759,6.24759,0,0
PLSPLN6M,D,20221116,000000,6.26955,6.26955,6.26955,6.26955,0,0
PLSPLN6M,D,20221117,000000,6.27816,6.27816,6.27816,6.27816,0,0
PLSPLN6M,D,20221118,000000,6.28657,6.28657,6.28657,6.28657,0,0
PLSPLN6M,D,20221121,000000,6.30366,6.30366,6.30366,6.30366,0,0
PLSPLN6M,D,20221122,000000,6.30496,6.30496,6.30496,6.30496,0,0
PLSPLN6M,D,20221123,000000,6.32647,6.32647,6.32647,6.32647,0,0
PLSPLN6M,D,20221124,000000,6.33456,6.33456,6.33456,6.33456,0,0
PLSPLN6M,D,20221125,000000,6.34228,6.34228,6.34228,6.34228,0,0
PLSPLN6M,D,20221128,000000,6.35686,6.35686,6.35686,6.35686,0,0
PLSPLN6M,D,20221129,000000,6.35775,6.35775,6.35775,6.35775,0,0
PLSPLN6M,D,20221130,000000,6.3825,6.3825,6.3825,6.3825,0,0
PLSPLN6M,D,20221201,000000,6.39742,6.39742,6.39742,6.39742,0,0
PLSPLN6M,D,20221202,000000,6.40457,6.40457,6.40457,6.40457,0,0
PLSPLN6M,D,20221205,000000,6.41763,6.41763,6.41763,6.41763,0,0
PLSPLN6M,D,20221206,000000,6.43578,6.43578,6.43578,6.43578,0,0
PLSPLN6M,D,20221207,000000,6.44413,6.44413,6.44413,6.44413,0,0
PLSPLN6M,D,20221208,000000,6.45313,6.45313,6.45313,6.45313,0,0
PLSPLN6M,D,20221209,000000,6.4615,6.4615,6.4615,6.4615,0,0
PLSPLN6M,D,20221212,000000,6.46735,6.46735,6.46735,6.46735,0,0
PLSPLN6M,D,20221213,000000,6.47898,6.47898,6.47898,6.47898,0,0
PLSPLN6M,D,20221214,000000,6.48329,6.48329,6.48329,6.48329,0,0
PLSPLN6M,D,20221215,000000,6.48783,6.48783,6.48783,6.48783,0,0
PLSPLN6M,D,20221216,000000,6.48863,6.48863,6.48863,6.48863,0,0
PLSPLN6M,D,20221219,000000,6.49471,6.49471,6.49471,6.49471,0,0
PLSPLN6M,D,20221220,000000,6.50752,6.50752,6.50752,6.50752,0,0
PLSPLN6M,D,20221221,000000,6.51286,6.51286,6.51286,6.51286,0,0
PLSPLN6M,D,20221222,000000,6.51686,6.51686,6.51686,6.51686,0,0
PLSPLN6M,D,20221223,000000,6.52088,6.52088,6.52088,6.52088,0,0
PLSPLN6M,D,20221227,000000,6.53694,6.53694,6.53694,6.53694,0,0
PLSPLN6M,D,20221228,000000,6.54031,6.54031,6.54031,6.54031,0,0
PLSPLN6M,D,20221229,000000,6.54423,6.54423,6.54423,6.54423,0,0
PLSPLN6M,D,20221230,000000,6.54516,6.54516,6.54516,6.54516,0,0
PLSPLN6M,D,20230102,000000,6.52887,6.52887,6.52887,6.52887,0,0
PLSPLN6M,D,20230103,000000,6.52859,6.52859,6.52859,6.52859,0,0
PLSPLN6M,D,20230104,000000,6.5302,6.5302,6.5302,6.5302,0,0
PLSPLN6M,D,20230105,000000,6.53152,6.53152,6.53152,6.53152,0,0
PLSPLN6M,D,20230109,000000,6.53243,6.53243,6.53243,6.53243,0,0
PLSPLN6M,D,20230110,000000,6.53235,6.53235,6.53235,6.53235,0,0
PLSPLN6M,D,20230111,000000,6.53123,6.53123,6.53123,6.53123,0,0
PLSPLN6M,D,20230112,000000,6.53272,6.53272,6.53272,6.53272,0,0
PLSPLN6M,D,20230113,000000,6.53391,6.53391,6.53391,6.53391,0,0
PLSPLN6M,D,20230116,000000,6.53573,6.53573,6.53573,6.53573,0,0
PLSPLN6M,D,20230117,000000,6.53576,6.53576,6.53576,6.53576,0,0
PLSPLN6M,D,20230118,000000,6.53729,6.53729,6.53729,6.53729,0,0
PLSPLN6M,D,20230119,000000,6.53877,6.53877,6.53877,6.53877,0,0
PLSPLN6M,D,20230120,000000,6.53994,6.53994,6.53994,6.53994,0,0
PLSPLN6M,D,20230123,000000,6.54226,6.54226,6.54226,6.54226,0,0
PLSPLN6M,D,20230124,000000,6.54255,6.54255,6.54255,6.54255,0,0
PLSPLN6M,D,20230125,000000,6.54334,6.54334,6.54334,6.54334,0,0
PLSPLN6M,D,20230126,000000,6.54321,6.54321,6.54321,6.54321,0,0
PLSPLN6M,D,20230127,000000,6.54368,6.54368,6.54368,6.54368,0,0
PLSPLN6M,D,20230130,000000,6.54408,6.54408,6.54408,6.54408,0,0
PLSPLN6M,D,20230131,000000,6.54613,6.54613,6.54613,6.54613,0,0
PLSPLN6M,D,20230201,000000,6.54258,6.54258,6.54258,6.54258,0,0
PLSPLN6M,D,20230202,000000,6.54143,6.54143,6.54143,6.54143,0,0
PLSPLN6M,D,20230203,000000,6.54049,6.54049,6.54049,6.54049,0,0
PLSPLN6M,D,20230206,000000,6.54087,6.54087,6.54087,6.54087,0,0
PLSPLN6M,D,20230207,000000,6.54181,6.54181,6.54181,6.54181,0,0
PLSPLN6M,D,20230208,000000,6.54252,6.54252,6.54252,6.54252,0,0
PLSPLN6M,D,20230209,000000,6.54394,6.54394,6.54394,6.54394,0,0
PLSPLN6M,D,20230210,000000,6.54574,6.54574,6.54574,6.54574,0,0
PLSPLN6M,D,20230213,000000,6.55064,6.55064,6.55064,6.55064,0,0
PLSPLN6M,D,20230214,000000,6.55129,6.55129,6.55129,6.55129,0,0
PLSPLN6M,D,20230215,000000,6.552,6.552,6.552,6.552,0,0
PLSPLN6M,D,20230216,000000,6.552,6.552,6.552,6.552,0,0
PLSPLN6M,D,20230217,000000,6.55228,6.55228,6.55228,6.55228,0,0
PLSPLN6M,D,20230220,000000,6.55134,6.55134,6.55134,6.55134,0,0
PLSPLN6M,D,20230221,000000,6.55184,6.55184,6.55184,6.55184,0,0
PLSPLN6M,D,20230222,000000,6.55213,6.55213,6.55213,6.55213,0,0
PLSPLN6M,D,20230223,000000,6.55295,6.55295,6.55295,6.55295,0,0
PLSPLN6M,D,20230224,000000,6.55374,6.55374,6.55374,6.55374,0,0
PLSPLN6M,D,20230227,000000,6.55569,6.55569,6.55569,6.55569,0,0
PLSPLN6M,D,20230228,000000,6.55786,6.55786,6.55786,6.55786,0,0
PLSPLN6M,D,20230301,000000,6.56194,6.56194,6.56194,6.56194,0,0
PLSPLN6M,D,20230302,000000,6.56144,6.56144,6.56144,6.56144,0,0
PLSPLN6M,D,20230303,000000,6.562,6.562,6.562,6.562,0,0
PLSPLN6M,D,20230306,000000,6.55681,6.55681,6.55681,6.55681,0,0
PLSPLN6M,D,20230307,000000,6.5566,6.5566,6.5566,6.5566,0,0
PLSPLN6M,D,20230308,000000,6.55628,6.55628,6.55628,6.55628,0,0
PLSPLN6M,D,20230309,000000,6.5563,6.5563,6.5563,6.5563,0,0
PLSPLN6M,D,20230310,000000,6.55796,6.55796,6.55796,6.55796,0,0
PLSPLN6M,D,20230313,000000,6.55563,6.55563,6.55563,6.55563,0,0
PLSPLN6M,D,20230314,000000,6.55686,6.55686,6.55686,6.55686,0,0
PLSPLN6M,D,20230315,000000,6.55603,6.55603,6.55603,6.55603,0,0
PLSPLN6M,D,20230316,000000,6.55641,6.55641,6.55641,6.55641,0,0
PLSPLN6M,D,20230317,000000,6.55736,6.55736,6.55736,6.55736,0,0
PLSPLN6M,D,20230320,000000,6.55273,6.55273,6.55273,6.55273,0,0
PLSPLN6M,D,20230321,000000,6.55262,6.55262,6.55262,6.55262,0,0
PLSPLN6M,D,20230322,000000,6.55183,6.55183,6.55183,6.55183,0,0
PLSPLN6M,D,20230323,000000,6.55065,6.55065,6.55065,6.55065,0,0
PLSPLN6M,D,20230324,000000,6.55097,6.55097,6.55097,6.55097,0,0
PLSPLN6M,D,20230327,000000,6.54884,6.54884,6.54884,6.54884,0,0
PLSPLN6M,D,20230328,000000,6.5486,6.5486,6.5486,6.5486,0,0
PLSPLN6M,D,20230329,000000,6.54838,6.54838,6.54838,6.54838,0,0
PLSPLN6M,D,20230330,000000,6.54898,6.54898,6.54898,6.54898,0,0
PLSPLN6M,D,20230331,000000,6.55165,6.55165,6.55165,6.55165,0,0
PLSPLN6M,D,20230403,000000,6.56546,6.56546,6.56546,6.56546,0,0
PLSPLN6M,D,20230404,000000,6.56376,6.56376,6.56376,6.56376,0,0
PLSPLN6M,D,20230405,000000,6.56237,6.56237,6.56237,6.56237,0,0
PLSPLN6M,D,20230406,000000,6.56222,6.56222,6.56222,6.56222,0,0
PLSPLN6M,D,20230407,000000,6.56297,6.56297,6.56297,6.56297,0,0
PLSPLN6M,D,20230411,000000,6.5609,6.5609,6.5609,6.5609,0,0
PLSPLN6M,D,20230412,000000,6.56009,6.56009,6.56009,6.56009,0,0
PLSPLN6M,D,20230413,000000,6.56028,6.56028,6.56028,6.56028,0,0
PLSPLN6M,D,20230414,000000,6.55991,6.55991,6.55991,6.55991,0,0
PLSPLN6M,D,20230417,000000,6.55858,6.55858,6.55858,6.55858,0,0
PLSPLN6M,D,20230418,000000,6.558,6.558,6.558,6.558,0,0
PLSPLN6M,D,20230419,000000,6.55793,6.55793,6.55793,6.55793,0,0
PLSPLN6M,D,20230420,000000,6.55851,6.55851,6.55851,6.55851,0,0
PLSPLN6M,D,20230421,000000,6.55995,6.55995,6.55995,6.55995,0,0
PLSPLN6M,D,20230424,000000,6.56473,6.56473,6.56473,6.56473,0,0
PLSPLN6M,D,20230425,000000,6.56562,6.56562,6.56562,6.56562,0,0
PLSPLN6M,D,20230426,000000,6.5676,6.5676,6.5676,6.5676,0,0
PLSPLN6M,D,20230427,000000,6.56855,6.56855,6.56855,6.56855,0,0
PLSPLN6M,D,20230428,000000,6.56911,6.56911,6.56911,6.56911,0,0
PLSPLN6M,D,20230502,000000,6.56664,6.56664,6.56664,6.56664,0,0
PLSPLN6M,D,20230504,000000,6.56396,6.56396,6.56396,6.56396,0,0
PLSPLN6M,D,20230505,000000,6.56572,6.56572,6.56572,6.56572,0,0
PLSPLN6M,D,20230508,000000,6.56161,6.56161,6.56161,6.56161,0,0
PLSPLN6M,D,20230509,000000,6.56144,6.56144,6.56144,6.56144,0,0
PLSPLN6M,D,20230510,000000,6.56093,6.56093,6.56093,6.56093,0,0
PLSPLN6M,D,20230511,000000,6.56366,6.56366,6.56366,6.56366,0,0
PLSPLN6M,D,20230512,000000,6.56639,6.56639,6.56639,6.56639,0,0
PLSPLN6M,D,20230515,000000,6.56601,6.56601,6.56601,6.56601,0,0
PLSPLN6M,D,20230516,000000,6.56773,6.56773,6.56773,6.56773,0,0
PLSPLN6M,D,20230517,000000,6.56986,6.56986,6.56986,6.56986,0,0
PLSPLN6M,D,20230518,000000,6.57193,6.57193,6.57193,6.57193,0,0
PLSPLN6M,D,20230519,000000,6.57403,6.57403,6.57403,6.57403,0,0
PLSPLN6M,D,20230522,000000,6.58105,6.58105,6.58105,6.58105,0,0
PLSPLN6M,D,20230523,000000,6.5831,6.5831,6.5831,6.5831,0,0
PLSPLN6M,D,20230524,000000,6.58561,6.58561,6.58561,6.58561,0,0
PLSPLN6M,D,20230525,000000,6.58766,6.58766,6.58766,6.58766,0,0
PLSPLN6M,D,20230526,000000,6.58809,6.58809,6.58809,6.58809,0,0
PLSPLN6M,D,20230529,000000,6.58872,6.58872,6.58872,6.58872,0,0
PLSPLN6M,D,20230530,000000,6.58654,6.58654,6.58654,6.58654,0,0
PLSPLN6M,D,20230531,000000,6.58841,6.58841,6.58841,6.58841,0,0
PLSPLN6M,D,20230601,000000,6.5886,6.5886,6.5886,6.5886,0,0
PLSPLN6M,D,20230602,000000,6.58913,6.58913,6.58913,6.58913,0,0
PLSPLN6M,D,20230605,000000,6.59032,6.59032,6.59032,6.59032,0,0
PLSPLN6M,D,20230606,000000,6.59106,6.59106,6.59106,6.59106,0,0
PLSPLN6M,D,20230607,000000,6.59163,6.59163,6.59163,6.59163,0,0
PLSPLN6M,D,20230609,000000,6.59307,6.59307,6.59307,6.59307,0,0
PLSPLN6M,D,20230612,000000,6.59858,6.59858,6.59858,6.59858,0,0
PLSPLN6M,D,20230613,000000,6.60015,6.60015,6.60015,6.60015,0,0
PLSPLN6M,D,20230614,000000,6.60167,6.60167,6.60167,6.60167,0,0
PLSPLN6M,D,20230615,000000,6.60318,6.60318,6.60318,6.60318,0,0
PLSPLN6M,D,20230616,000000,6.60479,6.60479,6.60479,6.60479,0,0
PLSPLN6M,D,20230619,000000,6.6094,6.6094,6.6094,6.6094,0,0
PLSPLN6M,D,20230620,000000,6.61066,6.61066,6.61066,6.61066,0,0
PLSPLN6M,D,20230621,000000,6.61179,6.61179,6.61179,6.61179,0,0
PLSPLN6M,D,20230622,000000,6.61318,6.61318,6.61318,6.61318,0,0
PLSPLN6M,D,20230623,000000,6.61427,6.61427,6.61427,6.61427,0,0
PLSPLN6M,D,20230626,000000,6.61343,6.61343,6.61343,6.61343,0,0
PLSPLN6M,D,20230627,000000,6.61462,6.61462,6.61462,6.61462,0,0
PLSPLN6M,D,20230628,000000,6.61481,6.61481,6.61481,6.61481,0,0
PLSPLN6M,D,20230629,000000,6.61508,6.61508,6.61508,6.61508,0,0
PLSPLN6M,D,20230630,000000,6.61846,6.61846,6.61846,6.61846,0,0
PLSPLN6M,D,20230703,000000,6.64232,6.64232,6.64232,6.64232,0,0
PLSPLN6M,D,20230704,000000,6.64426,6.64426,6.64426,6.64426,0,0
PLSPLN6M,D,20230705,000000,6.64517,6.64517,6.64517,6.64517,0,0
PLSPLN6M,D,20230706,000000,6.64707,6.64707,6.64707,6.64707,0,0
PLSPLN6M,D,20230707,000000,6.64928,6.64928,6.64928,6.64928,0,0
PLSPLN6M,D,20230710,000000,6.6581,6.6581,6.6581,6.6581,0,0
PLSPLN6M,D,20230711,000000,6.66059,6.66059,6.66059,6.66059,0,0
PLSPLN6M,D,20230712,000000,6.66359,6.66359,6.66359,6.66359,0,0
PLSPLN6M,D,20230713,000000,6.66669,6.66669,6.66669,6.66669,0,0
PLSPLN6M,D,20230714,000000,6.66906,6.66906,6.66906,6.66906,0,0
PLSPLN6M,D,20230717,000000,6.67766,6.67766,6.67766,6.67766,0,0
PLSPLN6M,D,20230718,000000,6.68082,6.68082,6.68082,6.68082,0,0
PLSPLN6M,D,20230719,000000,6.68324,6.68324,6.68324,6.68324,0,0
PLSPLN6M,D,20230720,000000,6.68585,6.68585,6.68585,6.68585,0,0
PLSPLN6M,D,20230721,000000,6.6881,6.6881,6.6881,6.6881,0,0
PLSPLN6M,D,20230724,000000,6.69361,6.69361,6.69361,6.69361,0,0
PLSPLN6M,D,20230725,000000,6.69525,6.69525,6.69525,6.69525,0,0
PLSPLN6M,D,20230726,000000,6.69682,6.69682,6.69682,6.69682,0,0
PLSPLN6M,D,20230727,000000,6.69893,6.69893,6.69893,6.69893,0,0
PLSPLN6M,D,20230728,000000,6.7005,6.7005,6.7005,6.7005,0,0
PLSPLN6M,D,20230731,000000,6.70778,6.70778,6.70778,6.70778,0,0
PLSPLN6M,D,20230801,000000,6.70965,6.70965,6.70965,6.70965,0,0
PLSPLN6M,D,20230802,000000,6.71031,6.71031,6.71031,6.71031,0,0
PLSPLN6M,D,20230803,000000,6.71146,6.71146,6.71146,6.71146,0,0
PLSPLN6M,D,20230804,000000,6.71257,6.71257,6.71257,6.71257,0,0
PLSPLN6M,D,20230807,000000,6.71668,6.71668,6.71668,6.71668,0,0
PLSPLN6M,D,20230808,000000,6.71854,6.71854,6.71854,6.71854,0,0
PLSPLN6M,D,20230809,000000,6.71993,6.71993,6.71993,6.71993,0,0
PLSPLN6M,D,20230810,000000,6.72063,6.72063,6.72063,6.72063,0,0
PLSPLN6M,D,20230811,000000,6.72237,6.72237,6.72237,6.72237,0,0
PLSPLN6M,D,20230814,000000,6.72335,6.72335,6.72335,6.72335,0,0
PLSPLN6M,D,20230816,000000,6.72657,6.72657,6.72657,6.72657,0,0
PLSPLN6M,D,20230817,000000,6.72757,6.72757,6.72757,6.72757,0,0
PLSPLN6M,D,20230818,000000,6.72878,6.72878,6.72878,6.72878,0,0
PLSPLN6M,D,20230821,000000,6.73506,6.73506,6.73506,6.73506,0,0
PLSPLN6M,D,20230822,000000,6.73804,6.73804,6.73804,6.73804,0,0
PLSPLN6M,D,20230823,000000,6.74213,6.74213,6.74213,6.74213,0,0
PLSPLN6M,D,20230824,000000,6.74562,6.74562,6.74562,6.74562,0,0
PLSPLN6M,D,20230825,000000,6.7472,6.7472,6.7472,6.7472,0,0
PLSPLN6M,D,20230828,000000,6.75036,6.75036,6.75036,6.75036,0,0
PLSPLN6M,D,20230829,000000,6.75155,6.75155,6.75155,6.75155,0,0
PLSPLN6M,D,20230830,000000,6.75223,6.75223,6.75223,6.75223,0,0
PLSPLN6M,D,20230831,000000,6.75422,6.75422,6.75422,6.75422,0,0
PLSPLN6M,D,20230901,000000,6.75569,6.75569,6.75569,6.75569,0,0
PLSPLN6M,D,20230904,000000,6.7594,6.7594,6.7594,6.7594,0,0
PLSPLN6M,D,20230905,000000,6.7607,6.7607,6.7607,6.7607,0,0
PLSPLN6M,D,20230906,000000,6.76422,6.76422,6.76422,6.76422,0,0
PLSPLN6M,D,20230907,000000,6.76571,6.76571,6.76571,6.76571,0,0
PLSPLN6M,D,20230908,000000,6.76357,6.76357,6.76357,6.76357,0,0
PLSPLN6M,D,20230911,000000,6.7493,6.7493,6.7493,6.7493,0,0
PLSPLN6M,D,20230912,000000,6.74603,6.74603,6.74603,6.74603,0,0
PLSPLN6M,D,20230913,000000,6.74348,6.74348,6.74348,6.74348,0,0
PLSPLN6M,D,20230914,000000,6.73882,6.73882,6.73882,6.73882,0,0
PLSPLN6M,D,20230915,000000,6.73479,6.73479,6.73479,6.73479,0,0
PLSPLN6M,D,20230918,000000,6.71869,6.71869,6.71869,6.71869,0,0
PLSPLN6M,D,20230919,000000,6.71404,6.71404,6.71404,6.71404,0,0
PLSPLN6M,D,20230920,000000,6.70969,6.70969,6.70969,6.70969,0,0
PLSPLN6M,D,20230921,000000,6.70442,6.70442,6.70442,6.70442,0,0
PLSPLN6M,D,20230922,000000,6.70024,6.70024,6.70024,6.70024,0,0
PLSPLN6M,D,20230925,000000,6.68656,6.68656,6.68656,6.68656,0,0
PLSPLN6M,D,20230926,000000,6.68175,6.68175,6.68175,6.68175,0,0
PLSPLN6M,D,20230927,000000,6.67937,6.67937,6.67937,6.67937,0,0
PLSPLN6M,D,20230928,000000,6.67475,6.67475,6.67475,6.67475,0,0
PLSPLN6M,D,20230929,000000,6.67035,6.67035,6.67035,6.67035,0,0
PLSPLN6M,D,20231002,000000,6.64634,6.64634,6.64634,6.64634,0,0
PLSPLN6M,D,20231003,000000,6.64247,6.64247,6.64247,6.64247,0,0
PLSPLN6M,D,20231004,000000,6.63715,6.63715,6.63715,6.63715,0,0
PLSPLN6M,D,20231005,000000,6.63186,6.63186,6.63186,6.63186,0,0
PLSPLN6M,D,20231006,000000,6.62508,6.62508,6.62508,6.62508,0,0
PLSPLN6M,D,20231009,000000,6.60798,6.60798,6.60798,6.60798,0,0
PLSPLN6M,D,20231010,000000,6.60341,6.60341,6.60341,6.60341,0,0
PLSPLN6M,D,20231011,000000,6.60028,6.60028,6.60028,6.60028,0,0
PLSPLN6M,D,20231012,000000,6.59638,6.59638,6.59638,6.59638,0,0
PLSPLN6M,D,20231013,000000,6.59147,6.59147,6.59147,6.59147,0,0
PLSPLN6M,D,20231016,000000,6.58053,6.58053,6.58053,6.58053,0,0
PLSPLN6M,D,20231017,000000,6.57553,6.57553,6.57553,6.57553,0,0
PLSPLN6M,D,20231018,000000,6.57115,6.57115,6.57115,6.57115,0,0
PLSPLN6M,D,20231019,000000,6.56595,6.56595,6.56595,6.56595,0,0
PLSPLN6M,D,20231020,000000,6.56071,6.56071,6.56071,6.56071,0,0
PLSPLN6M,D,20231023,000000,6.54538,6.54538,6.54538,6.54538,0,0
PLSPLN6M,D,20231024,000000,6.53619,6.53619,6.53619,6.53619,0,0
PLSPLN6M,D,20231025,000000,6.53074,6.53074,6.53074,6.53074,0,0
PLSPLN6M,D,20231026,000000,6.52415,6.52415,6.52415,6.52415,0,0
PLSPLN6M,D,20231027,000000,6.51796,6.51796,6.51796,6.51796,0,0
PLSPLN6M,D,20231030,000000,6.50123,6.50123,6.50123,6.50123,0,0
PLSPLN6M,D,20231031,000000,6.49879,6.49879,6.49879,6.49879,0,0
PLSPLN6M,D,20231102,000000,6.47936,6.47936,6.47936,6.47936,0,0
PLSPLN6M,D,20231103,000000,6.47528,6.47528,6.47528,6.47528,0,0
PLSPLN6M,D,20231106,000000,6.45768,6.45768,6.45768,6.45768,0,0
PLSPLN6M,D,20231107,000000,6.45396,6.45396,6.45396,6.45396,0,0
PLSPLN6M,D,20231108,000000,6.44248,6.44248,6.44248,6.44248,0,0
PLSPLN6M,D,20231109,000000,6.43534,6.43534,6.43534,6.43534,0,0
PLSPLN6M,D,20231110,000000,6.42843,6.42843,6.42843,6.42843,0,0
PLSPLN6M,D,20231113,000000,6.40965,6.40965,6.40965,6.40965,0,0
PLSPLN6M,D,20231114,000000,6.40551,6.40551,6.40551,6.40551,0,0
PLSPLN6M,D,20231115,000000,6.39337,6.39337,6.39337,6.39337,0,0
PLSPLN6M,D,20231116,000000,6.38695,6.38695,6.38695,6.38695,0,0
PLSPLN6M,D,20231117,000000,6.38013,6.38013,6.38013,6.38013,0,0
PLSPLN6M,D,20231120,000000,6.36378,6.36378,6.36378,6.36378,0,0
PLSPLN6M,D,20231121,000000,6.36049,6.36049,6.36049,6.36049,0,0
PLSPLN6M,D,20231122,000000,6.34813,6.34813,6.34813,6.34813,0,0
PLSPLN6M,D,20231123,000000,6.34176,6.34176,6.34176,6.34176,0,0
PLSPLN6M,D,20231124,000000,6.335,6.335,6.335,6.335,0,0
PLSPLN6M,D,20231127,000000,6.31629,6.31629,6.31629,6.31629,0,0
PLSPLN6M,D,20231128,000000,6.31258,6.31258,6.31258,6.31258,0,0
PLSPLN6M,D,20231129,000000,6.30442,6.30442,6.30442,6.30442,0,0
PLSPLN6M,D,20231130,000000,6.30022,6.30022,6.30022,6.30022,0,0
PLSPLN6M,D,20231201,000000,6.29061,6.29061,6.29061,6.29061,0,0
PLSPLN6M,D,20231204,000000,6.2775,6.2775,6.2775,6.2775,0,0
PLSPLN6M,D,20231205,000000,6.26434,6.26434,6.26434,6.26434,0,0
PLSPLN6M,D,20231206,000000,6.25783,6.25783,6.25783,6.25783,0,0
PLSPLN6M,D,20231207,000000,6.25112,6.25112,6.25112,6.25112,0,0
PLSPLN6M,D,20231208,000000,6.24847,6.24847,6.24847,6.24847,0,0
PLSPLN6M,D,20231211,000000,6.23264,6.23264,6.23264,6.23264,0,0
PLSPLN6M,D,20231212,000000,6.2192,6.2192,6.2192,6.2192,0,0
PLSPLN6M,D,20231213,000000,6.21335,6.21335,6.21335,6.21335,0,0
PLSPLN6M,D,20231214,000000,6.20783,6.20783,6.20783,6.20783,0,0
PLSPLN6M,D,20231215,000000,6.20145,6.20145,6.20145,6.20145,0,0
PLSPLN6M,D,20231218,000000,6.18809,6.18809,6.18809,6.18809,0,0
PLSPLN6M,D,20231219,000000,6.17443,6.17443,6.17443,6.17443,0,0
PLSPLN6M,D,20231220,000000,6.1685,6.1685,6.1685,6.1685,0,0
PLSPLN6M,D,20231221,000000,6.16168,6.16168,6.16168,6.16168,0,0
PLSPLN6M,D,20231222,000000,6.1547,6.1547,6.1547,6.1547,0,0
PLSPLN6M,D,20231227,000000,6.12435,6.12435,6.12435,6.12435,0,0
PLSPLN6M,D,20231228,000000,6.11947,6.11947,6.11947,6.11947,0,0
PLSPLN6M,D,20231229,000000,6.11331,6.11331,6.11331,6.11331,0,0
PLSPLN6M,D,20240102,000000,6.08219,6.08219,6.08219,6.08219,0,0
PLSPLN6M,D,20240103,000000,6.07902,6.07902,6.07902,6.07902,0,0
PLSPLN6M,D,20240104,000000,6.07137,6.07137,6.07137,6.07137,0,0
PLSPLN6M,D,20240105,000000,6.06412,6.06412,6.06412,6.06412,0,0
PLSPLN6M,D,20240108,000000,6.04431,6.04431,6.04431,6.04431,0,0
PLSPLN6M,D,20240109,000000,6.04121,6.04121,6.04121,6.04121,0,0
PLSPLN6M,D,20240110,000000,6.02172,6.02172,6.02172,6.02172,0,0
PLSPLN6M,D,20240111,000000,6.01374,6.01374,6.01374,6.01374,0,0
PLSPLN6M,D,20240112,000000,6.00524,6.00524,6.00524,6.00524,0,0
PLSPLN6M,D,20240115,000000,5.98493,5.98493,5.98493,5.98493,0,0
PLSPLN6M,D,20240116,000000,5.98235,5.98235,5.98235,5.98235,0,0
PLSPLN6M,D,20240117,000000,5.96187,5.96187,5.96187,5.96187,0,0
PLSPLN6M,D,20240118,000000,5.95309,5.95309,5.95309,5.95309,0,0
PLSPLN6M,D,20240119,000000,5.94478,5.94478,5.94478,5.94478,0,0
PLSPLN6M,D,20240122,000000,5.92557,5.92557,5.92557,5.92557,0,0
PLSPLN6M,D,20240123,000000,5.92407,5.92407,5.92407,5.92407,0,0
PLSPLN6M,D,20240124,000000,5.90808,5.90808,5.90808,5.90808,0,0
PLSPLN6M,D,20240125,000000,5.90249,5.90249,5.90249,5.90249,0,0
PLSPLN6M,D,20240126,000000,5.89527,5.89527,5.89527,5.89527,0,0
PLSPLN6M,D,20240129,000000,5.87739,5.87739,5.87739,5.87739,0,0
PLSPLN6M,D,20240130,000000,5.87553,5.87553,5.87553,5.87553,0,0
PLSPLN6M,D,20240131,000000,5.85607,5.85607,5.85607,5.85607,0,0
PLSPLN6M,D,20240201,000000,5.85031,5.85031,5.85031,5.85031,0,0
PLSPLN6M,D,20240202,000000,5.84434,5.84434,5.84434,5.84434,0,0
PLSPLN6M,D,20240205,000000,5.83236,5.83236,5.83236,5.83236,0,0
PLSPLN6M,D,20240206,000000,5.83168,5.83168,5.83168,5.83168,0,0
PLSPLN6M,D,20240207,000000,5.81237,5.81237,5.81237,5.81237,0,0
PLSPLN6M,D,20240208,000000,5.80577,5.80577,5.80577,5.80577,0,0
PLSPLN6M,D,20240209,000000,5.79871,5.79871,5.79871,5.79871,0,0
PLSPLN6M,D,20240212,000000,5.78429,5.78429,5.78429,5.78429,0,0
PLSPLN6M,D,20240213,000000,5.7837,5.7837,5.7837,5.7837,0,0
PLSPLN6M,D,20240214,000000,5.76558,5.76558,5.76558,5.76558,0,0
PLSPLN6M,D,20240215,000000,5.76478,5.76478,5.76478,5.76478,0,0
PLSPLN6M,D,20240216,000000,5.75108,5.75108,5.75108,5.75108,0,0
PLSPLN6M,D,20240219,000000,5.73697,5.73697,5.73697,5.73697,0,0
PLSPLN6M,D,20240220,000000,5.73632,5.73632,5.73632,5.73632,0,0
PLSPLN6M,D,20240221,000000,5.71658,5.71658,5.71658,5.71658,0,0
PLSPLN6M,D,20240222,000000,5.70828,5.70828,5.70828,5.70828,0,0
PLSPLN6M,D,20240223,000000,5.69874,5.69874,5.69874,5.69874,0,0
PLSPLN6M,D,20240226,000000,5.6831,5.6831,5.6831,5.6831,0,0
PLSPLN6M,D,20240227,000000,5.68267,5.68267,5.68267,5.68267,0,0
PLSPLN6M,D,20240228,000000,5.66487,5.66487,5.66487,5.66487,0,0
PLSPLN6M,D,20240229,000000,5.65939,5.65939,5.65939,5.65939,0,0
PLSPLN6M,D,20240301,000000,5.63841,5.63841,5.63841,5.63841,0,0
PLSPLN6M,D,20240304,000000,5.61814,5.61814,5.61814,5.61814,0,0
PLSPLN6M,D,20240305,000000,5.61089,5.61089,5.61089,5.61089,0,0
PLSPLN6M,D,20240306,000000,5.6042,5.6042,5.6042,5.6042,0,0
PLSPLN6M,D,20240307,000000,5.59718,5.59718,5.59718,5.59718,0,0
PLSPLN6M,D,20240308,000000,5.59347,5.59347,5.59347,5.59347,0,0
PLSPLN6M,D,20240311,000000,5.58874,5.58874,5.58874,5.58874,0,0
PLSPLN6M,D,20240312,000000,5.58636,5.58636,5.58636,5.58636,0,0
PLSPLN6M,D,20240313,000000,5.58562,5.58562,5.58562,5.58562,0,0
PLSPLN6M,D,20240314,000000,5.58457,5.58457,5.58457,5.58457,0,0
PLSPLN6M,D,20240315,000000,5.5842,5.5842,5.5842,5.5842,0,0
PLSPLN6M,D,20240318,000000,5.58381,5.58381,5.58381,5.58381,0,0
PLSPLN6M,D,20240319,000000,5.58283,5.58283,5.58283,5.58283,0,0
PLSPLN6M,D,20240320,000000,5.58094,5.58094,5.58094,5.58094,0,0
PLSPLN6M,D,20240321,000000,5.5798,5.5798,5.5798,5.5798,0,0
PLSPLN6M,D,20240322,000000,5.57887,5.57887,5.57887,5.57887,0,0
PLSPLN6M,D,20240325,000000,5.5748,5.5748,5.5748,5.5748,0,0
PLSPLN6M,D,20240326,000000,5.57314,5.57314,5.57314,5.57314,0,0
PLSPLN6M,D,20240327,000000,5.57123,5.57123,5.57123,5.57123,0,0
PLSPLN6M,D,20240328,000000,5.57006,5.57006,5.57006,5.57006,0,0
PLSPLN6M,D,20240329,000000,5.56847,5.56847,5.56847,5.56847,0,0
PLSPLN6M,D,20240402,000000,5.55437,5.55437,5.55437,5.55437,0,0
PLSPLN6M,D,20240403,000000,5.5531,5.5531,5.5531,5.5531,0,0
PLSPLN6M,D,20240404,000000,5.55357,5.55357,5.55357,5.55357,0,0
PLSPLN6M,D,20240405,000000,5.55399,5.55399,5.55399,5.55399,0,0
PLSPLN6M,D,20240408,000000,5.55756,5.55756,5.55756,5.55756,0,0
PLSPLN6M,D,20240409,000000,5.55696,5.55696,5.55696,5.55696,0,0
PLSPLN6M,D,20240410,000000,5.55718,5.55718,5.55718,5.55718,0,0
PLSPLN6M,D,20240411,000000,5.55541,5.55541,5.55541,5.55541,0,0
PLSPLN6M,D,20240412,000000,5.5541,5.5541,5.5541,5.5541,0,0
PLSPLN6M,D,20240415,000000,5.55484,5.55484,5.55484,5.55484,0,0
PLSPLN6M,D,20240416,000000,5.54952,5.54952,5.54952,5.54952,0,0
PLSPLN6M,D,20240417,000000,5.54862,5.54862,5.54862,5.54862,0,0
PLSPLN6M,D,20240418,000000,5.54899,5.54899,5.54899,5.54899,0,0
PLSPLN6M,D,20240419,000000,5.55043,5.55043,5.55043,5.55043,0,0
PLSPLN6M,D,20240422,000000,5.55247,5.55247,5.55247,5.55247,0,0
PLSPLN6M,D,20240423,000000,5.55104,5.55104,5.55104,5.55104,0,0
PLSPLN6M,D,20240424,000000,5.55098,5.55098,5.55098,5.55098,0,0
PLSPLN6M,D,20240425,000000,5.55107,5.55107,5.55107,5.55107,0,0
PLSPLN6M,D,20240426,000000,5.55162,5.55162,5.55162,5.55162,0,0
PLSPLN6M,D,20240429,000000,5.55177,5.55177,5.55177,5.55177,0,0
PLSPLN6M,D,20240430,000000,5.55488,5.55488,5.55488,5.55488,0,0
PLSPLN6M,D,20240502,000000,5.55883,5.55883,5.55883,5.55883,0,0
PLSPLN6M,D,20240506,000000,5.56205,5.56205,5.56205,5.56205,0,0
PLSPLN6M,D,20240507,000000,5.5617,5.5617,5.5617,5.5617,0,0
PLSPLN6M,D,20240508,000000,5.56246,5.56246,5.56246,5.56246,0,0
PLSPLN6M,D,20240509,000000,5.56251,5.56251,5.56251,5.56251,0,0
PLSPLN6M,D,20240510,000000,5.5625,5.5625,5.5625,5.5625,0,0
PLSPLN6M,D,20240513,000000,5.56348,5.56348,5.56348,5.56348,0,0
PLSPLN6M,D,20240514,000000,5.56435,5.56435,5.56435,5.56435,0,0
PLSPLN6M,D,20240515,000000,5.56499,5.56499,5.56499,5.56499,0,0
PLSPLN6M,D,20240516,000000,5.5663,5.5663,5.5663,5.5663,0,0
PLSPLN6M,D,20240517,000000,5.56696,5.56696,5.56696,5.56696,0,0
PLSPLN6M,D,20240520,000000,5.56719,5.56719,5.56719,5.56719,0,0
PLSPLN6M,D,20240521,000000,5.56722,5.56722,5.56722,5.56722,0,0
PLSPLN6M,D,20240522,000000,5.567,5.567,5.567,5.567,0,0
PLSPLN6M,D,20240523,000000,5.56658,5.56658,5.56658,5.56658,0,0
PLSPLN6M,D,20240524,000000,5.56585,5.56585,5.56585,5.56585,0,0
PLSPLN6M,D,20240527,000000,5.56644,5.56644,5.56644,5.56644,0,0
PLSPLN6M,D,20240528,000000,5.56707,5.56707,5.56707,5.56707,0,0
PLSPLN6M,D,20240529,000000,5.56809,5.56809,5.56809,5.56809,0,0
PLSPLN6M,D,20240531,000000,5.57145,5.57145,5.57145,5.57145,0,0
PLSPLN6M,D,20240603,000000,5.57633,5.57633,5.57633,5.57633,0,0
PLSPLN6M,D,20240604,000000,5.57449,5.57449,5.57449,5.57449,0,0
PLSPLN6M,D,20240605,000000,5.5741,5.5741,5.5741,5.5741,0,0
PLSPLN6M,D,20240606,000000,5.57507,5.57507,5.57507,5.57507,0,0
PLSPLN6M,D,20240607,000000,5.57576,5.57576,5.57576,5.57576,0,0
PLSPLN6M,D,20240610,000000,5.5782,5.5782,5.5782,5.5782,0,0
PLSPLN6M,D,20240611,000000,5.57688,5.57688,5.57688,5.57688,0,0
PLSPLN6M,D,20240612,000000,5.57685,5.57685,5.57685,5.57685,0,0
PLSPLN6M,D,20240613,000000,5.57693,5.57693,5.57693,5.57693,0,0
PLSPLN6M,D,20240614,000000,5.57659,5.57659,5.57659,5.57659,0,0
PLSPLN6M,D,20240617,000000,5.57717,5.57717,5.57717,5.57717,0,0
PLSPLN6M,D,20240618,000000,5.57681,5.57681,5.57681,5.57681,0,0
PLSPLN6M,D,20240619,000000,5.57676,5.57676,5.57676,5.57676,0,0
PLSPLN6M,D,20240620,000000,5.57666,5.57666,5.57666,5.57666,0,0
PLSPLN6M,D,20240621,000000,5.57744,5.57744,5.57744,5.57744,0,0
PLSPLN6M,D,20240624,000000,5.57832,5.57832,5.57832,5.57832,0,0
PLSPLN6M,D,20240625,000000,5.57851,5.57851,5.57851,5.57851,0,0
PLSPLN6M,D,20240626,000000,5.57967,5.57967,5.57967,5.57967,0,0
PLSPLN6M,D,20240627,000000,5.5842,5.5842,5.5842,5.5842,0,0
PLSPLN6M,D,20240628,000000,5.58438,5.58438,5.58438,5.58438,0,0
PLSPLN6M,D,20240701,000000,5.58767,5.58767,5.58767,5.58767,0,0
PLSPLN6M,D,20240702,000000,5.58858,5.58858,5.58858,5.58858,0,0
PLSPLN6M,D,20240703,000000,5.58989,5.58989,5.58989,5.58989,0,0
PLSPLN6M,D,20240704,000000,5.5911,5.5911,5.5911,5.5911,0,0
PLSPLN6M,D,20240705,000000,5.5926,5.5926,5.5926,5.5926,0,0
PLSPLN6M,D,20240708,000000,5.59848,5.59848,5.59848,5.59848,0,0
PLSPLN6M,D,20240709,000000,5.6002,5.6002,5.6002,5.6002,0,0
PLSPLN6M,D,20240710,000000,5.60204,5.60204,5.60204,5.60204,0,0
PLSPLN6M,D,20240711,000000,5.60321,5.60321,5.60321,5.60321,0,0
PLSPLN6M,D,20240712,000000,5.60413,5.60413,5.60413,5.60413,0,0
PLSPLN6M,D,20240715,000000,5.60787,5.60787,5.60787,5.60787,0,0
PLSPLN6M,D,20240716,000000,5.60963,5.60963,5.60963,5.60963,0,0
PLSPLN6M,D,20240717,000000,5.61168,5.61168,5.61168,5.61168,0,0
PLSPLN6M,D,20240718,000000,5.61323,5.61323,5.61323,5.61323,0,0
PLSPLN6M,D,20240719,000000,5.61472,5.61472,5.61472,5.61472,0,0
PLSPLN6M,D,20240722,000000,5.61768,5.61768,5.61768,5.61768,0,0
PLSPLN6M,D,20240723,000000,5.61802,5.61802,5.61802,5.61802,0,0
PLSPLN6M,D,20240724,000000,5.61826,5.61826,5.61826,5.61826,0,0
PLSPLN6M,D,20240725,000000,5.61814,5.61814,5.61814,5.61814,0,0
PLSPLN6M,D,20240726,000000,5.61881,5.61881,5.61881,5.61881,0,0
PLSPLN6M,D,20240729,000000,5.61955,5.61955,5.61955,5.61955,0,0
PLSPLN6M,D,20240730,000000,5.61975,5.61975,5.61975,5.61975,0,0
PLSPLN6M,D,20240731,000000,5.61842,5.61842,5.61842,5.61842,0,0
PLSPLN6M,D,20240801,000000,5.61214,5.61214,5.61214,5.61214,0,0
PLSPLN6M,D,20240802,000000,5.61183,5.61183,5.61183,5.61183,0,0
PLSPLN6M,D,20240805,000000,5.61191,5.61191,5.61191,5.61191,0,0
PLSPLN6M,D,20240806,000000,5.61258,5.61258,5.61258,5.61258,0,0
PLSPLN6M,D,20240807,000000,5.6136,5.6136,5.6136,5.6136,0,0
PLSPLN6M,D,20240808,000000,5.61381,5.61381,5.61381,5.61381,0,0
PLSPLN6M,D,20240809,000000,5.61482,5.61482,5.61482,5.61482,0,0
PLSPLN6M,D,20240812,000000,5.61707,5.61707,5.61707,5.61707,0,0
PLSPLN6M,D,20240813,000000,5.61748,5.61748,5.61748,5.61748,0,0
PLSPLN6M,D,20240814,000000,5.61785,5.61785,5.61785,5.61785,0,0
PLSPLN6M,D,20240816,000000,5.61882,5.61882,5.61882,5.61882,0,0
PLSPLN6M,D,20240819,000000,5.6204,5.6204,5.6204,5.6204,0,0
PLSPLN6M,D,20240820,000000,5.62082,5.62082,5.62082,5.62082,0,0
PLSPLN6M,D,20240821,000000,5.62053,5.62053,5.62053,5.62053,0,0
PLSPLN6M,D,20240822,000000,5.62134,5.62134,5.62134,5.62134,0,0
PLSPLN6M,D,20240823,000000,5.6224,5.6224,5.6224,5.6224,0,0
PLSPLN6M,D,20240826,000000,5.62334,5.62334,5.62334,5.62334,0,0
PLSPLN6M,D,20240827,000000,5.62409,5.62409,5.62409,5.62409,0,0
PLSPLN6M,D,20240828,000000,5.62554,5.62554,5.62554,5.62554,0,0
PLSPLN6M,D,20240829,000000,5.62556,5.62556,5.62556,5.62556,0,0
PLSPLN6M,D,20240830,000000,5.62801,5.62801,5.62801,5.62801,0,0
PLSPLN6M,D,20240902,000000,5.62223,5.62223,5.62223,5.62223,0,0
PLSPLN6M,D,20240903,000000,5.62252,5.62252,5.62252,5.62252,0,0
PLSPLN6M,D,20240904,000000,5.62215,5.62215,5.62215,5.62215,0,0
PLSPLN6M,D,20240905,000000,5.62259,5.62259,5.62259,5.62259,0,0
PLSPLN6M,D,20240906,000000,5.62246,5.62246,5.62246,5.62246,0,0
PLSPLN6M,D,20240909,000000,5.62365,5.62365,5.62365,5.62365,0,0
PLSPLN6M,D,20240910,000000,5.62475,5.62475,5.62475,5.62475,0,0
PLSPLN6M,D,20240911,000000,5.62599,5.62599,5.62599,5.62599,0,0
PLSPLN6M,D,20240912,000000,5.62655,5.62655,5.62655,5.62655,0,0
PLSPLN6M,D,20240913,000000,5.62683,5.62683,5.62683,5.62683,0,0
PLSPLN6M,D,20240916,000000,5.62797,5.62797,5.62797,5.62797,0,0
PLSPLN6M,D,20240917,000000,5.62889,5.62889,5.62889,5.62889,0,0
PLSPLN6M,D,20240918,000000,5.6276,5.6276,5.6276,5.6276,0,0
PLSPLN6M,D,20240919,000000,5.62837,5.62837,5.62837,5.62837,0,0
PLSPLN6M,D,20240920,000000,5.62935,5.62935,5.62935,5.62935,0,0
PLSPLN6M,D,20240923,000000,5.62721,5.62721,5.62721,5.62721,0,0
PLSPLN6M,D,20240924,000000,5.62671,5.62671,5.62671,5.62671,0,0
PLSPLN6M,D,20240925,000000,5.62849,5.62849,5.62849,5.62849,0,0
PLSPLN6M,D,20240926,000000,5.6289,5.6289,5.6289,5.6289,0,0
PLSPLN6M,D,20240927,000000,5.62919,5.62919,5.62919,5.62919,0,0
PLSPLN6M,D,20240930,000000,5.63276,5.63276,5.63276,5.63276,0,0
PLSPLN6M,D,20241001,000000,5.64052,5.64052,5.64052,5.64052,0,0
PLSPLN6M,D,20241002,000000,5.64066,5.64066,5.64066,5.64066,0,0
PLSPLN6M,D,20241003,000000,5.64095,5.64095,5.64095,5.64095,0,0
PLSPLN6M,D,20241004,000000,5.64009,5.64009,5.64009,5.64009,0,0
PLSPLN6M,D,20241007,000000,5.64026,5.64026,5.64026,5.64026,0,0
PLSPLN6M,D,20241008,000000,5.63813,5.63813,5.63813,5.63813,0,0
PLSPLN6M,D,20241009,000000,5.63829,5.63829,5.63829,5.63829,0,0
PLSPLN6M,D,20241010,000000,5.63823,5.63823,5.63823,5.63823,0,0
PLSPLN6M,D,20241011,000000,5.63878,5.63878,5.63878,5.63878,0,0
PLSPLN6M,D,20241014,000000,5.63892,5.63892,5.63892,5.63892,0,0
PLSPLN6M,D,20241015,000000,5.63773,5.63773,5.63773,5.63773,0,0
PLSPLN6M,D,20241016,000000,5.63856,5.63856,5.63856,5.63856,0,0
PLSPLN6M,D,20241017,000000,5.63857,5.63857,5.63857,5.63857,0,0
PLSPLN6M,D,20241018,000000,5.63781,5.63781,5.63781,5.63781,0,0
PLSPLN6M,D,20241021,000000,5.63504,5.63504,5.63504,5.63504,0,0
PLSPLN6M,D,20241022,000000,5.63298,5.63298,5.63298,5.63298,0,0
PLSPLN6M,D,20241023,000000,5.63321,5.63321,5.63321,5.63321,0,0
PLSPLN6M,D,20241024,000000,5.63251,5.63251,5.63251,5.63251,0,0
PLSPLN6M,D,20241025,000000,5.63305,5.63305,5.63305,5.63305,0,0
PLSPLN6M,D,20241028,000000,5.63308,5.63308,5.63308,5.63308,0,0
PLSPLN6M,D,20241029,000000,5.63519,5.63519,5.63519,5.63519,0,0
PLSPLN6M,D,20241030,000000,5.63389,5.63389,5.63389,5.63389,0,0
PLSPLN6M,D,20241031,000000,5.63524,5.63524,5.63524,5.63524,0,0
PLSPLN6M,D,20241104,000000,5.60848,5.60848,5.60848,5.60848,0,0
PLSPLN6M,D,20241105,000000,5.61,5.61,5.61,5.61,0,0
PLSPLN6M,D,20241106,000000,5.60583,5.60583,5.60583,5.60583,0,0
PLSPLN6M,D,20241107,000000,5.60634,5.60634,5.60634,5.60634,0,0
PLSPLN6M,D,20241108,000000,5.60613,5.60613,5.60613,5.60613,0,0
PLSPLN6M,D,20241112,000000,5.6108,5.6108,5.6108,5.6108,0,0
PLSPLN6M,D,20241113,000000,5.61032,5.61032,5.61032,5.61032,0,0
PLSPLN6M,D,20241114,000000,5.61097,5.61097,5.61097,5.61097,0,0
PLSPLN6M,D,20241115,000000,5.61105,5.61105,5.61105,5.61105,0,0
PLSPLN6M,D,20241118,000000,5.61079,5.61079,5.61079,5.61079,0,0
PLSPLN6M,D,20241119,000000,5.61141,5.61141,5.61141,5.61141,0,0
PLSPLN6M,D,20241120,000000,5.61014,5.61014,5.61014,5.61014,0,0
PLSPLN6M,D,20241121,000000,5.61037,5.61037,5.61037,5.61037,0,0
PLSPLN6M,D,20241122,000000,5.61044,5.61044,5.61044,5.61044,0,0
PLSPLN6M,D,20241125,000000,5.61108,5.61108,5.61108,5.61108,0,0
PLSPLN6M,D,20241126,000000,5.61151,5.61151,5.61151,5.61151,0,0
PLSPLN6M,D,20241127,000000,5.61425,5.61425,5.61425,5.61425,0,0
PLSPLN6M,D,20241128,000000,5.61489,5.61489,5.61489,5.61489,0,0
PLSPLN6M,D,20241129,000000,5.61584,5.61584,5.61584,5.61584,0,0
PLSPLN6M,D,20241202,000000,5.6082,5.6082,5.6082,5.6082,0,0
PLSPLN6M,D,20241203,000000,5.60834,5.60834,5.60834,5.60834,0,0
PLSPLN6M,D,20241204,000000,5.60926,5.60926,5.60926,5.60926,0,0
PLSPLN6M,D,20241205,000000,5.60991,5.60991,5.60991,5.60991,0,0
PLSPLN6M,D,20241206,000000,5.60945,5.60945,5.60945,5.60945,0,0
PLSPLN6M,D,20241209,000000,5.6095,5.6095,5.6095,5.6095,0,0
PLSPLN6M,D,20241210,000000,5.6073,5.6073,5.6073,5.6073,0,0
PLSPLN6M,D,20241211,000000,5.60762,5.60762,5.60762,5.60762,0,0
PLSPLN6M,D,20241212,000000,5.60732,5.60732,5.60732,5.60732,0,0
PLSPLN6M,D,20241213,000000,5.60687,5.60687,5.60687,5.60687,0,0
PLSPLN6M,D,20241216,000000,5.60521,5.60521,5.60521,5.60521,0,0
PLSPLN6M,D,20241217,000000,5.60421,5.60421,5.60421,5.60421,0,0
PLSPLN6M,D,20241218,000000,5.60472,5.60472,5.60472,5.60472,0,0
PLSPLN6M,D,20241219,000000,5.60469,5.60469,5.60469,5.60469,0,0
PLSPLN6M,D,20241220,000000,5.60395,5.60395,5.60395,5.60395,0,0
PLSPLN6M,D,20241223,000000,5.60137,5.60137,5.60137,5.60137,0,0
PLSPLN6M,D,20241224,000000,5.60131,5.60131,5.60131,5.60131,0,0
PLSPLN6M,D,20241227,000000,5.59896,5.59896,5.59896,5.59896,0,0
PLSPLN6M,D,20241230,000000,5.59495,5.59495,5.59495,5.59495,0,0
PLSPLN6M,D,20241231,000000,5.59502,5.59502,5.59502,5.59502,0,0
PLSPLN6M,D,20250102,000000,5.58733,5.58733,5.58733,5.58733,0,0
PLSPLN6M,D,20250103,000000,5.58638,5.58638,5.58638,5.58638,0,0
PLSPLN6M,D,20250107,000000,5.58648,5.58648,5.58648,5.58648,0,0
PLSPLN6M,D,20250108,000000,5.58285,5.58285,5.58285,5.58285,0,0
PLSPLN6M,D,20250109,000000,5.58247,5.58247,5.58247,5.58247,0,0
PLSPLN6M,D,20250110,000000,5.58189,5.58189,5.58189,5.58189,0,0
PLSPLN6M,D,20250113,000000,5.58135,5.58135,5.58135,5.58135,0,0
PLSPLN6M,D,20250114,000000,5.58205,5.58205,5.58205,5.58205,0,0
PLSPLN6M,D,20250115,000000,5.58098,5.58098,5.58098,5.58098,0,0
PLSPLN6M,D,20250116,000000,5.58149,5.58149,5.58149,5.58149,0,0
PLSPLN6M,D,20250117,000000,5.58158,5.58158,5.58158,5.58158,0,0
PLSPLN6M,D,20250120,000000,5.58096,5.58096,5.58096,5.58096,0,0
PLSPLN6M,D,20250121,000000,5.5815,5.5815,5.5815,5.5815,0,0
PLSPLN6M,D,20250122,000000,5.58078,5.58078,5.58078,5.58078,0,0
PLSPLN6M,D,20250123,000000,5.58116,5.58116,5.58116,5.58116,0,0
PLSPLN6M,D,20250124,000000,5.58088,5.58088,5.58088,5.58088,0,0
PLSPLN6M,D,20250127,000000,5.57968,5.57968,5.57968,5.57968,0,0
PLSPLN6M,D,20250128,000000,5.58,5.58,5.58,5.58,0,0
PLSPLN6M,D,20250129,000000,5.58124,5.58124,5.58124,5.58124,0,0
PLSPLN6M,D,20250130,000000,5.58279,5.58279,5.58279,5.58279,0,0
PLSPLN6M,D,20250131,000000,5.58375,5.58375,5.58375,5.58375,0,0
PLSPLN6M,D,20250203,000000,5.57854,5.57854,5.57854,5.57854,0,0
PLSPLN6M,D,20250204,000000,5.57821,5.57821,5.57821,5.57821,0,0
PLSPLN6M,D,20250205,000000,5.57497,5.57497,5.57497,5.57497,0,0
PLSPLN6M,D,20250206,000000,5.57418,5.57418,5.57418,5.57418,0,0
PLSPLN6M,D,20250207,000000,5.57371,5.57371,5.57371,5.57371,0,0
PLSPLN6M,D,20250210,000000,5.57106,5.57106,5.57106,5.57106,0,0
PLSPLN6M,D,20250211,000000,5.57178,5.57178,5.57178,5.57178,0,0
PLSPLN6M,D,20250212,000000,5.56853,5.56853,5.56853,5.56853,0,0
PLSPLN6M,D,20250213,000000,5.56804,5.56804,5.56804,5.56804,0,0
PLSPLN6M,D,20250214,000000,5.56779,5.56779,5.56779,5.56779,0,0
PLSPLN6M,D,20250217,000000,5.56687,5.56687,5.56687,5.56687,0,0
PLSPLN6M,D,20250218,000000,5.56748,5.56748,5.56748,5.56748,0,0
PLSPLN6M,D,20250219,000000,5.56506,5.56506,5.56506,5.56506,0,0
PLSPLN6M,D,20250220,000000,5.56448,5.56448,5.56448,5.56448,0,0
PLSPLN6M,D,20250221,000000,5.56462,5.56462,5.56462,5.56462,0,0
PLSPLN6M,D,20250224,000000,5.56395,5.56395,5.56395,5.56395,0,0
PLSPLN6M,D,20250225,000000,5.56419,5.56419,5.56419,5.56419,0,0
PLSPLN6M,D,20250226,000000,5.56239,5.56239,5.56239,5.56239,0,0
PLSPLN6M,D,20250227,000000,5.56135,5.56135,5.56135,5.56135,0,0
PLSPLN6M,D,20250228,000000,5.55983,5.55983,5.55983,5.55983,0,0
PLSPLN6M,D,20250303,000000,5.53954,5.53954,5.53954,5.53954,0,0
PLSPLN6M,D,20250304,000000,5.53841,5.53841,5.53841,5.53841,0,0
PLSPLN6M,D,20250305,000000,5.53774,5.53774,5.53774,5.53774,0,0
PLSPLN6M,D,20250306,000000,5.537,5.537,5.537,5.537,0,0
PLSPLN6M,D,20250307,000000,5.53777,5.53777,5.53777,5.53777,0,0
PLSPLN6M,D,20250310,000000,5.53373,5.53373,5.53373,5.53373,0,0
PLSPLN6M,D,20250311,000000,5.53332,5.53332,5.53332,5.53332,0,0
PLSPLN6M,D,20250312,000000,5.5327,5.5327,5.5327,5.5327,0,0
PLSPLN6M,D,20250313,000000,5.53198,5.53198,5.53198,5.53198,0,0
PLSPLN6M,D,20250314,000000,5.53255,5.53255,5.53255,5.53255,0,0
PLSPLN6M,D,20250317,000000,5.52867,5.52867,5.52867,5.52867,0,0
PLSPLN6M,D,20250318,000000,5.5287,5.5287,5.5287,5.5287,0,0
PLSPLN6M,D,20250319,000000,5.52811,5.52811,5.52811,5.52811,0,0
PLSPLN6M,D,20250320,000000,5.5276,5.5276,5.5276,5.5276,0,0
PLSPLN6M,D,20250321,000000,5.52846,5.52846,5.52846,5.52846,0,0
PLSPLN6M,D,20250324,000000,5.53204,5.53204,5.53204,5.53204,0,0
PLSPLN6M,D,20250325,000000,5.53263,5.53263,5.53263,5.53263,0,0
PLSPLN6M,D,20250326,000000,5.53344,5.53344,5.53344,5.53344,0,0
PLSPLN6M,D,20250327,000000,5.53425,5.53425,5.53425,5.53425,0,0
PLSPLN6M,D,20250328,000000,5.53531,5.53531,5.53531,5.53531,0,0
PLSPLN6M,D,20250331,000000,5.53465,5.53465,5.53465,5.53465,0,0
PLSPLN6M,D,20250401,000000,5.53282,5.53282,5.53282,5.53282,0,0
PLSPLN6M,D,20250402,000000,5.5331,5.5331,5.5331,5.5331,0,0
PLSPLN6M,D,20250403,000000,5.53306,5.53306,5.53306,5.53306,0,0
PLSPLN6M,D,20250404,000000,5.53343,5.53343,5.53343,5.53343,0,0
PLSPLN6M,D,20250407,000000,5.53416,5.53416,5.53416,5.53416,0,0
PLSPLN6M,D,20250408,000000,5.53388,5.53388,5.53388,5.53388,0,0
PLSPLN6M,D,20250409,000000,5.53374,5.53374,5.53374,5.53374,0,0
PLSPLN6M,D,20250410,000000,5.53354,5.53354,5.53354,5.53354,0,0
PLSPLN6M,D,20250411,000000,5.53362,5.53362,5.53362,5.53362,0,0
PLSPLN6M,D,20250414,000000,5.53782,5.53782,5.53782,5.53782,0,0
PLSPLN6M,D,20250415,000000,5.53796,5.53796,5.53796,5.53796,0,0
PLSPLN6M,D,20250416,000000,5.53718,5.53718,5.53718,5.53718,0,0
PLSPLN6M,D,20250417,000000,5.53668,5.53668,5.53668,5.53668,0,0
PLSPLN6M,D,20250418,000000,5.53701,5.53701,5.53701,5.53701,0,0
PLSPLN6M,D,20250422,000000,5.54211,5.54211,5.54211,5.54211,0,0
PLSPLN6M,D,20250423,000000,5.54259,5.54259,5.54259,5.54259,0,0
PLSPLN6M,D,20250424,000000,5.54329,5.54329,5.54329,5.54329,0,0
PLSPLN6M,D,20250425,000000,5.54272,5.54272,5.54272,5.54272,0,0
PLSPLN6M,D,20250428,000000,5.54393,5.54393,5.54393,5.54393,0,0
PLSPLN6M,D,20250429,000000,5.54394,5.54394,5.54394,5.54394,0,0
PLSPLN6M,D,20250430,000000,5.5438,5.5438,5.5438,5.5438,0,0
PLSPLN6M,D,20250502,000000,5.56848,5.56848,5.56848,5.56848,0,0
PLSPLN6M,D,20250505,000000,5.5686,5.5686,5.5686,5.5686,0,0
PLSPLN6M,D,20250506,000000,5.56876,5.56876,5.56876,5.56876,0,0
PLSPLN6M,D,20250507,000000,5.56855,5.56855,5.56855,5.56855,0,0
PLSPLN6M,D,20250508,000000,5.56846,5.56846,5.56846,5.56846,0,0
PLSPLN6M,D,20250509,000000,5.56881,5.56881,5.56881,5.56881,0,0
PLSPLN6M,D,20250512,000000,5.56694,5.56694,5.56694,5.56694,0,0
PLSPLN6M,D,20250513,000000,5.56349,5.56349,5.56349,5.56349,0,0
PLSPLN6M,D,20250514,000000,5.55977,5.55977,5.55977,5.55977,0,0
PLSPLN6M,D,20250515,000000,5.55633,5.55633,5.55633,5.55633,0,0
PLSPLN6M,D,20250516,000000,5.55467,5.55467,5.55467,5.55467,0,0
PLSPLN6M,D,20250519,000000,5.54471,5.54471,5.54471,5.54471,0,0
PLSPLN6M,D,20250520,000000,5.54185,5.54185,5.54185,5.54185,0,0
PLSPLN6M,D,20250521,000000,5.53905,5.53905,5.53905,5.53905,0,0
PLSPLN6M,D,20250522,000000,5.5363,5.5363,5.5363,5.5363,0,0
PLSPLN6M,D,20250523,000000,5.53441,5.53441,5.53441,5.53441,0,0
PLSPLN6M,D,20250526,000000,5.5266,5.5266,5.5266,5.5266,0,0
PLSPLN6M,D,20250527,000000,5.52322,5.52322,5.52322,5.52322,0,0
PLSPLN6M,D,20250528,000000,5.5194,5.5194,5.5194,5.5194,0,0
PLSPLN6M,D,20250529,000000,5.51578,5.51578,5.51578,5.51578,0,0
PLSPLN6M,D,20250530,000000,5.51417,5.51417,5.51417,5.51417,0,0
PLSPLN6M,D,20250602,000000,5.49586,5.49586,5.49586,5.49586,0,0
PLSPLN6M,D,20250603,000000,5.49385,5.49385,5.49385,5.49385,0,0
PLSPLN6M,D,20250604,000000,5.4915,5.4915,5.4915,5.4915,0,0
PLSPLN6M,D,20250605,000000,5.48811,5.48811,5.48811,5.48811,0,0
PLSPLN6M,D,20250606,000000,5.48484,5.48484,5.48484,5.48484,0,0
PLSPLN6M,D,20250609,000000,5.47583,5.47583,5.47583,5.47583,0,0
PLSPLN6M,D,20250610,000000,5.47306,5.47306,5.47306,5.47306,0,0
PLSPLN6M,D,20250611,000000,5.47037,5.47037,5.47037,5.47037,0,0
PLSPLN6M,D,20250612,000000,5.4678,5.4678,5.4678,5.4678,0,0
PLSPLN6M,D,20250613,000000,5.46561,5.46561,5.46561,5.46561,0,0
PLSPLN6M,D,20250616,000000,5.46044,5.46044,5.46044,5.46044,0,0
PLSPLN6M,D,20250617,000000,5.45836,5.45836,5.45836,5.45836,0,0
PLSPLN6M,D,20250618,000000,5.45575,5.45575,5.45575,5.45575,0,0
PLSPLN6M,D,20250620,000000,5.45181,5.45181,5.45181,5.45181,0,0
PLSPLN6M,D,20250623,000000,5.44824,5.44824,5.44824,5.44824,0,0
PLSPLN6M,D,20250624,000000,5.44619,5.44619,5.44619,5.44619,0,0
PLSPLN6M,D,20250625,000000,5.44465,5.44465,5.44465,5.44465,0,0
PLSPLN6M,D,20250626,000000,5.44329,5.44329,5.44329,5.44329,0,0
PLSPLN6M,D,20250627,000000,5.43942,5.43942,5.43942,5.43942,0,0
PLSPLN6M,D,20250630,000000,5.43664,5.43664,5.43664,5.43664,0,0
PLSPLN6M,D,20250701,000000,5.43936,5.43936,5.43936,5.43936,0,0
PLSPLN6M,D,20250702,000000,5.43758,5.43758,5.43758,5.43758,0,0
PLSPLN6M,D,20250703,000000,5.43549,5.43549,5.43549,5.43549,0,0
PLSPLN6M,D,20250704,000000,5.43367,5.43367,5.43367,5.43367,0,0
PLSPLN6M,D,20250707,000000,5.42217,5.42217,5.42217,5.42217,0,0
PLSPLN6M,D,20250708,000000,5.41968,5.41968,5.41968,5.41968,0,0
PLSPLN6M,D,20250709,000000,5.41659,5.41659,5.41659,5.41659,0,0
PLSPLN6M,D,20250710,000000,5.41364,5.41364,5.41364,5.41364,0,0
PLSPLN6M,D,20250711,000000,5.41201,5.41201,5.41201,5.41201,0,0
PLSPLN6M,D,20250714,000000,5.4032,5.4032,5.4032,5.4032,0,0
PLSPLN6M,D,20250715,000000,5.39944,5.39944,5.39944,5.39944,0,0
PLSPLN6M,D,20250716,000000,5.39497,5.39497,5.39497,5.39497,0,0
PLSPLN6M,D,20250717,000000,5.3907,5.3907,5.3907,5.3907,0,0
PLSPLN6M,D,20250718,000000,5.38881,5.38881,5.38881,5.38881,0,0
PLSPLN6M,D,20250721,000000,5.37582,5.37582,5.37582,5.37582,0,0
PLSPLN6M,D,20250722,000000,5.37209,5.37209,5.37209,5.37209,0,0
PLSPLN6M,D,20250723,000000,5.36801,5.36801,5.36801,5.36801,0,0
PLSPLN6M,D,20250724,000000,5.36411,5.36411,5.36411,5.36411,0,0
PLSPLN6M,D,20250725,000000,5.36194,5.36194,5.36194,5.36194,0,0
PLSPLN6M,D,20250728,000000,5.35073,5.35073,5.35073,5.35073,0,0
PLSPLN6M,D,20250729,000000,5.34618,5.34618,5.34618,5.34618,0,0
PLSPLN6M,D,20250730,000000,5.34009,5.34009,5.34009,5.34009,0,0
PLSPLN6M,D,20250731,000000,5.33401,5.33401,5.33401,5.33401,0,0
PLSPLN6M,D,20250801,000000,5.3329,5.3329,5.3329,5.3329,0,0
PLSPLN6M,D,20250804,000000,5.32687,5.32687,5.32687,5.32687,0,0
PLSPLN6M,D,20250805,000000,5.32308,5.32308,5.32308,5.32308,0,0
PLSPLN6M,D,20250806,000000,5.31863,5.31863,5.31863,5.31863,0,0
PLSPLN6M,D,20250807,000000,5.31333,5.31333,5.31333,5.31333,0,0
PLSPLN6M,D,20250808,000000,5.31035,5.31035,5.31035,5.31035,0,0
PLSPLN6M,D,20250811,000000,5.30056,5.30056,5.30056,5.30056,0,0
PLSPLN6M,D,20250812,000000,5.29705,5.29705,5.29705,5.29705,0,0
PLSPLN6M,D,20250813,000000,5.29362,5.29362,5.29362,5.29362,0,0
PLSPLN6M,D,20250814,000000,5.29002,5.29002,5.29002,5.29002,0,0
PLSPLN6M,D,20250818,000000,5.27812,5.27812,5.27812,5.27812,0,0
PLSPLN6M,D,20250819,000000,5.27552,5.27552,5.27552,5.27552,0,0
PLSPLN6M,D,20250820,000000,5.27267,5.27267,5.27267,5.27267,0,0
PLSPLN6M,D,20250821,000000,5.26899,5.26899,5.26899,5.26899,0,0
PLSPLN6M,D,20250822,000000,5.26824,5.26824,5.26824,5.26824,0,0
PLSPLN6M,D,20250825,000000,5.25714,5.25714,5.25714,5.25714,0,0
PLSPLN6M,D,20250826,000000,5.25389,5.25389,5.25389,5.25389,0,0
PLSPLN6M,D,20250827,000000,5.25106,5.25106,5.25106,5.25106,0,0
PLSPLN6M,D,20250828,000000,5.24791,5.24791,5.24791,5.24791,0,0
PLSPLN6M,D,20250829,000000,5.24607,5.24607,5.24607,5.24607,0,0
PLSPLN6M,D,20250901,000000,5.23631,5.23631,5.23631,5.23631,0,0
PLSPLN6M,D,20250902,000000,5.2344,5.2344,5.2344,5.2344,0,0
PLSPLN6M,D,20250903,000000,5.23181,5.23181,5.23181,5.23181,0,0
PLSPLN6M,D,20250904,000000,5.22689,5.22689,5.22689,5.22689,0,0
PLSPLN6M,D,20250905,000000,5.22093,5.22093,5.22093,5.22093,0,0
PLSPLN6M,D,20250908,000000,5.20642,5.20642,5.20642,5.20642,0,0
PLSPLN6M,D,20250909,000000,5.20386,5.20386,5.20386,5.20386,0,0
PLSPLN6M,D,20250910,000000,5.19575,5.19575,5.19575,5.19575,0,0
PLSPLN6M,D,20250911,000000,5.19085,5.19085,5.19085,5.19085,0,0
PLSPLN6M,D,20250912,000000,5.18586,5.18586,5.18586,5.18586,0,0
PLSPLN6M,D,20250915,000000,5.17369,5.17369,5.17369,5.17369,0,0
PLSPLN6M,D,20250916,000000,5.17192,5.17192,5.17192,5.17192,0,0
PLSPLN6M,D,20250917,000000,5.16251,5.16251,5.16251,5.16251,0,0
PLSPLN6M,D,20250918,000000,5.15714,5.15714,5.15714,5.15714,0,0
PLSPLN6M,D,20250919,000000,5.15201,5.15201,5.15201,5.15201,0,0
PLSPLN6M,D,20250922,000000,5.13861,5.13861,5.13861,5.13861,0,0
PLSPLN6M,D,20250923,000000,5.13642,5.13642,5.13642,5.13642,0,0
PLSPLN6M,D,20250924,000000,5.12471,5.12471,5.12471,5.12471,0,0
PLSPLN6M,D,20250925,000000,5.11957,5.11957,5.11957,5.11957,0,0
PLSPLN6M,D,20250926,000000,5.11424,5.11424,5.11424,5.11424,0,0
PLSPLN6M,D,20250929,000000,5.10098,5.10098,5.10098,5.10098,0,0
PLSPLN6M,D,20250930,000000,5.09861,5.09861,5.09861,5.09861,0,0
PLSPLN6M,D,20251001,000000,5.08612,5.08612,5.08612,5.08612,0,0
PLSPLN6M,D,20251002,000000,5.08049,5.08049,5.08049,5.08049,0,0
PLSPLN6M,D,20251003,000000,5.0746,5.0746,5.0746,5.0746,0,0
PLSPLN6M,D,20251006,000000,5.06566,5.06566,5.06566,5.06566,0,0
PLSPLN6M,D,20251007,000000,5.05258,5.05258,5.05258,5.05258,0,0
PLSPLN6M,D,20251008,000000,5.04724,5.04724,5.04724,5.04724,0,0
PLSPLN6M,D,20251009,000000,5.04079,5.04079,5.04079,5.04079,0,0
PLSPLN6M,D,20251010,000000,5.03367,5.03367,5.03367,5.03367,0,0
PLSPLN6M,D,20251013,000000,5.02126,5.02126,5.02126,5.02126,0,0
PLSPLN6M,D,20251014,000000,5.0042,5.0042,5.0042,5.0042,0,0
PLSPLN6M,D,20251015,000000,4.99815,4.99815,4.99815,4.99815,0,0
PLSPLN6M,D,20251016,000000,4.99164,4.99164,4.99164,4.99164,0,0
PLSPLN6M,D,20251017,000000,4.98499,4.98499,4.98499,4.98499,0,0
PLSPLN6M,D,20251020,000000,4.97221,4.97221,4.97221,4.97221,0,0
PLSPLN6M,D,20251021,000000,4.96969,4.96969,4.96969,4.96969,0,0
PLSPLN6M,D,20251022,000000,4.94935,4.94935,4.94935,4.94935,0,0
PLSPLN6M,D,20251023,000000,4.9422,4.9422,4.9422,4.9422,0,0
PLSPLN6M,D,20251024,000000,4.93461,4.93461,4.93461,4.93461,0,0
PLSPLN6M,D,20251027,000000,4.92112,4.92112,4.92112,4.92112,0,0
PLSPLN6M,D,20251028,000000,4.90554,4.90554,4.90554,4.90554,0,0
PLSPLN6M,D,20251029,000000,4.89863,4.89863,4.89863,4.89863,0,0
PLSPLN6M,D,20251030,000000,4.89147,4.89147,4.89147,4.89147,0,0
PLSPLN6M,D,20251031,000000,4.88844,4.88844,4.88844,4.88844,0,0
PLSPLN6M,D,20251103,000000,4.85217,4.85217,4.85217,4.85217,0,0
PLSPLN6M,D,20251104,000000,4.84998,4.84998,4.84998,4.84998,0,0
PLSPLN6M,D,20251105,000000,4.83421,4.83421,4.83421,4.83421,0,0
PLSPLN6M,D,20251106,000000,4.82697,4.82697,4.82697,4.82697,0,0
PLSPLN6M,D,20251107,000000,4.81973,4.81973,4.81973,4.81973,0,0
PLSPLN6M,D,20251110,000000,4.8042,4.8042,4.8042,4.8042,0,0
PLSPLN6M,D,20251112,000000,4.78204,4.78204,4.78204,4.78204,0,0
PLSPLN6M,D,20251113,000000,4.77701,4.77701,4.77701,4.77701,0,0
PLSPLN6M,D,20251114,000000,4.77216,4.77216,4.77216,4.77216,0,0
PLSPLN6M,D,20251117,000000,4.76032,4.76032,4.76032,4.76032,0,0
PLSPLN6M,D,20251118,000000,4.75765,4.75765,4.75765,4.75765,0,0
PLSPLN6M,D,20251119,000000,4.74747,4.74747,4.74747,4.74747,0,0
PLSPLN6M,D,20251120,000000,4.74209,4.74209,4.74209,4.74209,0,0
PLSPLN6M,D,20251121,000000,4.73658,4.73658,4.73658,4.73658,0,0
PLSPLN6M,D,20251124,000000,4.72029,4.72029,4.72029,4.72029,0,0
PLSPLN6M,D,20251125,000000,4.7175,4.7175,4.7175,4.7175,0,0
PLSPLN6M,D,20251126,000000,4.70691,4.70691,4.70691,4.70691,0,0
PLSPLN6M,D,20251127,000000,4.70205,4.70205,4.70205,4.70205,0,0
PLSPLN6M,D,20251128,000000,4.69686,4.69686,4.69686,4.69686,0,0
PLSPLN6M,D,20251201,000000,4.67215,4.67215,4.67215,4.67215,0,0
PLSPLN6M,D,20251202,000000,4.66975,4.66975,4.66975,4.66975,0,0
PLSPLN6M,D,20251203,000000,4.66358,4.66358,4.66358,4.66358,0,0
PLSPLN6M,D,20251204,000000,4.6568,4.6568,4.6568,4.6568,0,0
PLSPLN6M,D,20251205,000000,4.6495,4.6495,4.6495,4.6495,0,0
PLSPLN6M,D,20251208,000000,4.6371,4.6371,4.6371,4.6371,0,0
PLSPLN6M,D,20251209,000000,4.6257,4.6257,4.6257,4.6257,0,0
PLSPLN6M,D,20251210,000000,4.61897,4.61897,4.61897,4.61897,0,0
PLSPLN6M,D,20251211,000000,4.61154,4.61154,4.61154,4.61154,0,0
PLSPLN6M,D,20251212,000000,4.60407,4.60407,4.60407,4.60407,0,0
PLSPLN6M,D,20251215,000000,4.58966,4.58966,4.58966,4.58966,0,0
PLSPLN6M,D,20251216,000000,4.57569,4.57569,4.57569,4.57569,0,0
PLSPLN6M,D,20251217,000000,4.56849,4.56849,4.56849,4.56849,0,0
PLSPLN6M,D,20251218,000000,4.561,4.561,4.561,4.561,0,0
PLSPLN6M,D,20251219,000000,4.55664,4.55664,4.55664,4.55664,0,0
PLSPLN6M,D,20251222,000000,4.53587,4.53587,4.53587,4.53587,0,0
PLSPLN6M,D,20251223,000000,4.52011,4.52011,4.52011,4.52011,0,0
PLSPLN6M,D,20251229,000000,4.47782,4.47782,4.47782,4.47782,0,0
PLSPLN6M,D,20251230,000000,4.46172,4.46172,4.46172,4.46172,0,0
PLSPLN6M,D,20251231,000000,4.45708,4.45708,4.45708,4.45708,0,0
PLSPLN6M,D,20260102,000000,4.43047,4.43047,4.43047,4.43047,0,0
PLSPLN6M,D,20260105,000000,4.41151,4.41151,4.41151,4.41151,0,0
PLSPLN6M,D,20260107,000000,4.39371,4.39371,4.39371,4.39371,0,0
PLSPLN6M,D,20260108,000000,4.38599,4.38599,4.38599,4.38599,0,0
PLSPLN6M,D,20260109,000000,4.3782,4.3782,4.3782,4.3782,0,0
PLSPLN6M,D,20260112,000000,4.36454,4.36454,4.36454,4.36454,0,0
PLSPLN6M,D,20260113,000000,4.36221,4.36221,4.36221,4.36221,0,0
PLSPLN6M,D,20260114,000000,4.34659,4.34659,4.34659,4.34659,0,0
PLSPLN6M,D,20260115,000000,4.34082,4.34082,4.34082,4.34082,0,0
PLSPLN6M,D,20260116,000000,4.33484,4.33484,4.33484,4.33484,0,0
PLSPLN6M,D,20260119,000000,4.32118,4.32118,4.32118,4.32118,0,0
PLSPLN6M,D,20260120,000000,4.31863,4.31863,4.31863,4.31863,0,0
PLSPLN6M,D,20260121,000000,4.30586,4.30586,4.30586,4.30586,0,0
PLSPLN6M,D,20260122,000000,4.30002,4.30002,4.30002,4.30002,0,0
PLSPLN6M,D,20260123,000000,4.29434,4.29434,4.29434,4.29434,0,0
PLSPLN6M,D,20260126,000000,4.28145,4.28145,4.28145,4.28145,0,0
PLSPLN6M,D,20260127,000000,4.2793,4.2793,4.2793,4.2793,0,0
PLSPLN6M,D,20260128,000000,4.26451,4.26451,4.26451,4.26451,0,0
PLSPLN6M,D,20260129,000000,4.25889,4.25889,4.25889,4.25889,0,0
PLSPLN6M,D,20260130,000000,4.2542,4.2542,4.2542,4.2542,0,0
PLSPLN6M,D,20260202,000000,4.23445,4.23445,4.23445,4.23445,0,0
PLSPLN6M,D,20260203,000000,4.23155,4.23155,4.23155,4.23155,0,0
PLSPLN6M,D,20260204,000000,4.21712,4.21712,4.21712,4.21712,0,0
PLSPLN6M,D,20260205,000000,4.21112,4.21112,4.21112,4.21112,0,0
PLSPLN6M,D,20260206,000000,4.20571,4.20571,4.20571,4.20571,0,0
PLSPLN6M,D,20260209,000000,4.19299,4.19299,4.19299,4.19299,0,0
PLSPLN6M,D,20260210,000000,4.1915,4.1915,4.1915,4.1915,0,0
