<TICKER>,<PER>,<DATE>,<TIME>,<OPEN>,<HIGH>,<LOW>,<CLOSE>,<VOL>,<OPENINT>
PLSPLN3M,D,20210401,000000,0.00736,0.00736,0.00736,0.00736,0,0
PLSPLN3M,D,20210402,000000,0.00739,0.00739,0.00739,0.00739,0,0
PLSPLN3M,D,20210406,000000,0.00779,0.00779,0.00779,0.00779,0,0
PLSPLN3M,D,20210407,000000,0.00874,0.00874,0.00874,0.00874,0,0
PLSPLN3M,D,20210408,000000,0.00906,0.00906,0.00906,0.00906,0,0
PLSPLN3M,D,20210409,000000,0.00907,0.00907,0.00907,0.00907,0,0
PLSPLN3M,D,20210412,000000,0.00997,0.00997,0.00997,0.00997,0,0
PLSPLN3M,D,20210413,000000,0.01017,0.01017,0.01017,0.01017,0,0
PLSPLN3M,D,20210414,000000,0.0104,0.0104,0.0104,0.0104,0,0
PLSPLN3M,D,20210415,000000,0.01052,0.01052,0.01052,0.01052,0,0
PLSPLN3M,D,20210416,000000,0.01059,0.01059,0.01059,0.01059,0,0
PLSPLN3M,D,20210419,000000,0.01097,0.01097,0.01097,0.01097,0,0
PLSPLN3M,D,20210420,000000,0.01139,0.01139,0.01139,0.01139,0,0
PLSPLN3M,D,20210421,000000,0.0114,0.0114,0.0114,0.0114,0,0
PLSPLN3M,D,20210422,000000,0.01138,0.01138,0.01138,0.01138,0,0
PLSPLN3M,D,20210423,000000,0.01136,0.01136,0.01136,0.01136,0,0
PLSPLN3M,D,20210426,000000,0.0114,0.0114,0.0114,0.0114,0,0
PLSPLN3M,D,20210427,000000,0.01138,0.01138,0.01138,0.01138,0,0
PLSPLN3M,D,20210428,000000,0.01137,0.01137,0.01137,0.01137,0,0
PLSPLN3M,D,20210429,000000,0.01138,0.01138,0.01138,0.01138,0,0
PLSPLN3M,D,20210430,000000,0.01147,0.01147,0.01147,0.01147,0,0
PLSPLN3M,D,20210504,000000,0.01136,0.01136,0.01136,0.01136,0,0
PLSPLN3M,D,20210505,000000,0.01143,0.01143,0.01143,0.01143,0,0
PLSPLN3M,D,20210506,000000,0.01141,0.01141,0.01141,0.01141,0,0
PLSPLN3M,D,20210507,000000,0.01136,0.01136,0.01136,0.01136,0,0
PLSPLN3M,D,20210510,000000,0.01122,0.01122,0.01122,0.01122,0,0
PLSPLN3M,D,20210511,000000,0.01127,0.01127,0.01127,0.01127,0,0
PLSPLN3M,D,20210512,000000,0.01127,0.01127,0.01127,0.01127,0,0
PLSPLN3M,D,20210513,000000,0.01124,0.01124,0.01124,0.01124,0,0
PLSPLN3M,D,20210514,000000,0.01122,0.01122,0.01122,0.01122,0,0
PLSPLN3M,D,20210517,000000,0.01117,0.01117,0.01117,0.01117,0,0
PLSPLN3M,D,20210518,000000,0.01116,0.01116,0.01116,0.01116,0,0
PLSPLN3M,D,20210519,000000,0.01115,0.01115,0.01115,0.01115,0,0
PLSPLN3M,D,20210520,000000,0.01113,0.01113,0.01113,0.01113,0,0
PLSPLN3M,D,20210521,000000,0.0111,0.0111,0.0111,0.0111,0,0
PLSPLN3M,D,20210524,000000,0.01119,0.01119,0.01119,0.01119,0,0
PLSPLN3M,D,20210525,000000,0.01129,0.01129,0.01129,0.01129,0,0
PLSPLN3M,D,20210526,000000,0.01127,0.01127,0.01127,0.01127,0,0
PLSPLN3M,D,20210527,000000,0.01128,0.01128,0.01128,0.01128,0,0
PLSPLN3M,D,20210528,000000,0.01131,0.01131,0.01131,0.01131,0,0
PLSPLN3M,D,20210531,000000,0.01095,0.01095,0.01095,0.01095,0,0
PLSPLN3M,D,20210601,000000,0.0112,0.0112,0.0112,0.0112,0,0
PLSPLN3M,D,20210602,000000,0.01122,0.01122,0.01122,0.01122,0,0
PLSPLN3M,D,20210604,000000,0.01067,0.01067,0.01067,0.01067,0,0
PLSPLN3M,D,20210607,000000,0.01061,0.01061,0.01061,0.01061,0,0
PLSPLN3M,D,20210608,000000,0.01049,0.01049,0.01049,0.01049,0,0
PLSPLN3M,D,20210609,000000,0.01046,0.01046,0.01046,0.01046,0,0
PLSPLN3M,D,20210610,000000,0.01045,0.01045,0.01045,0.01045,0,0
PLSPLN3M,D,20210611,000000,0.01043,0.01043,0.01043,0.01043,0,0
PLSPLN3M,D,20210614,000000,0.01044,0.01044,0.01044,0.01044,0,0
PLSPLN3M,D,20210615,000000,0.01032,0.01032,0.01032,0.01032,0,0
PLSPLN3M,D,20210616,000000,0.01027,0.01027,0.01027,0.01027,0,0
PLSPLN3M,D,20210617,000000,0.01023,0.01023,0.01023,0.01023,0,0
PLSPLN3M,D,20210618,000000,0.01018,0.01018,0.01018,0.01018,0,0
PLSPLN3M,D,20210621,000000,0.01019,0.01019,0.01019,0.01019,0,0
PLSPLN3M,D,20210622,000000,0.01005,0.01005,0.01005,0.01005,0,0
PLSPLN3M,D,20210623,000000,0.01004,0.01004,0.01004,0.01004,0,0
PLSPLN3M,D,20210624,000000,0.01007,0.01007,0.01007,0.01007,0,0
PLSPLN3M,D,20210625,000000,0.01004,0.01004,0.01004,0.01004,0,0
PLSPLN3M,D,20210628,000000,0.00967,0.00967,0.00967,0.00967,0,0
PLSPLN3M,D,20210629,000000,0.00965,0.00965,0.00965,0.00965,0,0
PLSPLN3M,D,20210630,000000,0.00961,0.00961,0.00961,0.00961,0,0
PLSPLN3M,D,20210701,000000,0.00966,0.00966,0.00966,0.00966,0,0
PLSPLN3M,D,20210702,000000,0.00967,0.00967,0.00967,0.00967,0,0
PLSPLN3M,D,20210705,000000,0.0101,0.0101,0.0101,0.0101,0,0
PLSPLN3M,D,20210706,000000,0.00996,0.00996,0.00996,0.00996,0,0
PLSPLN3M,D,20210707,000000,0.00999,0.00999,0.00999,0.00999,0,0
PLSPLN3M,D,20210708,000000,0.01008,0.01008,0.01008,0.01008,0,0
PLSPLN3M,D,20210709,000000,0.01009,0.01009,0.01009,0.01009,0,0
PLSPLN3M,D,20210712,000000,0.01022,0.01022,0.01022,0.01022,0,0
PLSPLN3M,D,20210713,000000,0.01021,0.01021,0.01021,0.01021,0,0
PLSPLN3M,D,20210714,000000,0.01022,0.01022,0.01022,0.01022,0,0
PLSPLN3M,D,20210715,000000,0.01019,0.01019,0.01019,0.01019,0,0
PLSPLN3M,D,20210716,000000,0.01018,0.01018,0.01018,0.01018,0,0
PLSPLN3M,D,20210719,000000,0.01021,0.01021,0.01021,0.01021,0,0
PLSPLN3M,D,20210720,000000,0.01026,0.01026,0.01026,0.01026,0,0
PLSPLN3M,D,20210721,000000,0.01025,0.01025,0.01025,0.01025,0,0
PLSPLN3M,D,20210722,000000,0.01029,0.01029,0.01029,0.01029,0,0
PLSPLN3M,D,20210723,000000,0.01033,0.01033,0.01033,0.01033,0,0
PLSPLN3M,D,20210726,000000,0.0104,0.0104,0.0104,0.0104,0,0
PLSPLN3M,D,20210727,000000,0.01046,0.01046,0.01046,0.01046,0,0
PLSPLN3M,D,20210728,000000,0.01047,0.01047,0.01047,0.01047,0,0
PLSPLN3M,D,20210729,000000,0.01045,0.01045,0.01045,0.01045,0,0
PLSPLN3M,D,20210730,000000,0.01043,0.01043,0.01043,0.01043,0,0
PLSPLN3M,D,20210802,000000,0.01139,0.01139,0.01139,0.01139,0,0
PLSPLN3M,D,20210803,000000,0.01126,0.01126,0.01126,0.01126,0,0
PLSPLN3M,D,20210804,000000,0.01122,0.01122,0.01122,0.01122,0,0
PLSPLN3M,D,20210805,000000,0.01115,0.01115,0.01115,0.01115,0,0
PLSPLN3M,D,20210806,000000,0.01112,0.01112,0.01112,0.01112,0,0
PLSPLN3M,D,20210809,000000,0.01113,0.01113,0.01113,0.01113,0,0
PLSPLN3M,D,20210810,000000,0.01101,0.01101,0.01101,0.01101,0,0
PLSPLN3M,D,20210811,000000,0.011,0.011,0.011,0.011,0,0
PLSPLN3M,D,20210812,000000,0.01101,0.01101,0.01101,0.01101,0,0
PLSPLN3M,D,20210813,000000,0.01103,0.01103,0.01103,0.01103,0,0
PLSPLN3M,D,20210816,000000,0.01121,0.01121,0.01121,0.01121,0,0
PLSPLN3M,D,20210817,000000,0.01137,0.01137,0.01137,0.01137,0,0
PLSPLN3M,D,20210818,000000,0.01143,0.01143,0.01143,0.01143,0,0
PLSPLN3M,D,20210819,000000,0.01147,0.01147,0.01147,0.01147,0,0
PLSPLN3M,D,20210820,000000,0.0115,0.0115,0.0115,0.0115,0,0
PLSPLN3M,D,20210823,000000,0.01159,0.01159,0.01159,0.01159,0,0
PLSPLN3M,D,20210824,000000,0.01165,0.01165,0.01165,0.01165,0,0
PLSPLN3M,D,20210825,000000,0.01174,0.01174,0.01174,0.01174,0,0
PLSPLN3M,D,20210826,000000,0.01187,0.01187,0.01187,0.01187,0,0
PLSPLN3M,D,20210827,000000,0.01193,0.01193,0.01193,0.01193,0,0
PLSPLN3M,D,20210830,000000,0.01201,0.01201,0.01201,0.01201,0,0
PLSPLN3M,D,20210831,000000,0.01246,0.01246,0.01246,0.01246,0,0
PLSPLN3M,D,20210901,000000,0.01263,0.01263,0.01263,0.01263,0,0
PLSPLN3M,D,20210902,000000,0.01268,0.01268,0.01268,0.01268,0,0
PLSPLN3M,D,20210903,000000,0.01269,0.01269,0.01269,0.01269,0,0
PLSPLN3M,D,20210906,000000,0.0132,0.0132,0.0132,0.0132,0,0
PLSPLN3M,D,20210907,000000,0.01333,0.01333,0.01333,0.01333,0,0
PLSPLN3M,D,20210908,000000,0.01335,0.01335,0.01335,0.01335,0,0
PLSPLN3M,D,20210909,000000,0.01335,0.01335,0.01335,0.01335,0,0
PLSPLN3M,D,20210910,000000,0.01335,0.01335,0.01335,0.01335,0,0
PLSPLN3M,D,20210913,000000,0.01332,0.01332,0.01332,0.01332,0,0
PLSPLN3M,D,20210914,000000,0.01335,0.01335,0.01335,0.01335,0,0
PLSPLN3M,D,20210915,000000,0.01337,0.01337,0.01337,0.01337,0,0
PLSPLN3M,D,20210916,000000,0.0134,0.0134,0.0134,0.0134,0,0
PLSPLN3M,D,20210917,000000,0.01345,0.01345,0.01345,0.01345,0,0
PLSPLN3M,D,20210920,000000,0.01351,0.01351,0.01351,0.01351,0,0
PLSPLN3M,D,20210921,000000,0.01359,0.01359,0.01359,0.01359,0,0
PLSPLN3M,D,20210922,000000,0.01362,0.01362,0.01362,0.01362,0,0
PLSPLN3M,D,20210923,000000,0.0136,0.0136,0.0136,0.0136,0,0
PLSPLN3M,D,20210924,000000,0.01361,0.01361,0.01361,0.01361,0,0
PLSPLN3M,D,20210927,000000,0.01336,0.01336,0.01336,0.01336,0,0
PLSPLN3M,D,20210928,000000,0.01378,0.01378,0.01378,0.01378,0,0
PLSPLN3M,D,20210929,000000,0.01385,0.01385,0.01385,0.01385,0,0
PLSPLN3M,D,20210930,000000,0.01397,0.01397,0.01397,0.01397,0,0
PLSPLN3M,D,20211001,000000,0.01402,0.01402,0.01402,0.01402,0,0
PLSPLN3M,D,20211004,000000,0.01428,0.01428,0.01428,0.01428,0,0
PLSPLN3M,D,20211005,000000,0.014,0.014,0.014,0.014,0,0
PLSPLN3M,D,20211006,000000,0.01398,0.01398,0.01398,0.01398,0,0
PLSPLN3M,D,20211007,000000,0.01391,0.01391,0.01391,0.01391,0,0
PLSPLN3M,D,20211008,000000,0.01435,0.01435,0.01435,0.01435,0,0
PLSPLN3M,D,20211011,000000,0.01731,0.01731,0.01731,0.01731,0,0
PLSPLN3M,D,20211012,000000,0.01797,0.01797,0.01797,0.01797,0,0
PLSPLN3M,D,20211013,000000,0.01904,0.01904,0.01904,0.01904,0,0
PLSPLN3M,D,20211014,000000,0.01971,0.01971,0.01971,0.01971,0,0
PLSPLN3M,D,20211015,000000,0.02047,0.02047,0.02047,0.02047,0,0
PLSPLN3M,D,20211018,000000,0.02545,0.02545,0.02545,0.02545,0,0
PLSPLN3M,D,20211019,000000,0.02739,0.02739,0.02739,0.02739,0,0
PLSPLN3M,D,20211020,000000,0.02886,0.02886,0.02886,0.02886,0,0
PLSPLN3M,D,20211021,000000,0.03035,0.03035,0.03035,0.03035,0,0
PLSPLN3M,D,20211022,000000,0.03185,0.03185,0.03185,0.03185,0,0
PLSPLN3M,D,20211025,000000,0.03457,0.03457,0.03457,0.03457,0,0
PLSPLN3M,D,20211026,000000,0.03602,0.03602,0.03602,0.03602,0,0
PLSPLN3M,D,20211027,000000,0.0369,0.0369,0.0369,0.0369,0,0
PLSPLN3M,D,20211028,000000,0.03783,0.03783,0.03783,0.03783,0,0
PLSPLN3M,D,20211029,000000,0.03882,0.03882,0.03882,0.03882,0,0
PLSPLN3M,D,20211102,000000,0.04227,0.04227,0.04227,0.04227,0,0
PLSPLN3M,D,20211103,000000,0.04363,0.04363,0.04363,0.04363,0,0
PLSPLN3M,D,20211104,000000,0.04523,0.04523,0.04523,0.04523,0,0
PLSPLN3M,D,20211105,000000,0.05406,0.05406,0.05406,0.05406,0,0
PLSPLN3M,D,20211108,000000,0.0792,0.0792,0.0792,0.0792,0,0
PLSPLN3M,D,20211109,000000,0.09023,0.09023,0.09023,0.09023,0,0
PLSPLN3M,D,20211110,000000,0.0988,0.0988,0.0988,0.0988,0,0
PLSPLN3M,D,20211112,000000,0.11581,0.11581,0.11581,0.11581,0,0
PLSPLN3M,D,20211115,000000,0.13902,0.13902,0.13902,0.13902,0,0
PLSPLN3M,D,20211116,000000,0.15074,0.15074,0.15074,0.15074,0,0
PLSPLN3M,D,20211117,000000,0.15961,0.15961,0.15961,0.15961,0,0
PLSPLN3M,D,20211118,000000,0.16816,0.16816,0.16816,0.16816,0,0
PLSPLN3M,D,20211119,000000,0.1771,0.1771,0.1771,0.1771,0,0
PLSPLN3M,D,20211122,000000,0.19986,0.19986,0.19986,0.19986,0,0
PLSPLN3M,D,20211123,000000,0.2131,0.2131,0.2131,0.2131,0,0
PLSPLN3M,D,20211124,000000,0.22238,0.22238,0.22238,0.22238,0,0
PLSPLN3M,D,20211125,000000,0.23179,0.23179,0.23179,0.23179,0,0
PLSPLN3M,D,20211126,000000,0.24083,0.24083,0.24083,0.24083,0,0
PLSPLN3M,D,20211129,000000,0.2632,0.2632,0.2632,0.2632,0,0
PLSPLN3M,D,20211130,000000,0.27678,0.27678,0.27678,0.27678,0,0
PLSPLN3M,D,20211201,000000,0.29041,0.29041,0.29041,0.29041,0,0
PLSPLN3M,D,20211202,000000,0.30471,0.30471,0.30471,0.30471,0,0
PLSPLN3M,D,20211203,000000,0.31811,0.31811,0.31811,0.31811,0,0
PLSPLN3M,D,20211206,000000,0.35216,0.35216,0.35216,0.35216,0,0
PLSPLN3M,D,20211207,000000,0.36098,0.36098,0.36098,0.36098,0,0
PLSPLN3M,D,20211208,000000,0.36974,0.36974,0.36974,0.36974,0,0
PLSPLN3M,D,20211209,000000,0.37825,0.37825,0.37825,0.37825,0,0
PLSPLN3M,D,20211210,000000,0.39205,0.39205,0.39205,0.39205,0,0
PLSPLN3M,D,20211213,000000,0.43535,0.43535,0.43535,0.43535,0,0
PLSPLN3M,D,20211214,000000,0.44928,0.44928,0.44928,0.44928,0,0
PLSPLN3M,D,20211215,000000,0.46304,0.46304,0.46304,0.46304,0,0
PLSPLN3M,D,20211216,000000,0.47669,0.47669,0.47669,0.47669,0,0
PLSPLN3M,D,20211217,000000,0.49045,0.49045,0.49045,0.49045,0,0
PLSPLN3M,D,20211220,000000,0.53241,0.53241,0.53241,0.53241,0,0
PLSPLN3M,D,20211221,000000,0.54626,0.54626,0.54626,0.54626,0,0
PLSPLN3M,D,20211222,000000,0.56046,0.56046,0.56046,0.56046,0,0
PLSPLN3M,D,20211223,000000,0.57459,0.57459,0.57459,0.57459,0,0
PLSPLN3M,D,20211224,000000,0.58883,0.58883,0.58883,0.58883,0,0
PLSPLN3M,D,20211227,000000,0.63192,0.63192,0.63192,0.63192,0,0
PLSPLN3M,D,20211228,000000,0.64539,0.64539,0.64539,0.64539,0,0
PLSPLN3M,D,20211229,000000,0.6594,0.6594,0.6594,0.6594,0,0
PLSPLN3M,D,20211230,000000,0.67369,0.67369,0.67369,0.67369,0,0
PLSPLN3M,D,20211231,000000,0.68098,0.68098,0.68098,0.68098,0,0
PLSPLN3M,D,20220103,000000,0.69794,0.69794,0.69794,0.69794,0,0
PLSPLN3M,D,20220104,000000,0.72669,0.72669,0.72669,0.72669,0,0
PLSPLN3M,D,20220105,000000,0.73945,0.73945,0.73945,0.73945,0,0
PLSPLN3M,D,20220107,000000,0.77881,0.77881,0.77881,0.77881,0,0
PLSPLN3M,D,20220110,000000,0.8208,0.8208,0.8208,0.8208,0,0
PLSPLN3M,D,20220111,000000,0.85474,0.85474,0.85474,0.85474,0,0
PLSPLN3M,D,20220112,000000,0.87272,0.87272,0.87272,0.87272,0,0
PLSPLN3M,D,20220113,000000,0.88979,0.88979,0.88979,0.88979,0,0
PLSPLN3M,D,20220114,000000,0.90781,0.90781,0.90781,0.90781,0,0
PLSPLN3M,D,20220117,000000,0.94362,0.94362,0.94362,0.94362,0,0
PLSPLN3M,D,20220118,000000,0.97701,0.97701,0.97701,0.97701,0,0
PLSPLN3M,D,20220119,000000,0.99439,0.99439,0.99439,0.99439,0,0
PLSPLN3M,D,20220120,000000,1.01232,1.01232,1.01232,1.01232,0,0
PLSPLN3M,D,20220121,000000,1.02969,1.02969,1.02969,1.02969,0,0
PLSPLN3M,D,20220124,000000,1.06329,1.06329,1.06329,1.06329,0,0
PLSPLN3M,D,20220125,000000,1.10188,1.10188,1.10188,1.10188,0,0
PLSPLN3M,D,20220126,000000,1.1208,1.1208,1.1208,1.1208,0,0
PLSPLN3M,D,20220127,000000,1.14122,1.14122,1.14122,1.14122,0,0
PLSPLN3M,D,20220128,000000,1.161,1.161,1.161,1.161,0,0
PLSPLN3M,D,20220131,000000,1.18891,1.18891,1.18891,1.18891,0,0
PLSPLN3M,D,20220201,000000,1.2439,1.2439,1.2439,1.2439,0,0
PLSPLN3M,D,20220202,000000,1.25004,1.25004,1.25004,1.25004,0,0
PLSPLN3M,D,20220203,000000,1.27032,1.27032,1.27032,1.27032,0,0
PLSPLN3M,D,20220204,000000,1.29097,1.29097,1.29097,1.29097,0,0
PLSPLN3M,D,20220207,000000,1.31614,1.31614,1.31614,1.31614,0,0
PLSPLN3M,D,20220208,000000,1.33714,1.33714,1.33714,1.33714,0,0
PLSPLN3M,D,20220209,000000,1.34653,1.34653,1.34653,1.34653,0,0
PLSPLN3M,D,20220210,000000,1.3605,1.3605,1.3605,1.3605,0,0
PLSPLN3M,D,20220211,000000,1.3693,1.3693,1.3693,1.3693,0,0
PLSPLN3M,D,20220214,000000,1.40849,1.40849,1.40849,1.40849,0,0
PLSPLN3M,D,20220215,000000,1.43542,1.43542,1.43542,1.43542,0,0
PLSPLN3M,D,20220216,000000,1.44971,1.44971,1.44971,1.44971,0,0
PLSPLN3M,D,20220217,000000,1.46534,1.46534,1.46534,1.46534,0,0
PLSPLN3M,D,20220218,000000,1.48223,1.48223,1.48223,1.48223,0,0
PLSPLN3M,D,20220221,000000,1.51155,1.51155,1.51155,1.51155,0,0
PLSPLN3M,D,20220222,000000,1.54199,1.54199,1.54199,1.54199,0,0
PLSPLN3M,D,20220223,000000,1.55741,1.55741,1.55741,1.55741,0,0
PLSPLN3M,D,20220224,000000,1.5711,1.5711,1.5711,1.5711,0,0
PLSPLN3M,D,20220225,000000,1.58705,1.58705,1.58705,1.58705,0,0
PLSPLN3M,D,20220228,000000,1.6225,1.6225,1.6225,1.6225,0,0
PLSPLN3M,D,20220301,000000,1.67013,1.67013,1.67013,1.67013,0,0
PLSPLN3M,D,20220302,000000,1.68371,1.68371,1.68371,1.68371,0,0
PLSPLN3M,D,20220303,000000,1.69889,1.69889,1.69889,1.69889,0,0
PLSPLN3M,D,20220304,000000,1.70862,1.70862,1.70862,1.70862,0,0
PLSPLN3M,D,20220307,000000,1.76367,1.76367,1.76367,1.76367,0,0
PLSPLN3M,D,20220308,000000,1.78155,1.78155,1.78155,1.78155,0,0
PLSPLN3M,D,20220309,000000,1.80014,1.80014,1.80014,1.80014,0,0
PLSPLN3M,D,20220310,000000,1.82083,1.82083,1.82083,1.82083,0,0
PLSPLN3M,D,20220311,000000,1.83486,1.83486,1.83486,1.83486,0,0
PLSPLN3M,D,20220314,000000,1.90298,1.90298,1.90298,1.90298,0,0
PLSPLN3M,D,20220315,000000,1.92349,1.92349,1.92349,1.92349,0,0
PLSPLN3M,D,20220316,000000,1.9446,1.9446,1.9446,1.9446,0,0
PLSPLN3M,D,20220317,000000,1.96599,1.96599,1.96599,1.96599,0,0
PLSPLN3M,D,20220318,000000,1.979,1.979,1.979,1.979,0,0
PLSPLN3M,D,20220321,000000,2.05237,2.05237,2.05237,2.05237,0,0
PLSPLN3M,D,20220322,000000,2.07362,2.07362,2.07362,2.07362,0,0
PLSPLN3M,D,20220323,000000,2.09526,2.09526,2.09526,2.09526,0,0
PLSPLN3M,D,20220324,000000,2.11628,2.11628,2.11628,2.11628,0,0
PLSPLN3M,D,20220325,000000,2.12841,2.12841,2.12841,2.12841,0,0
PLSPLN3M,D,20220328,000000,2.19501,2.19501,2.19501,2.19501,0,0
PLSPLN3M,D,20220329,000000,2.21444,2.21444,2.21444,2.21444,0,0
PLSPLN3M,D,20220330,000000,2.23373,2.23373,2.23373,2.23373,0,0
PLSPLN3M,D,20220331,000000,2.25616,2.25616,2.25616,2.25616,0,0
PLSPLN3M,D,20220401,000000,2.31072,2.31072,2.31072,2.31072,0,0
PLSPLN3M,D,20220404,000000,2.35852,2.35852,2.35852,2.35852,0,0
PLSPLN3M,D,20220405,000000,2.38363,2.38363,2.38363,2.38363,0,0
PLSPLN3M,D,20220406,000000,2.39587,2.39587,2.39587,2.39587,0,0
PLSPLN3M,D,20220407,000000,2.4235,2.4235,2.4235,2.4235,0,0
PLSPLN3M,D,20220408,000000,2.44483,2.44483,2.44483,2.44483,0,0
PLSPLN3M,D,20220411,000000,2.53494,2.53494,2.53494,2.53494,0,0
PLSPLN3M,D,20220412,000000,2.56353,2.56353,2.56353,2.56353,0,0
PLSPLN3M,D,20220413,000000,2.59129,2.59129,2.59129,2.59129,0,0
PLSPLN3M,D,20220414,000000,2.6183,2.6183,2.6183,2.6183,0,0
PLSPLN3M,D,20220415,000000,2.63591,2.63591,2.63591,2.63591,0,0
PLSPLN3M,D,20220419,000000,2.75503,2.75503,2.75503,2.75503,0,0
PLSPLN3M,D,20220420,000000,2.7809,2.7809,2.7809,2.7809,0,0
PLSPLN3M,D,20220421,000000,2.80947,2.80947,2.80947,2.80947,0,0
PLSPLN3M,D,20220422,000000,2.82504,2.82504,2.82504,2.82504,0,0
PLSPLN3M,D,20220425,000000,2.91455,2.91455,2.91455,2.91455,0,0
PLSPLN3M,D,20220426,000000,2.93989,2.93989,2.93989,2.93989,0,0
PLSPLN3M,D,20220427,000000,2.96389,2.96389,2.96389,2.96389,0,0
PLSPLN3M,D,20220428,000000,2.99127,2.99127,2.99127,2.99127,0,0
PLSPLN3M,D,20220429,000000,3.00566,3.00566,3.00566,3.00566,0,0
PLSPLN3M,D,20220502,000000,3.11205,3.11205,3.11205,3.11205,0,0
PLSPLN3M,D,20220504,000000,3.16644,3.16644,3.16644,3.16644,0,0
PLSPLN3M,D,20220505,000000,3.18154,3.18154,3.18154,3.18154,0,0
PLSPLN3M,D,20220506,000000,3.19602,3.19602,3.19602,3.19602,0,0
PLSPLN3M,D,20220509,000000,3.32814,3.32814,3.32814,3.32814,0,0
PLSPLN3M,D,20220510,000000,3.35938,3.35938,3.35938,3.35938,0,0
PLSPLN3M,D,20220511,000000,3.38983,3.38983,3.38983,3.38983,0,0
PLSPLN3M,D,20220512,000000,3.40641,3.40641,3.40641,3.40641,0,0
PLSPLN3M,D,20220513,000000,3.42237,3.42237,3.42237,3.42237,0,0
PLSPLN3M,D,20220516,000000,3.54159,3.54159,3.54159,3.54159,0,0
PLSPLN3M,D,20220517,000000,3.5709,3.5709,3.5709,3.5709,0,0
PLSPLN3M,D,20220518,000000,3.5992,3.5992,3.5992,3.5992,0,0
PLSPLN3M,D,20220519,000000,3.61416,3.61416,3.61416,3.61416,0,0
PLSPLN3M,D,20220520,000000,3.62838,3.62838,3.62838,3.62838,0,0
PLSPLN3M,D,20220523,000000,3.75086,3.75086,3.75086,3.75086,0,0
PLSPLN3M,D,20220524,000000,3.78199,3.78199,3.78199,3.78199,0,0
PLSPLN3M,D,20220525,000000,3.81127,3.81127,3.81127,3.81127,0,0
PLSPLN3M,D,20220526,000000,3.82586,3.82586,3.82586,3.82586,0,0
PLSPLN3M,D,20220527,000000,3.84081,3.84081,3.84081,3.84081,0,0
PLSPLN3M,D,20220530,000000,3.92137,3.92137,3.92137,3.92137,0,0
PLSPLN3M,D,20220531,000000,3.93293,3.93293,3.93293,3.93293,0,0
PLSPLN3M,D,20220601,000000,3.96637,3.96637,3.96637,3.96637,0,0
PLSPLN3M,D,20220602,000000,3.99748,3.99748,3.99748,3.99748,0,0
PLSPLN3M,D,20220603,000000,4.02529,4.02529,4.02529,4.02529,0,0
PLSPLN3M,D,20220606,000000,4.08124,4.08124,4.08124,4.08124,0,0
PLSPLN3M,D,20220607,000000,4.1475,4.1475,4.1475,4.1475,0,0
PLSPLN3M,D,20220608,000000,4.17637,4.17637,4.17637,4.17637,0,0
PLSPLN3M,D,20220609,000000,4.20533,4.20533,4.20533,4.20533,0,0
PLSPLN3M,D,20220610,000000,4.2327,4.2327,4.2327,4.2327,0,0
PLSPLN3M,D,20220613,000000,4.29078,4.29078,4.29078,4.29078,0,0
PLSPLN3M,D,20220614,000000,4.34109,4.34109,4.34109,4.34109,0,0
PLSPLN3M,D,20220615,000000,4.36885,4.36885,4.36885,4.36885,0,0
PLSPLN3M,D,20220617,000000,4.42719,4.42719,4.42719,4.42719,0,0
PLSPLN3M,D,20220620,000000,4.47804,4.47804,4.47804,4.47804,0,0
PLSPLN3M,D,20220621,000000,4.5279,4.5279,4.5279,4.5279,0,0
PLSPLN3M,D,20220622,000000,4.55429,4.55429,4.55429,4.55429,0,0
PLSPLN3M,D,20220623,000000,4.58042,4.58042,4.58042,4.58042,0,0
PLSPLN3M,D,20220624,000000,4.60662,4.60662,4.60662,4.60662,0,0
PLSPLN3M,D,20220627,000000,4.65634,4.65634,4.65634,4.65634,0,0
PLSPLN3M,D,20220628,000000,4.7211,4.7211,4.7211,4.7211,0,0
PLSPLN3M,D,20220629,000000,4.74958,4.74958,4.74958,4.74958,0,0
PLSPLN3M,D,20220630,000000,4.78285,4.78285,4.78285,4.78285,0,0
PLSPLN3M,D,20220701,000000,4.83172,4.83172,4.83172,4.83172,0,0
PLSPLN3M,D,20220704,000000,4.92665,4.92665,4.92665,4.92665,0,0
PLSPLN3M,D,20220705,000000,4.9577,4.9577,4.9577,4.9577,0,0
PLSPLN3M,D,20220706,000000,4.98862,4.98862,4.98862,4.98862,0,0
PLSPLN3M,D,20220707,000000,5.01727,5.01727,5.01727,5.01727,0,0
PLSPLN3M,D,20220708,000000,5.04161,5.04161,5.04161,5.04161,0,0
PLSPLN3M,D,20220711,000000,5.11099,5.11099,5.11099,5.11099,0,0
PLSPLN3M,D,20220712,000000,5.13149,5.13149,5.13149,5.13149,0,0
PLSPLN3M,D,20220713,000000,5.15368,5.15368,5.15368,5.15368,0,0
PLSPLN3M,D,20220714,000000,5.1766,5.1766,5.1766,5.1766,0,0
PLSPLN3M,D,20220715,000000,5.2004,5.2004,5.2004,5.2004,0,0
PLSPLN3M,D,20220718,000000,5.23626,5.23626,5.23626,5.23626,0,0
PLSPLN3M,D,20220719,000000,5.29091,5.29091,5.29091,5.29091,0,0
PLSPLN3M,D,20220720,000000,5.31369,5.31369,5.31369,5.31369,0,0
PLSPLN3M,D,20220721,000000,5.33445,5.33445,5.33445,5.33445,0,0
PLSPLN3M,D,20220722,000000,5.3562,5.3562,5.3562,5.3562,0,0
PLSPLN3M,D,20220725,000000,5.42964,5.42964,5.42964,5.42964,0,0
PLSPLN3M,D,20220726,000000,5.45715,5.45715,5.45715,5.45715,0,0
PLSPLN3M,D,20220727,000000,5.48226,5.48226,5.48226,5.48226,0,0
PLSPLN3M,D,20220728,000000,5.50459,5.50459,5.50459,5.50459,0,0
PLSPLN3M,D,20220729,000000,5.52772,5.52772,5.52772,5.52772,0,0
PLSPLN3M,D,20220801,000000,5.61482,5.61482,5.61482,5.61482,0,0
PLSPLN3M,D,20220802,000000,5.62858,5.62858,5.62858,5.62858,0,0
PLSPLN3M,D,20220803,000000,5.64103,5.64103,5.64103,5.64103,0,0
PLSPLN3M,D,20220804,000000,5.67764,5.67764,5.67764,5.67764,0,0
PLSPLN3M,D,20220805,000000,5.70042,5.70042,5.70042,5.70042,0,0
PLSPLN3M,D,20220808,000000,5.73622,5.73622,5.73622,5.73622,0,0
PLSPLN3M,D,20220809,000000,5.76916,5.76916,5.76916,5.76916,0,0
PLSPLN3M,D,20220810,000000,5.78488,5.78488,5.78488,5.78488,0,0
PLSPLN3M,D,20220811,000000,5.80109,5.80109,5.80109,5.80109,0,0
PLSPLN3M,D,20220812,000000,5.81718,5.81718,5.81718,5.81718,0,0
PLSPLN3M,D,20220816,000000,5.88507,5.88507,5.88507,5.88507,0,0
PLSPLN3M,D,20220817,000000,5.90284,5.90284,5.90284,5.90284,0,0
PLSPLN3M,D,20220818,000000,5.92171,5.92171,5.92171,5.92171,0,0
PLSPLN3M,D,20220819,000000,5.94003,5.94003,5.94003,5.94003,0,0
PLSPLN3M,D,20220822,000000,5.96731,5.96731,5.96731,5.96731,0,0
PLSPLN3M,D,20220823,000000,6.00391,6.00391,6.00391,6.00391,0,0
PLSPLN3M,D,20220824,000000,6.01852,6.01852,6.01852,6.01852,0,0
PLSPLN3M,D,20220825,000000,6.03191,6.03191,6.03191,6.03191,0,0
PLSPLN3M,D,20220826,000000,6.04325,6.04325,6.04325,6.04325,0,0
PLSPLN3M,D,20220829,000000,6.0584,6.0584,6.0584,6.0584,0,0
PLSPLN3M,D,20220830,000000,6.09712,6.09712,6.09712,6.09712,0,0
PLSPLN3M,D,20220831,000000,6.11531,6.11531,6.11531,6.11531,0,0
PLSPLN3M,D,20220901,000000,6.12964,6.12964,6.12964,6.12964,0,0
PLSPLN3M,D,20220902,000000,6.14388,6.14388,6.14388,6.14388,0,0
PLSPLN3M,D,20220905,000000,6.17326,6.17326,6.17326,6.17326,0,0
PLSPLN3M,D,20220906,000000,6.20607,6.20607,6.20607,6.20607,0,0
PLSPLN3M,D,20220907,000000,6.22215,6.22215,6.22215,6.22215,0,0
PLSPLN3M,D,20220908,000000,6.2394,6.2394,6.2394,6.2394,0,0
PLSPLN3M,D,20220909,000000,6.25566,6.25566,6.25566,6.25566,0,0
PLSPLN3M,D,20220912,000000,6.27363,6.27363,6.27363,6.27363,0,0
PLSPLN3M,D,20220913,000000,6.29466,6.29466,6.29466,6.29466,0,0
PLSPLN3M,D,20220914,000000,6.30278,6.30278,6.30278,6.30278,0,0
PLSPLN3M,D,20220915,000000,6.31263,6.31263,6.31263,6.31263,0,0
PLSPLN3M,D,20220916,000000,6.3167,6.3167,6.3167,6.3167,0,0
PLSPLN3M,D,20220919,000000,6.33952,6.33952,6.33952,6.33952,0,0
PLSPLN3M,D,20220920,000000,6.36805,6.36805,6.36805,6.36805,0,0
PLSPLN3M,D,20220921,000000,6.38148,6.38148,6.38148,6.38148,0,0
PLSPLN3M,D,20220922,000000,6.39148,6.39148,6.39148,6.39148,0,0
PLSPLN3M,D,20220923,000000,6.40171,6.40171,6.40171,6.40171,0,0
PLSPLN3M,D,20220926,000000,6.41332,6.41332,6.41332,6.41332,0,0
PLSPLN3M,D,20220927,000000,6.43709,6.43709,6.43709,6.43709,0,0
PLSPLN3M,D,20220928,000000,6.44457,6.44457,6.44457,6.44457,0,0
PLSPLN3M,D,20220929,000000,6.45357,6.45357,6.45357,6.45357,0,0
PLSPLN3M,D,20220930,000000,6.45776,6.45776,6.45776,6.45776,0,0
PLSPLN3M,D,20221003,000000,6.4517,6.4517,6.4517,6.4517,0,0
PLSPLN3M,D,20221004,000000,6.46021,6.46021,6.46021,6.46021,0,0
PLSPLN3M,D,20221005,000000,6.4656,6.4656,6.4656,6.4656,0,0
PLSPLN3M,D,20221006,000000,6.47036,6.47036,6.47036,6.47036,0,0
PLSPLN3M,D,20221007,000000,6.47362,6.47362,6.47362,6.47362,0,0
PLSPLN3M,D,20221010,000000,6.47482,6.47482,6.47482,6.47482,0,0
PLSPLN3M,D,20221011,000000,6.4757,6.4757,6.4757,6.4757,0,0
PLSPLN3M,D,20221012,000000,6.48088,6.48088,6.48088,6.48088,0,0
PLSPLN3M,D,20221013,000000,6.48543,6.48543,6.48543,6.48543,0,0
PLSPLN3M,D,20221014,000000,6.48959,6.48959,6.48959,6.48959,0,0
PLSPLN3M,D,20221017,000000,6.49642,6.49642,6.49642,6.49642,0,0
PLSPLN3M,D,20221018,000000,6.5037,6.5037,6.5037,6.5037,0,0
PLSPLN3M,D,20221019,000000,6.50678,6.50678,6.50678,6.50678,0,0
PLSPLN3M,D,20221020,000000,6.50961,6.50961,6.50961,6.50961,0,0
PLSPLN3M,D,20221021,000000,6.51158,6.51158,6.51158,6.51158,0,0
PLSPLN3M,D,20221024,000000,6.51246,6.51246,6.51246,6.51246,0,0
PLSPLN3M,D,20221025,000000,6.51498,6.51498,6.51498,6.51498,0,0
PLSPLN3M,D,20221026,000000,6.51197,6.51197,6.51197,6.51197,0,0
PLSPLN3M,D,20221027,000000,6.51107,6.51107,6.51107,6.51107,0,0
PLSPLN3M,D,20221028,000000,6.51047,6.51047,6.51047,6.51047,0,0
PLSPLN3M,D,20221031,000000,6.52171,6.52171,6.52171,6.52171,0,0
PLSPLN3M,D,20221102,000000,6.51227,6.51227,6.51227,6.51227,0,0
PLSPLN3M,D,20221103,000000,6.51281,6.51281,6.51281,6.51281,0,0
PLSPLN3M,D,20221104,000000,6.51485,6.51485,6.51485,6.51485,0,0
PLSPLN3M,D,20221107,000000,6.52502,6.52502,6.52502,6.52502,0,0
PLSPLN3M,D,20221108,000000,6.53202,6.53202,6.53202,6.53202,0,0
PLSPLN3M,D,20221109,000000,6.53784,6.53784,6.53784,6.53784,0,0
PLSPLN3M,D,20221110,000000,6.54461,6.54461,6.54461,6.54461,0,0
PLSPLN3M,D,20221114,000000,6.5536,6.5536,6.5536,6.5536,0,0
PLSPLN3M,D,20221115,000000,6.55487,6.55487,6.55487,6.55487,0,0
PLSPLN3M,D,20221116,000000,6.55676,6.55676,6.55676,6.55676,0,0
PLSPLN3M,D,20221117,000000,6.55593,6.55593,6.55593,6.55593,0,0
PLSPLN3M,D,20221118,000000,6.5536,6.5536,6.5536,6.5536,0,0
PLSPLN3M,D,20221121,000000,6.54787,6.54787,6.54787,6.54787,0,0
PLSPLN3M,D,20221122,000000,6.5493,6.5493,6.5493,6.5493,0,0
PLSPLN3M,D,20221123,000000,6.5499,6.5499,6.5499,6.5499,0,0
PLSPLN3M,D,20221124,000000,6.55123,6.55123,6.55123,6.55123,0,0
PLSPLN3M,D,20221125,000000,6.55302,6.55302,6.55302,6.55302,0,0
PLSPLN3M,D,20221128,000000,6.55278,6.55278,6.55278,6.55278,0,0
PLSPLN3M,D,20221129,000000,6.56124,6.56124,6.56124,6.56124,0,0
PLSPLN3M,D,20221130,000000,6.56695,6.56695,6.56695,6.56695,0,0
PLSPLN3M,D,20221201,000000,6.56669,6.56669,6.56669,6.56669,0,0
PLSPLN3M,D,20221202,000000,6.56644,6.56644,6.56644,6.56644,0,0
PLSPLN3M,D,20221205,000000,6.56567,6.56567,6.56567,6.56567,0,0
PLSPLN3M,D,20221206,000000,6.56532,6.56532,6.56532,6.56532,0,0
PLSPLN3M,D,20221207,000000,6.56558,6.56558,6.56558,6.56558,0,0
PLSPLN3M,D,20221208,000000,6.56595,6.56595,6.56595,6.56595,0,0
PLSPLN3M,D,20221209,000000,6.56606,6.56606,6.56606,6.56606,0,0
PLSPLN3M,D,20221212,000000,6.56144,6.56144,6.56144,6.56144,0,0
PLSPLN3M,D,20221213,000000,6.56123,6.56123,6.56123,6.56123,0,0
PLSPLN3M,D,20221214,000000,6.56154,6.56154,6.56154,6.56154,0,0
PLSPLN3M,D,20221215,000000,6.56056,6.56056,6.56056,6.56056,0,0
PLSPLN3M,D,20221216,000000,6.55879,6.55879,6.55879,6.55879,0,0
PLSPLN3M,D,20221219,000000,6.54811,6.54811,6.54811,6.54811,0,0
PLSPLN3M,D,20221220,000000,6.54349,6.54349,6.54349,6.54349,0,0
PLSPLN3M,D,20221221,000000,6.54048,6.54048,6.54048,6.54048,0,0
PLSPLN3M,D,20221222,000000,6.53829,6.53829,6.53829,6.53829,0,0
PLSPLN3M,D,20221223,000000,6.5359,6.5359,6.5359,6.5359,0,0
PLSPLN3M,D,20221227,000000,6.5319,6.5319,6.5319,6.5319,0,0
PLSPLN3M,D,20221228,000000,6.53101,6.53101,6.53101,6.53101,0,0
PLSPLN3M,D,20221229,000000,6.52968,6.52968,6.52968,6.52968,0,0
PLSPLN3M,D,20221230,000000,6.52727,6.52727,6.52727,6.52727,0,0
PLSPLN3M,D,20230102,000000,6.50058,6.50058,6.50058,6.50058,0,0
PLSPLN3M,D,20230103,000000,6.49915,6.49915,6.49915,6.49915,0,0
PLSPLN3M,D,20230104,000000,6.49445,6.49445,6.49445,6.49445,0,0
PLSPLN3M,D,20230105,000000,6.49166,6.49166,6.49166,6.49166,0,0
PLSPLN3M,D,20230109,000000,6.4864,6.4864,6.4864,6.4864,0,0
PLSPLN3M,D,20230110,000000,6.48304,6.48304,6.48304,6.48304,0,0
PLSPLN3M,D,20230111,000000,6.48097,6.48097,6.48097,6.48097,0,0
PLSPLN3M,D,20230112,000000,6.47873,6.47873,6.47873,6.47873,0,0
PLSPLN3M,D,20230113,000000,6.47651,6.47651,6.47651,6.47651,0,0
PLSPLN3M,D,20230116,000000,6.47504,6.47504,6.47504,6.47504,0,0
PLSPLN3M,D,20230117,000000,6.46774,6.46774,6.46774,6.46774,0,0
PLSPLN3M,D,20230118,000000,6.4649,6.4649,6.4649,6.4649,0,0
PLSPLN3M,D,20230119,000000,6.46473,6.46473,6.46473,6.46473,0,0
PLSPLN3M,D,20230120,000000,6.46421,6.46421,6.46421,6.46421,0,0
PLSPLN3M,D,20230123,000000,6.4642,6.4642,6.4642,6.4642,0,0
PLSPLN3M,D,20230124,000000,6.46487,6.46487,6.46487,6.46487,0,0
PLSPLN3M,D,20230125,000000,6.46553,6.46553,6.46553,6.46553,0,0
PLSPLN3M,D,20230126,000000,6.46827,6.46827,6.46827,6.46827,0,0
PLSPLN3M,D,20230127,000000,6.4701,6.4701,6.4701,6.4701,0,0
PLSPLN3M,D,20230130,000000,6.47092,6.47092,6.47092,6.47092,0,0
PLSPLN3M,D,20230131,000000,6.46254,6.46254,6.46254,6.46254,0,0
PLSPLN3M,D,20230201,000000,6.46204,6.46204,6.46204,6.46204,0,0
PLSPLN3M,D,20230202,000000,6.46449,6.46449,6.46449,6.46449,0,0
PLSPLN3M,D,20230203,000000,6.46209,6.46209,6.46209,6.46209,0,0
PLSPLN3M,D,20230206,000000,6.46269,6.46269,6.46269,6.46269,0,0
PLSPLN3M,D,20230207,000000,6.45057,6.45057,6.45057,6.45057,0,0
PLSPLN3M,D,20230208,000000,6.44687,6.44687,6.44687,6.44687,0,0
PLSPLN3M,D,20230209,000000,6.44384,6.44384,6.44384,6.44384,0,0
PLSPLN3M,D,20230210,000000,6.44064,6.44064,6.44064,6.44064,0,0
PLSPLN3M,D,20230213,000000,6.44957,6.44957,6.44957,6.44957,0,0
PLSPLN3M,D,20230214,000000,6.44024,6.44024,6.44024,6.44024,0,0
PLSPLN3M,D,20230215,000000,6.43918,6.43918,6.43918,6.43918,0,0
PLSPLN3M,D,20230216,000000,6.4408,6.4408,6.4408,6.4408,0,0
PLSPLN3M,D,20230217,000000,6.44218,6.44218,6.44218,6.44218,0,0
PLSPLN3M,D,20230220,000000,6.44511,6.44511,6.44511,6.44511,0,0
PLSPLN3M,D,20230221,000000,6.44718,6.44718,6.44718,6.44718,0,0
PLSPLN3M,D,20230222,000000,6.4485,6.4485,6.4485,6.4485,0,0
PLSPLN3M,D,20230223,000000,6.44951,6.44951,6.44951,6.44951,0,0
PLSPLN3M,D,20230224,000000,6.44975,6.44975,6.44975,6.44975,0,0
PLSPLN3M,D,20230227,000000,6.44914,6.44914,6.44914,6.44914,0,0
PLSPLN3M,D,20230228,000000,6.45414,6.45414,6.45414,6.45414,0,0
PLSPLN3M,D,20230301,000000,6.45151,6.45151,6.45151,6.45151,0,0
PLSPLN3M,D,20230302,000000,6.45078,6.45078,6.45078,6.45078,0,0
PLSPLN3M,D,20230303,000000,6.45195,6.45195,6.45195,6.45195,0,0
PLSPLN3M,D,20230306,000000,6.44275,6.44275,6.44275,6.44275,0,0
PLSPLN3M,D,20230307,000000,6.44207,6.44207,6.44207,6.44207,0,0
PLSPLN3M,D,20230308,000000,6.44107,6.44107,6.44107,6.44107,0,0
PLSPLN3M,D,20230309,000000,6.441,6.441,6.441,6.441,0,0
PLSPLN3M,D,20230310,000000,6.44436,6.44436,6.44436,6.44436,0,0
PLSPLN3M,D,20230313,000000,6.44455,6.44455,6.44455,6.44455,0,0
PLSPLN3M,D,20230314,000000,6.44668,6.44668,6.44668,6.44668,0,0
PLSPLN3M,D,20230315,000000,6.446,6.446,6.446,6.446,0,0
PLSPLN3M,D,20230316,000000,6.44855,6.44855,6.44855,6.44855,0,0
PLSPLN3M,D,20230317,000000,6.45045,6.45045,6.45045,6.45045,0,0
PLSPLN3M,D,20230320,000000,6.45673,6.45673,6.45673,6.45673,0,0
PLSPLN3M,D,20230321,000000,6.45955,6.45955,6.45955,6.45955,0,0
PLSPLN3M,D,20230322,000000,6.46022,6.46022,6.46022,6.46022,0,0
PLSPLN3M,D,20230323,000000,6.46029,6.46029,6.46029,6.46029,0,0
PLSPLN3M,D,20230324,000000,6.46076,6.46076,6.46076,6.46076,0,0
PLSPLN3M,D,20230327,000000,6.46075,6.46075,6.46075,6.46075,0,0
PLSPLN3M,D,20230328,000000,6.46117,6.46117,6.46117,6.46117,0,0
PLSPLN3M,D,20230329,000000,6.4621,6.4621,6.4621,6.4621,0,0
PLSPLN3M,D,20230330,000000,6.46571,6.46571,6.46571,6.46571,0,0
PLSPLN3M,D,20230331,000000,6.47073,6.47073,6.47073,6.47073,0,0
PLSPLN3M,D,20230403,000000,6.52634,6.52634,6.52634,6.52634,0,0
PLSPLN3M,D,20230404,000000,6.52776,6.52776,6.52776,6.52776,0,0
PLSPLN3M,D,20230405,000000,6.52784,6.52784,6.52784,6.52784,0,0
PLSPLN3M,D,20230406,000000,6.53049,6.53049,6.53049,6.53049,0,0
PLSPLN3M,D,20230407,000000,6.53382,6.53382,6.53382,6.53382,0,0
PLSPLN3M,D,20230411,000000,6.53584,6.53584,6.53584,6.53584,0,0
PLSPLN3M,D,20230412,000000,6.53652,6.53652,6.53652,6.53652,0,0
PLSPLN3M,D,20230413,000000,6.53916,6.53916,6.53916,6.53916,0,0
PLSPLN3M,D,20230414,000000,6.54001,6.54001,6.54001,6.54001,0,0
PLSPLN3M,D,20230417,000000,6.54475,6.54475,6.54475,6.54475,0,0
PLSPLN3M,D,20230418,000000,6.5465,6.5465,6.5465,6.5465,0,0
PLSPLN3M,D,20230419,000000,6.54654,6.54654,6.54654,6.54654,0,0
PLSPLN3M,D,20230420,000000,6.54821,6.54821,6.54821,6.54821,0,0
PLSPLN3M,D,20230421,000000,6.54987,6.54987,6.54987,6.54987,0,0
PLSPLN3M,D,20230424,000000,6.55991,6.55991,6.55991,6.55991,0,0
PLSPLN3M,D,20230425,000000,6.56101,6.56101,6.56101,6.56101,0,0
PLSPLN3M,D,20230426,000000,6.56215,6.56215,6.56215,6.56215,0,0
PLSPLN3M,D,20230427,000000,6.56216,6.56216,6.56216,6.56216,0,0
PLSPLN3M,D,20230428,000000,6.56171,6.56171,6.56171,6.56171,0,0
PLSPLN3M,D,20230502,000000,6.56525,6.56525,6.56525,6.56525,0,0
PLSPLN3M,D,20230504,000000,6.56601,6.56601,6.56601,6.56601,0,0
PLSPLN3M,D,20230505,000000,6.56832,6.56832,6.56832,6.56832,0,0
PLSPLN3M,D,20230508,000000,6.5734,6.5734,6.5734,6.5734,0,0
PLSPLN3M,D,20230509,000000,6.57618,6.57618,6.57618,6.57618,0,0
PLSPLN3M,D,20230510,000000,6.57848,6.57848,6.57848,6.57848,0,0
PLSPLN3M,D,20230511,000000,6.58256,6.58256,6.58256,6.58256,0,0
PLSPLN3M,D,20230512,000000,6.5866,6.5866,6.5866,6.5866,0,0
PLSPLN3M,D,20230515,000000,6.59015,6.59015,6.59015,6.59015,0,0
PLSPLN3M,D,20230516,000000,6.59192,6.59192,6.59192,6.59192,0,0
PLSPLN3M,D,20230517,000000,6.59475,6.59475,6.59475,6.59475,0,0
PLSPLN3M,D,20230518,000000,6.59727,6.59727,6.59727,6.59727,0,0
PLSPLN3M,D,20230519,000000,6.59999,6.59999,6.59999,6.59999,0,0
PLSPLN3M,D,20230522,000000,6.61061,6.61061,6.61061,6.61061,0,0
PLSPLN3M,D,20230523,000000,6.61368,6.61368,6.61368,6.61368,0,0
PLSPLN3M,D,20230524,000000,6.61845,6.61845,6.61845,6.61845,0,0
PLSPLN3M,D,20230525,000000,6.6201,6.6201,6.6201,6.6201,0,0
PLSPLN3M,D,20230526,000000,6.61945,6.61945,6.61945,6.61945,0,0
PLSPLN3M,D,20230529,000000,6.61791,6.61791,6.61791,6.61791,0,0
PLSPLN3M,D,20230530,000000,6.61557,6.61557,6.61557,6.61557,0,0
PLSPLN3M,D,20230531,000000,6.61778,6.61778,6.61778,6.61778,0,0
PLSPLN3M,D,20230601,000000,6.61744,6.61744,6.61744,6.61744,0,0
PLSPLN3M,D,20230602,000000,6.61918,6.61918,6.61918,6.61918,0,0
PLSPLN3M,D,20230605,000000,6.62579,6.62579,6.62579,6.62579,0,0
PLSPLN3M,D,20230606,000000,6.63081,6.63081,6.63081,6.63081,0,0
PLSPLN3M,D,20230607,000000,6.63257,6.63257,6.63257,6.63257,0,0
PLSPLN3M,D,20230609,000000,6.63642,6.63642,6.63642,6.63642,0,0
PLSPLN3M,D,20230612,000000,6.64132,6.64132,6.64132,6.64132,0,0
PLSPLN3M,D,20230613,000000,6.64675,6.64675,6.64675,6.64675,0,0
PLSPLN3M,D,20230614,000000,6.64761,6.64761,6.64761,6.64761,0,0
PLSPLN3M,D,20230615,000000,6.65122,6.65122,6.65122,6.65122,0,0
PLSPLN3M,D,20230616,000000,6.65187,6.65187,6.65187,6.65187,0,0
PLSPLN3M,D,20230619,000000,6.65434,6.65434,6.65434,6.65434,0,0
PLSPLN3M,D,20230620,000000,6.65528,6.65528,6.65528,6.65528,0,0
PLSPLN3M,D,20230621,000000,6.65472,6.65472,6.65472,6.65472,0,0
PLSPLN3M,D,20230622,000000,6.65678,6.65678,6.65678,6.65678,0,0
PLSPLN3M,D,20230623,000000,6.65884,6.65884,6.65884,6.65884,0,0
PLSPLN3M,D,20230626,000000,6.65406,6.65406,6.65406,6.65406,0,0
PLSPLN3M,D,20230627,000000,6.65905,6.65905,6.65905,6.65905,0,0
PLSPLN3M,D,20230628,000000,6.65903,6.65903,6.65903,6.65903,0,0
PLSPLN3M,D,20230629,000000,6.65864,6.65864,6.65864,6.65864,0,0
PLSPLN3M,D,20230630,000000,6.66168,6.66168,6.66168,6.66168,0,0
PLSPLN3M,D,20230703,000000,6.65002,6.65002,6.65002,6.65002,0,0
PLSPLN3M,D,20230704,000000,6.6524,6.6524,6.6524,6.6524,0,0
PLSPLN3M,D,20230705,000000,6.65411,6.65411,6.65411,6.65411,0,0
PLSPLN3M,D,20230706,000000,6.65529,6.65529,6.65529,6.65529,0,0
PLSPLN3M,D,20230707,000000,6.65639,6.65639,6.65639,6.65639,0,0
PLSPLN3M,D,20230710,000000,6.66626,6.66626,6.66626,6.66626,0,0
PLSPLN3M,D,20230711,000000,6.67637,6.67637,6.67637,6.67637,0,0
PLSPLN3M,D,20230712,000000,6.68157,6.68157,6.68157,6.68157,0,0
PLSPLN3M,D,20230713,000000,6.68504,6.68504,6.68504,6.68504,0,0
PLSPLN3M,D,20230714,000000,6.68905,6.68905,6.68905,6.68905,0,0
PLSPLN3M,D,20230717,000000,6.70097,6.70097,6.70097,6.70097,0,0
PLSPLN3M,D,20230718,000000,6.70543,6.70543,6.70543,6.70543,0,0
PLSPLN3M,D,20230719,000000,6.71013,6.71013,6.71013,6.71013,0,0
PLSPLN3M,D,20230720,000000,6.71358,6.71358,6.71358,6.71358,0,0
PLSPLN3M,D,20230721,000000,6.71664,6.71664,6.71664,6.71664,0,0
PLSPLN3M,D,20230724,000000,6.71718,6.71718,6.71718,6.71718,0,0
PLSPLN3M,D,20230725,000000,6.7193,6.7193,6.7193,6.7193,0,0
PLSPLN3M,D,20230726,000000,6.72126,6.72126,6.72126,6.72126,0,0
PLSPLN3M,D,20230727,000000,6.72537,6.72537,6.72537,6.72537,0,0
PLSPLN3M,D,20230728,000000,6.72921,6.72921,6.72921,6.72921,0,0
PLSPLN3M,D,20230731,000000,6.73751,6.73751,6.73751,6.73751,0,0
PLSPLN3M,D,20230801,000000,6.74196,6.74196,6.74196,6.74196,0,0
PLSPLN3M,D,20230802,000000,6.7427,6.7427,6.7427,6.7427,0,0
PLSPLN3M,D,20230803,000000,6.74373,6.74373,6.74373,6.74373,0,0
PLSPLN3M,D,20230804,000000,6.74672,6.74672,6.74672,6.74672,0,0
PLSPLN3M,D,20230807,000000,6.75042,6.75042,6.75042,6.75042,0,0
PLSPLN3M,D,20230808,000000,6.75075,6.75075,6.75075,6.75075,0,0
PLSPLN3M,D,20230809,000000,6.75073,6.75073,6.75073,6.75073,0,0
PLSPLN3M,D,20230810,000000,6.74988,6.74988,6.74988,6.74988,0,0
PLSPLN3M,D,20230811,000000,6.74959,6.74959,6.74959,6.74959,0,0
PLSPLN3M,D,20230814,000000,6.74804,6.74804,6.74804,6.74804,0,0
PLSPLN3M,D,20230816,000000,6.74835,6.74835,6.74835,6.74835,0,0
PLSPLN3M,D,20230817,000000,6.74755,6.74755,6.74755,6.74755,0,0
PLSPLN3M,D,20230818,000000,6.74767,6.74767,6.74767,6.74767,0,0
PLSPLN3M,D,20230821,000000,6.75107,6.75107,6.75107,6.75107,0,0
PLSPLN3M,D,20230822,000000,6.75247,6.75247,6.75247,6.75247,0,0
PLSPLN3M,D,20230823,000000,6.75742,6.75742,6.75742,6.75742,0,0
PLSPLN3M,D,20230824,000000,6.75955,6.75955,6.75955,6.75955,0,0
PLSPLN3M,D,20230825,000000,6.76116,6.76116,6.76116,6.76116,0,0
PLSPLN3M,D,20230828,000000,6.7606,6.7606,6.7606,6.7606,0,0
PLSPLN3M,D,20230829,000000,6.77178,6.77178,6.77178,6.77178,0,0
PLSPLN3M,D,20230830,000000,6.77565,6.77565,6.77565,6.77565,0,0
PLSPLN3M,D,20230831,000000,6.77761,6.77761,6.77761,6.77761,0,0
PLSPLN3M,D,20230901,000000,6.78083,6.78083,6.78083,6.78083,0,0
PLSPLN3M,D,20230904,000000,6.78258,6.78258,6.78258,6.78258,0,0
PLSPLN3M,D,20230905,000000,6.7828,6.7828,6.7828,6.7828,0,0
PLSPLN3M,D,20230906,000000,6.78424,6.78424,6.78424,6.78424,0,0
PLSPLN3M,D,20230907,000000,6.78542,6.78542,6.78542,6.78542,0,0
PLSPLN3M,D,20230908,000000,6.77985,6.77985,6.77985,6.77985,0,0
PLSPLN3M,D,20230911,000000,6.74815,6.74815,6.74815,6.74815,0,0
PLSPLN3M,D,20230912,000000,6.73777,6.73777,6.73777,6.73777,0,0
PLSPLN3M,D,20230913,000000,6.7275,6.7275,6.7275,6.7275,0,0
PLSPLN3M,D,20230914,000000,6.71747,6.71747,6.71747,6.71747,0,0
PLSPLN3M,D,20230915,000000,6.70594,6.70594,6.70594,6.70594,0,0
PLSPLN3M,D,20230918,000000,6.67244,6.67244,6.67244,6.67244,0,0
PLSPLN3M,D,20230919,000000,6.66089,6.66089,6.66089,6.66089,0,0
PLSPLN3M,D,20230920,000000,6.6525,6.6525,6.6525,6.6525,0,0
PLSPLN3M,D,20230921,000000,6.64269,6.64269,6.64269,6.64269,0,0
PLSPLN3M,D,20230922,000000,6.6324,6.6324,6.6324,6.6324,0,0
PLSPLN3M,D,20230925,000000,6.60216,6.60216,6.60216,6.60216,0,0
PLSPLN3M,D,20230926,000000,6.59699,6.59699,6.59699,6.59699,0,0
PLSPLN3M,D,20230927,000000,6.58909,6.58909,6.58909,6.58909,0,0
PLSPLN3M,D,20230928,000000,6.58003,6.58003,6.58003,6.58003,0,0
PLSPLN3M,D,20230929,000000,6.57177,6.57177,6.57177,6.57177,0,0
PLSPLN3M,D,20231002,000000,6.53432,6.53432,6.53432,6.53432,0,0
PLSPLN3M,D,20231003,000000,6.52678,6.52678,6.52678,6.52678,0,0
PLSPLN3M,D,20231004,000000,6.51404,6.51404,6.51404,6.51404,0,0
PLSPLN3M,D,20231005,000000,6.502,6.502,6.502,6.502,0,0
PLSPLN3M,D,20231006,000000,6.48755,6.48755,6.48755,6.48755,0,0
PLSPLN3M,D,20231009,000000,6.45401,6.45401,6.45401,6.45401,0,0
PLSPLN3M,D,20231010,000000,6.42883,6.42883,6.42883,6.42883,0,0
PLSPLN3M,D,20231011,000000,6.41819,6.41819,6.41819,6.41819,0,0
PLSPLN3M,D,20231012,000000,6.4054,6.4054,6.4054,6.4054,0,0
PLSPLN3M,D,20231013,000000,6.39238,6.39238,6.39238,6.39238,0,0
PLSPLN3M,D,20231016,000000,6.36926,6.36926,6.36926,6.36926,0,0
PLSPLN3M,D,20231017,000000,6.34545,6.34545,6.34545,6.34545,0,0
PLSPLN3M,D,20231018,000000,6.33247,6.33247,6.33247,6.33247,0,0
PLSPLN3M,D,20231019,000000,6.31766,6.31766,6.31766,6.31766,0,0
PLSPLN3M,D,20231020,000000,6.30398,6.30398,6.30398,6.30398,0,0
PLSPLN3M,D,20231023,000000,6.27452,6.27452,6.27452,6.27452,0,0
PLSPLN3M,D,20231024,000000,6.25246,6.25246,6.25246,6.25246,0,0
PLSPLN3M,D,20231025,000000,6.23971,6.23971,6.23971,6.23971,0,0
PLSPLN3M,D,20231026,000000,6.22487,6.22487,6.22487,6.22487,0,0
PLSPLN3M,D,20231027,000000,6.20871,6.20871,6.20871,6.20871,0,0
PLSPLN3M,D,20231030,000000,6.17689,6.17689,6.17689,6.17689,0,0
PLSPLN3M,D,20231031,000000,6.1482,6.1482,6.1482,6.1482,0,0
PLSPLN3M,D,20231102,000000,6.11214,6.11214,6.11214,6.11214,0,0
PLSPLN3M,D,20231103,000000,6.09912,6.09912,6.09912,6.09912,0,0
PLSPLN3M,D,20231106,000000,6.07602,6.07602,6.07602,6.07602,0,0
PLSPLN3M,D,20231107,000000,6.04595,6.04595,6.04595,6.04595,0,0
PLSPLN3M,D,20231108,000000,6.03158,6.03158,6.03158,6.03158,0,0
PLSPLN3M,D,20231109,000000,6.01755,6.01755,6.01755,6.01755,0,0
PLSPLN3M,D,20231110,000000,6.00482,6.00482,6.00482,6.00482,0,0
PLSPLN3M,D,20231113,000000,5.9821,5.9821,5.9821,5.9821,0,0
PLSPLN3M,D,20231114,000000,5.9521,5.9521,5.9521,5.9521,0,0
PLSPLN3M,D,20231115,000000,5.94859,5.94859,5.94859,5.94859,0,0
PLSPLN3M,D,20231116,000000,5.92478,5.92478,5.92478,5.92478,0,0
PLSPLN3M,D,20231117,000000,5.91217,5.91217,5.91217,5.91217,0,0
PLSPLN3M,D,20231120,000000,5.89408,5.89408,5.89408,5.89408,0,0
PLSPLN3M,D,20231121,000000,5.85954,5.85954,5.85954,5.85954,0,0
PLSPLN3M,D,20231122,000000,5.84431,5.84431,5.84431,5.84431,0,0
PLSPLN3M,D,20231123,000000,5.82687,5.82687,5.82687,5.82687,0,0
PLSPLN3M,D,20231124,000000,5.81143,5.81143,5.81143,5.81143,0,0
PLSPLN3M,D,20231127,000000,5.78596,5.78596,5.78596,5.78596,0,0
PLSPLN3M,D,20231128,000000,5.75463,5.75463,5.75463,5.75463,0,0
PLSPLN3M,D,20231129,000000,5.7391,5.7391,5.7391,5.7391,0,0
PLSPLN3M,D,20231130,000000,5.72698,5.72698,5.72698,5.72698,0,0
PLSPLN3M,D,20231201,000000,5.69762,5.69762,5.69762,5.69762,0,0
PLSPLN3M,D,20231204,000000,5.65695,5.65695,5.65695,5.65695,0,0
PLSPLN3M,D,20231205,000000,5.64369,5.64369,5.64369,5.64369,0,0
PLSPLN3M,D,20231206,000000,5.62937,5.62937,5.62937,5.62937,0,0
PLSPLN3M,D,20231207,000000,5.61492,5.61492,5.61492,5.61492,0,0
PLSPLN3M,D,20231208,000000,5.60852,5.60852,5.60852,5.60852,0,0
PLSPLN3M,D,20231211,000000,5.60277,5.60277,5.60277,5.60277,0,0
PLSPLN3M,D,20231212,000000,5.59983,5.59983,5.59983,5.59983,0,0
PLSPLN3M,D,20231213,000000,5.59861,5.59861,5.59861,5.59861,0,0
PLSPLN3M,D,20231214,000000,5.5978,5.5978,5.5978,5.5978,0,0
PLSPLN3M,D,20231215,000000,5.59682,5.59682,5.59682,5.59682,0,0
PLSPLN3M,D,20231218,000000,5.59167,5.59167,5.59167,5.59167,0,0
PLSPLN3M,D,20231219,000000,5.58879,5.58879,5.58879,5.58879,0,0
PLSPLN3M,D,20231220,000000,5.58553,5.58553,5.58553,5.58553,0,0
PLSPLN3M,D,20231221,000000,5.58193,5.58193,5.58193,5.58193,0,0
PLSPLN3M,D,20231222,000000,5.5785,5.5785,5.5785,5.5785,0,0
PLSPLN3M,D,20231227,000000,5.56212,5.56212,5.56212,5.56212,0,0
PLSPLN3M,D,20231228,000000,5.56162,5.56162,5.56162,5.56162,0,0
PLSPLN3M,D,20231229,000000,5.55776,5.55776,5.55776,5.55776,0,0
PLSPLN3M,D,20240102,000000,5.54464,5.54464,5.54464,5.54464,0,0
PLSPLN3M,D,20240103,000000,5.54011,5.54011,5.54011,5.54011,0,0
PLSPLN3M,D,20240104,000000,5.53777,5.53777,5.53777,5.53777,0,0
PLSPLN3M,D,20240105,000000,5.53553,5.53553,5.53553,5.53553,0,0
PLSPLN3M,D,20240108,000000,5.5306,5.5306,5.5306,5.5306,0,0
PLSPLN3M,D,20240109,000000,5.52757,5.52757,5.52757,5.52757,0,0
PLSPLN3M,D,20240110,000000,5.52509,5.52509,5.52509,5.52509,0,0
PLSPLN3M,D,20240111,000000,5.51999,5.51999,5.51999,5.51999,0,0
PLSPLN3M,D,20240112,000000,5.51601,5.51601,5.51601,5.51601,0,0
PLSPLN3M,D,20240115,000000,5.50902,5.50902,5.50902,5.50902,0,0
PLSPLN3M,D,20240116,000000,5.49686,5.49686,5.49686,5.49686,0,0
PLSPLN3M,D,20240117,000000,5.49049,5.49049,5.49049,5.49049,0,0
PLSPLN3M,D,20240118,000000,5.48613,5.48613,5.48613,5.48613,0,0
PLSPLN3M,D,20240119,000000,5.48456,5.48456,5.48456,5.48456,0,0
PLSPLN3M,D,20240122,000000,5.48035,5.48035,5.48035,5.48035,0,0
PLSPLN3M,D,20240123,000000,5.4775,5.4775,5.4775,5.4775,0,0
PLSPLN3M,D,20240124,000000,5.47739,5.47739,5.47739,5.47739,0,0
PLSPLN3M,D,20240125,000000,5.47911,5.47911,5.47911,5.47911,0,0
PLSPLN3M,D,20240126,000000,5.47969,5.47969,5.47969,5.47969,0,0
PLSPLN3M,D,20240129,000000,5.47893,5.47893,5.47893,5.47893,0,0
PLSPLN3M,D,20240130,000000,5.48044,5.48044,5.48044,5.48044,0,0
PLSPLN3M,D,20240131,000000,5.47904,5.47904,5.47904,5.47904,0,0
PLSPLN3M,D,20240201,000000,5.48958,5.48958,5.48958,5.48958,0,0
PLSPLN3M,D,20240202,000000,5.49193,5.49193,5.49193,5.49193,0,0
PLSPLN3M,D,20240205,000000,5.49801,5.49801,5.49801,5.49801,0,0
PLSPLN3M,D,20240206,000000,5.49603,5.49603,5.49603,5.49603,0,0
PLSPLN3M,D,20240207,000000,5.49506,5.49506,5.49506,5.49506,0,0
PLSPLN3M,D,20240208,000000,5.4964,5.4964,5.4964,5.4964,0,0
PLSPLN3M,D,20240209,000000,5.49651,5.49651,5.49651,5.49651,0,0
PLSPLN3M,D,20240212,000000,5.49828,5.49828,5.49828,5.49828,0,0
PLSPLN3M,D,20240213,000000,5.4963,5.4963,5.4963,5.4963,0,0
PLSPLN3M,D,20240214,000000,5.4966,5.4966,5.4966,5.4966,0,0
PLSPLN3M,D,20240215,000000,5.49566,5.49566,5.49566,5.49566,0,0
PLSPLN3M,D,20240216,000000,5.49531,5.49531,5.49531,5.49531,0,0
PLSPLN3M,D,20240219,000000,5.49617,5.49617,5.49617,5.49617,0,0
PLSPLN3M,D,20240220,000000,5.49176,5.49176,5.49176,5.49176,0,0
PLSPLN3M,D,20240221,000000,5.49249,5.49249,5.49249,5.49249,0,0
PLSPLN3M,D,20240222,000000,5.49134,5.49134,5.49134,5.49134,0,0
PLSPLN3M,D,20240223,000000,5.48999,5.48999,5.48999,5.48999,0,0
PLSPLN3M,D,20240226,000000,5.49109,5.49109,5.49109,5.49109,0,0
PLSPLN3M,D,20240227,000000,5.49525,5.49525,5.49525,5.49525,0,0
PLSPLN3M,D,20240228,000000,5.4954,5.4954,5.4954,5.4954,0,0
PLSPLN3M,D,20240229,000000,5.50011,5.50011,5.50011,5.50011,0,0
PLSPLN3M,D,20240301,000000,5.50107,5.50107,5.50107,5.50107,0,0
PLSPLN3M,D,20240304,000000,5.50174,5.50174,5.50174,5.50174,0,0
PLSPLN3M,D,20240305,000000,5.50069,5.50069,5.50069,5.50069,0,0
PLSPLN3M,D,20240306,000000,5.50181,5.50181,5.50181,5.50181,0,0
PLSPLN3M,D,20240307,000000,5.50242,5.50242,5.50242,5.50242,0,0
PLSPLN3M,D,20240308,000000,5.50149,5.50149,5.50149,5.50149,0,0
PLSPLN3M,D,20240311,000000,5.49792,5.49792,5.49792,5.49792,0,0
PLSPLN3M,D,20240312,000000,5.49616,5.49616,5.49616,5.49616,0,0
PLSPLN3M,D,20240313,000000,5.49591,5.49591,5.49591,5.49591,0,0
PLSPLN3M,D,20240314,000000,5.49466,5.49466,5.49466,5.49466,0,0
PLSPLN3M,D,20240315,000000,5.4949,5.4949,5.4949,5.4949,0,0
PLSPLN3M,D,20240318,000000,5.49927,5.49927,5.49927,5.49927,0,0
PLSPLN3M,D,20240319,000000,5.50023,5.50023,5.50023,5.50023,0,0
PLSPLN3M,D,20240320,000000,5.49976,5.49976,5.49976,5.49976,0,0
PLSPLN3M,D,20240321,000000,5.50111,5.50111,5.50111,5.50111,0,0
PLSPLN3M,D,20240322,000000,5.50271,5.50271,5.50271,5.50271,0,0
PLSPLN3M,D,20240325,000000,5.50017,5.50017,5.50017,5.50017,0,0
PLSPLN3M,D,20240326,000000,5.49892,5.49892,5.49892,5.49892,0,0
PLSPLN3M,D,20240327,000000,5.50402,5.50402,5.50402,5.50402,0,0
PLSPLN3M,D,20240328,000000,5.50221,5.50221,5.50221,5.50221,0,0
PLSPLN3M,D,20240329,000000,5.50292,5.50292,5.50292,5.50292,0,0
PLSPLN3M,D,20240402,000000,5.48751,5.48751,5.48751,5.48751,0,0
PLSPLN3M,D,20240403,000000,5.48958,5.48958,5.48958,5.48958,0,0
PLSPLN3M,D,20240404,000000,5.49287,5.49287,5.49287,5.49287,0,0
PLSPLN3M,D,20240405,000000,5.49598,5.49598,5.49598,5.49598,0,0
PLSPLN3M,D,20240408,000000,5.50697,5.50697,5.50697,5.50697,0,0
PLSPLN3M,D,20240409,000000,5.50991,5.50991,5.50991,5.50991,0,0
PLSPLN3M,D,20240410,000000,5.51285,5.51285,5.51285,5.51285,0,0
PLSPLN3M,D,20240411,000000,5.5145,5.5145,5.5145,5.5145,0,0
PLSPLN3M,D,20240412,000000,5.51592,5.51592,5.51592,5.51592,0,0
PLSPLN3M,D,20240415,000000,5.52381,5.52381,5.52381,5.52381,0,0
PLSPLN3M,D,20240416,000000,5.5262,5.5262,5.5262,5.5262,0,0
PLSPLN3M,D,20240417,000000,5.53086,5.53086,5.53086,5.53086,0,0
PLSPLN3M,D,20240418,000000,5.53598,5.53598,5.53598,5.53598,0,0
PLSPLN3M,D,20240419,000000,5.54043,5.54043,5.54043,5.54043,0,0
PLSPLN3M,D,20240422,000000,5.54864,5.54864,5.54864,5.54864,0,0
PLSPLN3M,D,20240423,000000,5.54878,5.54878,5.54878,5.54878,0,0
PLSPLN3M,D,20240424,000000,5.54878,5.54878,5.54878,5.54878,0,0
PLSPLN3M,D,20240425,000000,5.54722,5.54722,5.54722,5.54722,0,0
PLSPLN3M,D,20240426,000000,5.54771,5.54771,5.54771,5.54771,0,0
PLSPLN3M,D,20240429,000000,5.54871,5.54871,5.54871,5.54871,0,0
PLSPLN3M,D,20240430,000000,5.55343,5.55343,5.55343,5.55343,0,0
PLSPLN3M,D,20240502,000000,5.55038,5.55038,5.55038,5.55038,0,0
PLSPLN3M,D,20240506,000000,5.55262,5.55262,5.55262,5.55262,0,0
PLSPLN3M,D,20240507,000000,5.55291,5.55291,5.55291,5.55291,0,0
PLSPLN3M,D,20240508,000000,5.55306,5.55306,5.55306,5.55306,0,0
PLSPLN3M,D,20240509,000000,5.55305,5.55305,5.55305,5.55305,0,0
PLSPLN3M,D,20240510,000000,5.55387,5.55387,5.55387,5.55387,0,0
PLSPLN3M,D,20240513,000000,5.55519,5.55519,5.55519,5.55519,0,0
PLSPLN3M,D,20240514,000000,5.55663,5.55663,5.55663,5.55663,0,0
PLSPLN3M,D,20240515,000000,5.55885,5.55885,5.55885,5.55885,0,0
PLSPLN3M,D,20240516,000000,5.56182,5.56182,5.56182,5.56182,0,0
PLSPLN3M,D,20240517,000000,5.56381,5.56381,5.56381,5.56381,0,0
PLSPLN3M,D,20240520,000000,5.56724,5.56724,5.56724,5.56724,0,0
PLSPLN3M,D,20240521,000000,5.56654,5.56654,5.56654,5.56654,0,0
PLSPLN3M,D,20240522,000000,5.56727,5.56727,5.56727,5.56727,0,0
PLSPLN3M,D,20240523,000000,5.56783,5.56783,5.56783,5.56783,0,0
PLSPLN3M,D,20240524,000000,5.567,5.567,5.567,5.567,0,0
PLSPLN3M,D,20240527,000000,5.56217,5.56217,5.56217,5.56217,0,0
PLSPLN3M,D,20240528,000000,5.56327,5.56327,5.56327,5.56327,0,0
PLSPLN3M,D,20240529,000000,5.56049,5.56049,5.56049,5.56049,0,0
PLSPLN3M,D,20240531,000000,5.56708,5.56708,5.56708,5.56708,0,0
PLSPLN3M,D,20240603,000000,5.57275,5.57275,5.57275,5.57275,0,0
PLSPLN3M,D,20240604,000000,5.57006,5.57006,5.57006,5.57006,0,0
PLSPLN3M,D,20240605,000000,5.57032,5.57032,5.57032,5.57032,0,0
PLSPLN3M,D,20240606,000000,5.57111,5.57111,5.57111,5.57111,0,0
PLSPLN3M,D,20240607,000000,5.57188,5.57188,5.57188,5.57188,0,0
PLSPLN3M,D,20240610,000000,5.57598,5.57598,5.57598,5.57598,0,0
PLSPLN3M,D,20240611,000000,5.57851,5.57851,5.57851,5.57851,0,0
PLSPLN3M,D,20240612,000000,5.58021,5.58021,5.58021,5.58021,0,0
PLSPLN3M,D,20240613,000000,5.58059,5.58059,5.58059,5.58059,0,0
PLSPLN3M,D,20240614,000000,5.58118,5.58118,5.58118,5.58118,0,0
PLSPLN3M,D,20240617,000000,5.58037,5.58037,5.58037,5.58037,0,0
PLSPLN3M,D,20240618,000000,5.57705,5.57705,5.57705,5.57705,0,0
PLSPLN3M,D,20240619,000000,5.57599,5.57599,5.57599,5.57599,0,0
PLSPLN3M,D,20240620,000000,5.57626,5.57626,5.57626,5.57626,0,0
PLSPLN3M,D,20240621,000000,5.57645,5.57645,5.57645,5.57645,0,0
PLSPLN3M,D,20240624,000000,5.57504,5.57504,5.57504,5.57504,0,0
PLSPLN3M,D,20240625,000000,5.57952,5.57952,5.57952,5.57952,0,0
PLSPLN3M,D,20240626,000000,5.58315,5.58315,5.58315,5.58315,0,0
PLSPLN3M,D,20240627,000000,5.58684,5.58684,5.58684,5.58684,0,0
PLSPLN3M,D,20240628,000000,5.58899,5.58899,5.58899,5.58899,0,0
PLSPLN3M,D,20240701,000000,5.61217,5.61217,5.61217,5.61217,0,0
PLSPLN3M,D,20240702,000000,5.61286,5.61286,5.61286,5.61286,0,0
PLSPLN3M,D,20240703,000000,5.61338,5.61338,5.61338,5.61338,0,0
PLSPLN3M,D,20240704,000000,5.61247,5.61247,5.61247,5.61247,0,0
PLSPLN3M,D,20240705,000000,5.61232,5.61232,5.61232,5.61232,0,0
PLSPLN3M,D,20240708,000000,5.61292,5.61292,5.61292,5.61292,0,0
PLSPLN3M,D,20240709,000000,5.61339,5.61339,5.61339,5.61339,0,0
PLSPLN3M,D,20240710,000000,5.61408,5.61408,5.61408,5.61408,0,0
PLSPLN3M,D,20240711,000000,5.61473,5.61473,5.61473,5.61473,0,0
PLSPLN3M,D,20240712,000000,5.61512,5.61512,5.61512,5.61512,0,0
PLSPLN3M,D,20240715,000000,5.61461,5.61461,5.61461,5.61461,0,0
PLSPLN3M,D,20240716,000000,5.61569,5.61569,5.61569,5.61569,0,0
PLSPLN3M,D,20240717,000000,5.61508,5.61508,5.61508,5.61508,0,0
PLSPLN3M,D,20240718,000000,5.61301,5.61301,5.61301,5.61301,0,0
PLSPLN3M,D,20240719,000000,5.61149,5.61149,5.61149,5.61149,0,0
PLSPLN3M,D,20240722,000000,5.60912,5.60912,5.60912,5.60912,0,0
PLSPLN3M,D,20240723,000000,5.60966,5.60966,5.60966,5.60966,0,0
PLSPLN3M,D,20240724,000000,5.61012,5.61012,5.61012,5.61012,0,0
PLSPLN3M,D,20240725,000000,5.61145,5.61145,5.61145,5.61145,0,0
PLSPLN3M,D,20240726,000000,5.61229,5.61229,5.61229,5.61229,0,0
PLSPLN3M,D,20240729,000000,5.61275,5.61275,5.61275,5.61275,0,0
PLSPLN3M,D,20240730,000000,5.60842,5.60842,5.60842,5.60842,0,0
PLSPLN3M,D,20240731,000000,5.60799,5.60799,5.60799,5.60799,0,0
PLSPLN3M,D,20240801,000000,5.59475,5.59475,5.59475,5.59475,0,0
PLSPLN3M,D,20240802,000000,5.59537,5.59537,5.59537,5.59537,0,0
PLSPLN3M,D,20240805,000000,5.59971,5.59971,5.59971,5.59971,0,0
PLSPLN3M,D,20240806,000000,5.59464,5.59464,5.59464,5.59464,0,0
PLSPLN3M,D,20240807,000000,5.59633,5.59633,5.59633,5.59633,0,0
PLSPLN3M,D,20240808,000000,5.59661,5.59661,5.59661,5.59661,0,0
PLSPLN3M,D,20240809,000000,5.59858,5.59858,5.59858,5.59858,0,0
PLSPLN3M,D,20240812,000000,5.60254,5.60254,5.60254,5.60254,0,0
PLSPLN3M,D,20240813,000000,5.60168,5.60168,5.60168,5.60168,0,0
PLSPLN3M,D,20240814,000000,5.601,5.601,5.601,5.601,0,0
PLSPLN3M,D,20240816,000000,5.59781,5.59781,5.59781,5.59781,0,0
PLSPLN3M,D,20240819,000000,5.59827,5.59827,5.59827,5.59827,0,0
PLSPLN3M,D,20240820,000000,5.59641,5.59641,5.59641,5.59641,0,0
PLSPLN3M,D,20240821,000000,5.59653,5.59653,5.59653,5.59653,0,0
PLSPLN3M,D,20240822,000000,5.5974,5.5974,5.5974,5.5974,0,0
PLSPLN3M,D,20240823,000000,5.5989,5.5989,5.5989,5.5989,0,0
PLSPLN3M,D,20240826,000000,5.60094,5.60094,5.60094,5.60094,0,0
PLSPLN3M,D,20240827,000000,5.60776,5.60776,5.60776,5.60776,0,0
PLSPLN3M,D,20240828,000000,5.6095,5.6095,5.6095,5.6095,0,0
PLSPLN3M,D,20240829,000000,5.61227,5.61227,5.61227,5.61227,0,0
PLSPLN3M,D,20240830,000000,5.61635,5.61635,5.61635,5.61635,0,0
PLSPLN3M,D,20240902,000000,5.59308,5.59308,5.59308,5.59308,0,0
PLSPLN3M,D,20240903,000000,5.59311,5.59311,5.59311,5.59311,0,0
PLSPLN3M,D,20240904,000000,5.59568,5.59568,5.59568,5.59568,0,0
PLSPLN3M,D,20240905,000000,5.59628,5.59628,5.59628,5.59628,0,0
PLSPLN3M,D,20240906,000000,5.59525,5.59525,5.59525,5.59525,0,0
PLSPLN3M,D,20240909,000000,5.59611,5.59611,5.59611,5.59611,0,0
PLSPLN3M,D,20240910,000000,5.59424,5.59424,5.59424,5.59424,0,0
PLSPLN3M,D,20240911,000000,5.59481,5.59481,5.59481,5.59481,0,0
PLSPLN3M,D,20240912,000000,5.5942,5.5942,5.5942,5.5942,0,0
PLSPLN3M,D,20240913,000000,5.59438,5.59438,5.59438,5.59438,0,0
PLSPLN3M,D,20240916,000000,5.5963,5.5963,5.5963,5.5963,0,0
PLSPLN3M,D,20240917,000000,5.59802,5.59802,5.59802,5.59802,0,0
PLSPLN3M,D,20240918,000000,5.59945,5.59945,5.59945,5.59945,0,0
PLSPLN3M,D,20240919,000000,5.60201,5.60201,5.60201,5.60201,0,0
PLSPLN3M,D,20240920,000000,5.60367,5.60367,5.60367,5.60367,0,0
PLSPLN3M,D,20240923,000000,5.59822,5.59822,5.59822,5.59822,0,0
PLSPLN3M,D,20240924,000000,5.59912,5.59912,5.59912,5.59912,0,0
PLSPLN3M,D,20240925,000000,5.59872,5.59872,5.59872,5.59872,0,0
PLSPLN3M,D,20240926,000000,5.59591,5.59591,5.59591,5.59591,0,0
PLSPLN3M,D,20240927,000000,5.59278,5.59278,5.59278,5.59278,0,0
PLSPLN3M,D,20240930,000000,5.59521,5.59521,5.59521,5.59521,0,0
PLSPLN3M,D,20241001,000000,5.59089,5.59089,5.59089,5.59089,0,0
PLSPLN3M,D,20241002,000000,5.58992,5.58992,5.58992,5.58992,0,0
PLSPLN3M,D,20241003,000000,5.58999,5.58999,5.58999,5.58999,0,0
PLSPLN3M,D,20241004,000000,5.58921,5.58921,5.58921,5.58921,0,0
PLSPLN3M,D,20241007,000000,5.58911,5.58911,5.58911,5.58911,0,0
PLSPLN3M,D,20241008,000000,5.58492,5.58492,5.58492,5.58492,0,0
PLSPLN3M,D,20241009,000000,5.58475,5.58475,5.58475,5.58475,0,0
PLSPLN3M,D,20241010,000000,5.58396,5.58396,5.58396,5.58396,0,0
PLSPLN3M,D,20241011,000000,5.58439,5.58439,5.58439,5.58439,0,0
PLSPLN3M,D,20241014,000000,5.5838,5.5838,5.5838,5.5838,0,0
PLSPLN3M,D,20241015,000000,5.58245,5.58245,5.58245,5.58245,0,0
PLSPLN3M,D,20241016,000000,5.583,5.583,5.583,5.583,0,0
PLSPLN3M,D,20241017,000000,5.58363,5.58363,5.58363,5.58363,0,0
PLSPLN3M,D,20241018,000000,5.5842,5.5842,5.5842,5.5842,0,0
PLSPLN3M,D,20241021,000000,5.57978,5.57978,5.57978,5.57978,0,0
PLSPLN3M,D,20241022,000000,5.57857,5.57857,5.57857,5.57857,0,0
PLSPLN3M,D,20241023,000000,5.57849,5.57849,5.57849,5.57849,0,0
PLSPLN3M,D,20241024,000000,5.57664,5.57664,5.57664,5.57664,0,0
PLSPLN3M,D,20241025,000000,5.5764,5.5764,5.5764,5.5764,0,0
PLSPLN3M,D,20241028,000000,5.57521,5.57521,5.57521,5.57521,0,0
PLSPLN3M,D,20241029,000000,5.5793,5.5793,5.5793,5.5793,0,0
PLSPLN3M,D,20241030,000000,5.58104,5.58104,5.58104,5.58104,0,0
PLSPLN3M,D,20241031,000000,5.58357,5.58357,5.58357,5.58357,0,0
PLSPLN3M,D,20241104,000000,5.54314,5.54314,5.54314,5.54314,0,0
PLSPLN3M,D,20241105,000000,5.5399,5.5399,5.5399,5.5399,0,0
PLSPLN3M,D,20241106,000000,5.53892,5.53892,5.53892,5.53892,0,0
PLSPLN3M,D,20241107,000000,5.53823,5.53823,5.53823,5.53823,0,0
PLSPLN3M,D,20241108,000000,5.53753,5.53753,5.53753,5.53753,0,0
PLSPLN3M,D,20241112,000000,5.53931,5.53931,5.53931,5.53931,0,0
PLSPLN3M,D,20241113,000000,5.54073,5.54073,5.54073,5.54073,0,0
PLSPLN3M,D,20241114,000000,5.54269,5.54269,5.54269,5.54269,0,0
PLSPLN3M,D,20241115,000000,5.54491,5.54491,5.54491,5.54491,0,0
PLSPLN3M,D,20241118,000000,5.54751,5.54751,5.54751,5.54751,0,0
PLSPLN3M,D,20241119,000000,5.54489,5.54489,5.54489,5.54489,0,0
PLSPLN3M,D,20241120,000000,5.54564,5.54564,5.54564,5.54564,0,0
PLSPLN3M,D,20241121,000000,5.54597,5.54597,5.54597,5.54597,0,0
PLSPLN3M,D,20241122,000000,5.54524,5.54524,5.54524,5.54524,0,0
PLSPLN3M,D,20241125,000000,5.54434,5.54434,5.54434,5.54434,0,0
PLSPLN3M,D,20241126,000000,5.54237,5.54237,5.54237,5.54237,0,0
PLSPLN3M,D,20241127,000000,5.5424,5.5424,5.5424,5.5424,0,0
PLSPLN3M,D,20241128,000000,5.54193,5.54193,5.54193,5.54193,0,0
PLSPLN3M,D,20241129,000000,5.54103,5.54103,5.54103,5.54103,0,0
PLSPLN3M,D,20241202,000000,5.54599,5.54599,5.54599,5.54599,0,0
PLSPLN3M,D,20241203,000000,5.54556,5.54556,5.54556,5.54556,0,0
PLSPLN3M,D,20241204,000000,5.54478,5.54478,5.54478,5.54478,0,0
PLSPLN3M,D,20241205,000000,5.54546,5.54546,5.54546,5.54546,0,0
PLSPLN3M,D,20241206,000000,5.5456,5.5456,5.5456,5.5456,0,0
PLSPLN3M,D,20241209,000000,5.54343,5.54343,5.54343,5.54343,0,0
PLSPLN3M,D,20241210,000000,5.54235,5.54235,5.54235,5.54235,0,0
PLSPLN3M,D,20241211,000000,5.54242,5.54242,5.54242,5.54242,0,0
PLSPLN3M,D,20241212,000000,5.54243,5.54243,5.54243,5.54243,0,0
PLSPLN3M,D,20241213,000000,5.54137,5.54137,5.54137,5.54137,0,0
PLSPLN3M,D,20241216,000000,5.53466,5.53466,5.53466,5.53466,0,0
PLSPLN3M,D,20241217,000000,5.53241,5.53241,5.53241,5.53241,0,0
PLSPLN3M,D,20241218,000000,5.53198,5.53198,5.53198,5.53198,0,0
PLSPLN3M,D,20241219,000000,5.52933,5.52933,5.52933,5.52933,0,0
PLSPLN3M,D,20241220,000000,5.52618,5.52618,5.52618,5.52618,0,0
PLSPLN3M,D,20241223,000000,5.52498,5.52498,5.52498,5.52498,0,0
PLSPLN3M,D,20241224,000000,5.52554,5.52554,5.52554,5.52554,0,0
PLSPLN3M,D,20241227,000000,5.5273,5.5273,5.5273,5.5273,0,0
PLSPLN3M,D,20241230,000000,5.51521,5.51521,5.51521,5.51521,0,0
PLSPLN3M,D,20241231,000000,5.51536,5.51536,5.51536,5.51536,0,0
PLSPLN3M,D,20250102,000000,5.50714,5.50714,5.50714,5.50714,0,0
PLSPLN3M,D,20250103,000000,5.5052,5.5052,5.5052,5.5052,0,0
PLSPLN3M,D,20250107,000000,5.50456,5.50456,5.50456,5.50456,0,0
PLSPLN3M,D,20250108,000000,5.5033,5.5033,5.5033,5.5033,0,0
PLSPLN3M,D,20250109,000000,5.50273,5.50273,5.50273,5.50273,0,0
PLSPLN3M,D,20250110,000000,5.50237,5.50237,5.50237,5.50237,0,0
PLSPLN3M,D,20250113,000000,5.5023,5.5023,5.5023,5.5023,0,0
PLSPLN3M,D,20250114,000000,5.50115,5.50115,5.50115,5.50115,0,0
PLSPLN3M,D,20250115,000000,5.50209,5.50209,5.50209,5.50209,0,0
PLSPLN3M,D,20250116,000000,5.50254,5.50254,5.50254,5.50254,0,0
PLSPLN3M,D,20250117,000000,5.50209,5.50209,5.50209,5.50209,0,0
PLSPLN3M,D,20250120,000000,5.50262,5.50262,5.50262,5.50262,0,0
PLSPLN3M,D,20250121,000000,5.50417,5.50417,5.50417,5.50417,0,0
PLSPLN3M,D,20250122,000000,5.50558,5.50558,5.50558,5.50558,0,0
PLSPLN3M,D,20250123,000000,5.50642,5.50642,5.50642,5.50642,0,0
PLSPLN3M,D,20250124,000000,5.5077,5.5077,5.5077,5.5077,0,0
PLSPLN3M,D,20250127,000000,5.50798,5.50798,5.50798,5.50798,0,0
PLSPLN3M,D,20250128,000000,5.50584,5.50584,5.50584,5.50584,0,0
PLSPLN3M,D,20250129,000000,5.50575,5.50575,5.50575,5.50575,0,0
PLSPLN3M,D,20250130,000000,5.50708,5.50708,5.50708,5.50708,0,0
PLSPLN3M,D,20250131,000000,5.50644,5.50644,5.50644,5.50644,0,0
PLSPLN3M,D,20250203,000000,5.53607,5.53607,5.53607,5.53607,0,0
PLSPLN3M,D,20250204,000000,5.53503,5.53503,5.53503,5.53503,0,0
PLSPLN3M,D,20250205,000000,5.53279,5.53279,5.53279,5.53279,0,0
PLSPLN3M,D,20250206,000000,5.53221,5.53221,5.53221,5.53221,0,0
PLSPLN3M,D,20250207,000000,5.53197,5.53197,5.53197,5.53197,0,0
PLSPLN3M,D,20250210,000000,5.52967,5.52967,5.52967,5.52967,0,0
PLSPLN3M,D,20250211,000000,5.5307,5.5307,5.5307,5.5307,0,0
PLSPLN3M,D,20250212,000000,5.52066,5.52066,5.52066,5.52066,0,0
PLSPLN3M,D,20250213,000000,5.5183,5.5183,5.5183,5.5183,0,0
PLSPLN3M,D,20250214,000000,5.51583,5.51583,5.51583,5.51583,0,0
PLSPLN3M,D,20250217,000000,5.51436,5.51436,5.51436,5.51436,0,0
PLSPLN3M,D,20250218,000000,5.50918,5.50918,5.50918,5.50918,0,0
PLSPLN3M,D,20250219,000000,5.50825,5.50825,5.50825,5.50825,0,0
PLSPLN3M,D,20250220,000000,5.50634,5.50634,5.50634,5.50634,0,0
PLSPLN3M,D,20250221,000000,5.5063,5.5063,5.5063,5.5063,0,0
PLSPLN3M,D,20250224,000000,5.50739,5.50739,5.50739,5.50739,0,0
PLSPLN3M,D,20250225,000000,5.50585,5.50585,5.50585,5.50585,0,0
PLSPLN3M,D,20250226,000000,5.5055,5.5055,5.5055,5.5055,0,0
PLSPLN3M,D,20250227,000000,5.50342,5.50342,5.50342,5.50342,0,0
PLSPLN3M,D,20250228,000000,5.5009,5.5009,5.5009,5.5009,0,0
PLSPLN3M,D,20250303,000000,5.458,5.458,5.458,5.458,0,0
PLSPLN3M,D,20250304,000000,5.45655,5.45655,5.45655,5.45655,0,0
PLSPLN3M,D,20250305,000000,5.45453,5.45453,5.45453,5.45453,0,0
PLSPLN3M,D,20250306,000000,5.45291,5.45291,5.45291,5.45291,0,0
PLSPLN3M,D,20250307,000000,5.45452,5.45452,5.45452,5.45452,0,0
PLSPLN3M,D,20250310,000000,5.4497,5.4497,5.4497,5.4497,0,0
PLSPLN3M,D,20250311,000000,5.44883,5.44883,5.44883,5.44883,0,0
PLSPLN3M,D,20250312,000000,5.44758,5.44758,5.44758,5.44758,0,0
PLSPLN3M,D,20250313,000000,5.44724,5.44724,5.44724,5.44724,0,0
PLSPLN3M,D,20250314,000000,5.44846,5.44846,5.44846,5.44846,0,0
PLSPLN3M,D,20250317,000000,5.44973,5.44973,5.44973,5.44973,0,0
PLSPLN3M,D,20250318,000000,5.45022,5.45022,5.45022,5.45022,0,0
PLSPLN3M,D,20250319,000000,5.45173,5.45173,5.45173,5.45173,0,0
PLSPLN3M,D,20250320,000000,5.4539,5.4539,5.4539,5.4539,0,0
PLSPLN3M,D,20250321,000000,5.45558,5.45558,5.45558,5.45558,0,0
PLSPLN3M,D,20250324,000000,5.46334,5.46334,5.46334,5.46334,0,0
PLSPLN3M,D,20250325,000000,5.46487,5.46487,5.46487,5.46487,0,0
PLSPLN3M,D,20250326,000000,5.46631,5.46631,5.46631,5.46631,0,0
PLSPLN3M,D,20250327,000000,5.46596,5.46596,5.46596,5.46596,0,0
PLSPLN3M,D,20250328,000000,5.46796,5.46796,5.46796,5.46796,0,0
PLSPLN3M,D,20250331,000000,5.47821,5.47821,5.47821,5.47821,0,0
PLSPLN3M,D,20250401,000000,5.48184,5.48184,5.48184,5.48184,0,0
PLSPLN3M,D,20250402,000000,5.48353,5.48353,5.48353,5.48353,0,0
PLSPLN3M,D,20250403,000000,5.48542,5.48542,5.48542,5.48542,0,0
PLSPLN3M,D,20250404,000000,5.48696,5.48696,5.48696,5.48696,0,0
PLSPLN3M,D,20250407,000000,5.48827,5.48827,5.48827,5.48827,0,0
PLSPLN3M,D,20250408,000000,5.48901,5.48901,5.48901,5.48901,0,0
PLSPLN3M,D,20250409,000000,5.4893,5.4893,5.4893,5.4893,0,0
PLSPLN3M,D,20250410,000000,5.48927,5.48927,5.48927,5.48927,0,0
PLSPLN3M,D,20250411,000000,5.49171,5.49171,5.49171,5.49171,0,0
PLSPLN3M,D,20250414,000000,5.49905,5.49905,5.49905,5.49905,0,0
PLSPLN3M,D,20250415,000000,5.49837,5.49837,5.49837,5.49837,0,0
PLSPLN3M,D,20250416,000000,5.49637,5.49637,5.49637,5.49637,0,0
PLSPLN3M,D,20250417,000000,5.49583,5.49583,5.49583,5.49583,0,0
PLSPLN3M,D,20250418,000000,5.49906,5.49906,5.49906,5.49906,0,0
PLSPLN3M,D,20250422,000000,5.50309,5.50309,5.50309,5.50309,0,0
PLSPLN3M,D,20250423,000000,5.50318,5.50318,5.50318,5.50318,0,0
PLSPLN3M,D,20250424,000000,5.50328,5.50328,5.50328,5.50328,0,0
PLSPLN3M,D,20250425,000000,5.50424,5.50424,5.50424,5.50424,0,0
PLSPLN3M,D,20250428,000000,5.50644,5.50644,5.50644,5.50644,0,0
PLSPLN3M,D,20250429,000000,5.50656,5.50656,5.50656,5.50656,0,0
PLSPLN3M,D,20250430,000000,5.50493,5.50493,5.50493,5.50493,0,0
PLSPLN3M,D,20250502,000000,5.52572,5.52572,5.52572,5.52572,0,0
PLSPLN3M,D,20250505,000000,5.52851,5.52851,5.52851,5.52851,0,0
PLSPLN3M,D,20250506,000000,5.52944,5.52944,5.52944,5.52944,0,0
PLSPLN3M,D,20250507,000000,5.52927,5.52927,5.52927,5.52927,0,0
PLSPLN3M,D,20250508,000000,5.53072,5.53072,5.53072,5.53072,0,0
PLSPLN3M,D,20250509,000000,5.53101,5.53101,5.53101,5.53101,0,0
PLSPLN3M,D,20250512,000000,5.53772,5.53772,5.53772,5.53772,0,0
PLSPLN3M,D,20250513,000000,5.53324,5.53324,5.53324,5.53324,0,0
PLSPLN3M,D,20250514,000000,5.52833,5.52833,5.52833,5.52833,0,0
PLSPLN3M,D,20250515,000000,5.52394,5.52394,5.52394,5.52394,0,0
PLSPLN3M,D,20250516,000000,5.52018,5.52018,5.52018,5.52018,0,0
PLSPLN3M,D,20250519,000000,5.50596,5.50596,5.50596,5.50596,0,0
PLSPLN3M,D,20250520,000000,5.50218,5.50218,5.50218,5.50218,0,0
PLSPLN3M,D,20250521,000000,5.49662,5.49662,5.49662,5.49662,0,0
PLSPLN3M,D,20250522,000000,5.49288,5.49288,5.49288,5.49288,0,0
PLSPLN3M,D,20250523,000000,5.48881,5.48881,5.48881,5.48881,0,0
PLSPLN3M,D,20250526,000000,5.47247,5.47247,5.47247,5.47247,0,0
PLSPLN3M,D,20250527,000000,5.46783,5.46783,5.46783,5.46783,0,0
PLSPLN3M,D,20250528,000000,5.46277,5.46277,5.46277,5.46277,0,0
PLSPLN3M,D,20250529,000000,5.4589,5.4589,5.4589,5.4589,0,0
PLSPLN3M,D,20250530,000000,5.45553,5.45553,5.45553,5.45553,0,0
PLSPLN3M,D,20250602,000000,5.45837,5.45837,5.45837,5.45837,0,0
PLSPLN3M,D,20250603,000000,5.4555,5.4555,5.4555,5.4555,0,0
PLSPLN3M,D,20250604,000000,5.45234,5.45234,5.45234,5.45234,0,0
PLSPLN3M,D,20250605,000000,5.44768,5.44768,5.44768,5.44768,0,0
PLSPLN3M,D,20250606,000000,5.44289,5.44289,5.44289,5.44289,0,0
PLSPLN3M,D,20250609,000000,5.42883,5.42883,5.42883,5.42883,0,0
PLSPLN3M,D,20250610,000000,5.42303,5.42303,5.42303,5.42303,0,0
PLSPLN3M,D,20250611,000000,5.41864,5.41864,5.41864,5.41864,0,0
PLSPLN3M,D,20250612,000000,5.41483,5.41483,5.41483,5.41483,0,0
PLSPLN3M,D,20250613,000000,5.4109,5.4109,5.4109,5.4109,0,0
PLSPLN3M,D,20250616,000000,5.4016,5.4016,5.4016,5.4016,0,0
PLSPLN3M,D,20250617,000000,5.3943,5.3943,5.3943,5.3943,0,0
PLSPLN3M,D,20250618,000000,5.38874,5.38874,5.38874,5.38874,0,0
PLSPLN3M,D,20250620,000000,5.37745,5.37745,5.37745,5.37745,0,0
PLSPLN3M,D,20250623,000000,5.36835,5.36835,5.36835,5.36835,0,0
PLSPLN3M,D,20250624,000000,5.35723,5.35723,5.35723,5.35723,0,0
PLSPLN3M,D,20250625,000000,5.35174,5.35174,5.35174,5.35174,0,0
PLSPLN3M,D,20250626,000000,5.34659,5.34659,5.34659,5.34659,0,0
PLSPLN3M,D,20250627,000000,5.34146,5.34146,5.34146,5.34146,0,0
PLSPLN3M,D,20250630,000000,5.33134,5.33134,5.33134,5.33134,0,0
PLSPLN3M,D,20250701,000000,5.32663,5.32663,5.32663,5.32663,0,0
PLSPLN3M,D,20250702,000000,5.3202,5.3202,5.3202,5.3202,0,0
PLSPLN3M,D,20250703,000000,5.31424,5.31424,5.31424,5.31424,0,0
PLSPLN3M,D,20250704,000000,5.30777,5.30777,5.30777,5.30777,0,0
PLSPLN3M,D,20250707,000000,5.28527,5.28527,5.28527,5.28527,0,0
PLSPLN3M,D,20250708,000000,5.27967,5.27967,5.27967,5.27967,0,0
PLSPLN3M,D,20250709,000000,5.27331,5.27331,5.27331,5.27331,0,0
PLSPLN3M,D,20250710,000000,5.26755,5.26755,5.26755,5.26755,0,0
PLSPLN3M,D,20250711,000000,5.26029,5.26029,5.26029,5.26029,0,0
PLSPLN3M,D,20250714,000000,5.23738,5.23738,5.23738,5.23738,0,0
PLSPLN3M,D,20250715,000000,5.23068,5.23068,5.23068,5.23068,0,0
PLSPLN3M,D,20250716,000000,5.22388,5.22388,5.22388,5.22388,0,0
PLSPLN3M,D,20250717,000000,5.21605,5.21605,5.21605,5.21605,0,0
PLSPLN3M,D,20250718,000000,5.20717,5.20717,5.20717,5.20717,0,0
PLSPLN3M,D,20250721,000000,5.19774,5.19774,5.19774,5.19774,0,0
PLSPLN3M,D,20250722,000000,5.17234,5.17234,5.17234,5.17234,0,0
PLSPLN3M,D,20250723,000000,5.16424,5.16424,5.16424,5.16424,0,0
PLSPLN3M,D,20250724,000000,5.15649,5.15649,5.15649,5.15649,0,0
PLSPLN3M,D,20250725,000000,5.14899,5.14899,5.14899,5.14899,0,0
PLSPLN3M,D,20250728,000000,5.12712,5.12712,5.12712,5.12712,0,0
PLSPLN3M,D,20250729,000000,5.11808,5.11808,5.11808,5.11808,0,0
PLSPLN3M,D,20250730,000000,5.10774,5.10774,5.10774,5.10774,0,0
PLSPLN3M,D,20250731,000000,5.10275,5.10275,5.10275,5.10275,0,0
PLSPLN3M,D,20250801,000000,5.07878,5.07878,5.07878,5.07878,0,0
PLSPLN3M,D,20250804,000000,5.07502,5.07502,5.07502,5.07502,0,0
PLSPLN3M,D,20250805,000000,5.05619,5.05619,5.05619,5.05619,0,0
PLSPLN3M,D,20250806,000000,5.04666,5.04666,5.04666,5.04666,0,0
PLSPLN3M,D,20250807,000000,5.03654,5.03654,5.03654,5.03654,0,0
PLSPLN3M,D,20250808,000000,5.02622,5.02622,5.02622,5.02622,0,0
PLSPLN3M,D,20250811,000000,5.02126,5.02126,5.02126,5.02126,0,0
PLSPLN3M,D,20250812,000000,4.99675,4.99675,4.99675,4.99675,0,0
PLSPLN3M,D,20250813,000000,4.99444,4.99444,4.99444,4.99444,0,0
PLSPLN3M,D,20250814,000000,4.99218,4.99218,4.99218,4.99218,0,0
PLSPLN3M,D,20250818,000000,4.99006,4.99006,4.99006,4.99006,0,0
PLSPLN3M,D,20250819,000000,4.98565,4.98565,4.98565,4.98565,0,0
PLSPLN3M,D,20250820,000000,4.98378,4.98378,4.98378,4.98378,0,0
PLSPLN3M,D,20250821,000000,4.98201,4.98201,4.98201,4.98201,0,0
PLSPLN3M,D,20250822,000000,4.98102,4.98102,4.98102,4.98102,0,0
PLSPLN3M,D,20250825,000000,4.98113,4.98113,4.98113,4.98113,0,0
PLSPLN3M,D,20250826,000000,4.97604,4.97604,4.97604,4.97604,0,0
PLSPLN3M,D,20250827,000000,4.97504,4.97504,4.97504,4.97504,0,0
PLSPLN3M,D,20250828,000000,4.9738,4.9738,4.9738,4.9738,0,0
PLSPLN3M,D,20250829,000000,4.97095,4.97095,4.97095,4.97095,0,0
PLSPLN3M,D,20250901,000000,4.94693,4.94693,4.94693,4.94693,0,0
PLSPLN3M,D,20250902,000000,4.94556,4.94556,4.94556,4.94556,0,0
PLSPLN3M,D,20250903,000000,4.94019,4.94019,4.94019,4.94019,0,0
PLSPLN3M,D,20250904,000000,4.93364,4.93364,4.93364,4.93364,0,0
PLSPLN3M,D,20250905,000000,4.92653,4.92653,4.92653,4.92653,0,0
PLSPLN3M,D,20250908,000000,4.91253,4.91253,4.91253,4.91253,0,0
PLSPLN3M,D,20250909,000000,4.90543,4.90543,4.90543,4.90543,0,0
PLSPLN3M,D,20250910,000000,4.90148,4.90148,4.90148,4.90148,0,0
PLSPLN3M,D,20250911,000000,4.89618,4.89618,4.89618,4.89618,0,0
PLSPLN3M,D,20250912,000000,4.89014,4.89014,4.89014,4.89014,0,0
PLSPLN3M,D,20250915,000000,4.87982,4.87982,4.87982,4.87982,0,0
PLSPLN3M,D,20250916,000000,4.86951,4.86951,4.86951,4.86951,0,0
PLSPLN3M,D,20250917,000000,4.86457,4.86457,4.86457,4.86457,0,0
PLSPLN3M,D,20250918,000000,4.85954,4.85954,4.85954,4.85954,0,0
PLSPLN3M,D,20250919,000000,4.85737,4.85737,4.85737,4.85737,0,0
PLSPLN3M,D,20250922,000000,4.8449,4.8449,4.8449,4.8449,0,0
PLSPLN3M,D,20250923,000000,4.83263,4.83263,4.83263,4.83263,0,0
PLSPLN3M,D,20250924,000000,4.82701,4.82701,4.82701,4.82701,0,0
PLSPLN3M,D,20250925,000000,4.82235,4.82235,4.82235,4.82235,0,0
PLSPLN3M,D,20250926,000000,4.81697,4.81697,4.81697,4.81697,0,0
PLSPLN3M,D,20250929,000000,4.80743,4.80743,4.80743,4.80743,0,0
PLSPLN3M,D,20250930,000000,4.79499,4.79499,4.79499,4.79499,0,0
PLSPLN3M,D,20251001,000000,4.78468,4.78468,4.78468,4.78468,0,0
PLSPLN3M,D,20251002,000000,4.77998,4.77998,4.77998,4.77998,0,0
PLSPLN3M,D,20251003,000000,4.77432,4.77432,4.77432,4.77432,0,0
PLSPLN3M,D,20251006,000000,4.76819,4.76819,4.76819,4.76819,0,0
PLSPLN3M,D,20251007,000000,4.75971,4.75971,4.75971,4.75971,0,0
PLSPLN3M,D,20251008,000000,4.75475,4.75475,4.75475,4.75475,0,0
PLSPLN3M,D,20251009,000000,4.74838,4.74838,4.74838,4.74838,0,0
PLSPLN3M,D,20251010,000000,4.74008,4.74008,4.74008,4.74008,0,0
PLSPLN3M,D,20251013,000000,4.72785,4.72785,4.72785,4.72785,0,0
PLSPLN3M,D,20251014,000000,4.71202,4.71202,4.71202,4.71202,0,0
PLSPLN3M,D,20251015,000000,4.70675,4.70675,4.70675,4.70675,0,0
PLSPLN3M,D,20251016,000000,4.70071,4.70071,4.70071,4.70071,0,0
PLSPLN3M,D,20251017,000000,4.69538,4.69538,4.69538,4.69538,0,0
PLSPLN3M,D,20251020,000000,4.68394,4.68394,4.68394,4.68394,0,0
PLSPLN3M,D,20251021,000000,4.67412,4.67412,4.67412,4.67412,0,0
PLSPLN3M,D,20251022,000000,4.66858,4.66858,4.66858,4.66858,0,0
PLSPLN3M,D,20251023,000000,4.66254,4.66254,4.66254,4.66254,0,0
PLSPLN3M,D,20251024,000000,4.65531,4.65531,4.65531,4.65531,0,0
PLSPLN3M,D,20251027,000000,4.64095,4.64095,4.64095,4.64095,0,0
PLSPLN3M,D,20251028,000000,4.62722,4.62722,4.62722,4.62722,0,0
PLSPLN3M,D,20251029,000000,4.62259,4.62259,4.62259,4.62259,0,0
PLSPLN3M,D,20251030,000000,4.61873,4.61873,4.61873,4.61873,0,0
PLSPLN3M,D,20251031,000000,4.61477,4.61477,4.61477,4.61477,0,0
PLSPLN3M,D,20251103,000000,4.57487,4.57487,4.57487,4.57487,0,0
PLSPLN3M,D,20251104,000000,4.56044,4.56044,4.56044,4.56044,0,0
PLSPLN3M,D,20251105,000000,4.55419,4.55419,4.55419,4.55419,0,0
PLSPLN3M,D,20251106,000000,4.5494,4.5494,4.5494,4.5494,0,0
PLSPLN3M,D,20251107,000000,4.54522,4.54522,4.54522,4.54522,0,0
PLSPLN3M,D,20251110,000000,4.53803,4.53803,4.53803,4.53803,0,0
PLSPLN3M,D,20251112,000000,4.51053,4.51053,4.51053,4.51053,0,0
PLSPLN3M,D,20251113,000000,4.50291,4.50291,4.50291,4.50291,0,0
PLSPLN3M,D,20251114,000000,4.49558,4.49558,4.49558,4.49558,0,0
PLSPLN3M,D,20251117,000000,4.4888,4.4888,4.4888,4.4888,0,0
PLSPLN3M,D,20251118,000000,4.46283,4.46283,4.46283,4.46283,0,0
PLSPLN3M,D,20251119,000000,4.45332,4.45332,4.45332,4.45332,0,0
PLSPLN3M,D,20251120,000000,4.44456,4.44456,4.44456,4.44456,0,0
PLSPLN3M,D,20251121,000000,4.43545,4.43545,4.43545,4.43545,0,0
PLSPLN3M,D,20251124,000000,4.41452,4.41452,4.41452,4.41452,0,0
PLSPLN3M,D,20251125,000000,4.3918,4.3918,4.3918,4.3918,0,0
PLSPLN3M,D,20251126,000000,4.3828,4.3828,4.3828,4.3828,0,0
PLSPLN3M,D,20251127,000000,4.37422,4.37422,4.37422,4.37422,0,0
PLSPLN3M,D,20251128,000000,4.3652,4.3652,4.3652,4.3652,0,0
PLSPLN3M,D,20251201,000000,4.34379,4.34379,4.34379,4.34379,0,0
PLSPLN3M,D,20251202,000000,4.33685,4.33685,4.33685,4.33685,0,0
PLSPLN3M,D,20251203,000000,4.33002,4.33002,4.33002,4.33002,0,0
PLSPLN3M,D,20251204,000000,4.32314,4.32314,4.32314,4.32314,0,0
PLSPLN3M,D,20251205,000000,4.31584,4.31584,4.31584,4.31584,0,0
PLSPLN3M,D,20251208,000000,4.29822,4.29822,4.29822,4.29822,0,0
PLSPLN3M,D,20251209,000000,4.28986,4.28986,4.28986,4.28986,0,0
PLSPLN3M,D,20251210,000000,4.28048,4.28048,4.28048,4.28048,0,0
PLSPLN3M,D,20251211,000000,4.27106,4.27106,4.27106,4.27106,0,0
PLSPLN3M,D,20251212,000000,4.26232,4.26232,4.26232,4.26232,0,0
PLSPLN3M,D,20251215,000000,4.23668,4.23668,4.23668,4.23668,0,0
PLSPLN3M,D,20251216,000000,4.22676,4.22676,4.22676,4.22676,0,0
PLSPLN3M,D,20251217,000000,4.21744,4.21744,4.21744,4.21744,0,0
PLSPLN3M,D,20251218,000000,4.20764,4.20764,4.20764,4.20764,0,0
PLSPLN3M,D,20251219,000000,4.19736,4.19736,4.19736,4.19736,0,0
PLSPLN3M,D,20251222,000000,4.1647,4.1647,4.1647,4.1647,0,0
PLSPLN3M,D,20251223,000000,4.15355,4.15355,4.15355,4.15355,0,0
PLSPLN3M,D,20251229,000000,4.08675,4.08675,4.08675,4.08675,0,0
PLSPLN3M,D,20251230,000000,4.07554,4.07554,4.07554,4.07554,0,0
PLSPLN3M,D,20251231,000000,4.06998,4.06998,4.06998,4.06998,0,0
PLSPLN3M,D,20260102,000000,4.03237,4.03237,4.03237,4.03237,0,0
PLSPLN3M,D,20260105,000000,4.01521,4.01521,4.01521,4.01521,0,0
PLSPLN3M,D,20260107,000000,3.97995,3.97995,3.97995,3.97995,0,0
PLSPLN3M,D,20260108,000000,3.96965,3.96965,3.96965,3.96965,0,0
PLSPLN3M,D,20260109,000000,3.96061,3.96061,3.96061,3.96061,0,0
PLSPLN3M,D,20260112,000000,3.95745,3.95745,3.95745,3.95745,0,0
PLSPLN3M,D,20260113,000000,3.94065,3.94065,3.94065,3.94065,0,0
PLSPLN3M,D,20260114,000000,3.93444,3.93444,3.93444,3.93444,0,0
PLSPLN3M,D,20260115,000000,3.92828,3.92828,3.92828,3.92828,0,0
PLSPLN3M,D,20260116,000000,3.92251,3.92251,3.92251,3.92251,0,0
PLSPLN3M,D,20260119,000000,3.91605,3.91605,3.91605,3.91605,0,0
PLSPLN3M,D,20260120,000000,3.89834,3.89834,3.89834,3.89834,0,0
PLSPLN3M,D,20260121,000000,3.89176,3.89176,3.89176,3.89176,0,0
PLSPLN3M,D,20260122,000000,3.88573,3.88573,3.88573,3.88573,0,0
PLSPLN3M,D,20260123,000000,3.88054,3.88054,3.88054,3.88054,0,0
PLSPLN3M,D,20260126,000000,3.87712,3.87712,3.87712,3.87712,0,0
PLSPLN3M,D,20260127,000000,3.86361,3.86361,3.86361,3.86361,0,0
PLSPLN3M,D,20260128,000000,3.85682,3.85682,3.85682,3.85682,0,0
PLSPLN3M,D,20260129,000000,3.85033,3.85033,3.85033,3.85033,0,0
PLSPLN3M,D,20260130,000000,3.84491,3.84491,3.84491,3.84491,0,0
PLSPLN3M,D,20260202,000000,3.83761,3.83761,3.83761,3.83761,0,0
PLSPLN3M,D,20260203,000000,3.83558,3.83558,3.83558,3.83558,0,0
PLSPLN3M,D,20260204,000000,3.82978,3.82978,3.82978,3.82978,0,0
PLSPLN3M,D,20260205,000000,3.82416,3.82416,3.82416,3.82416,0,0
PLSPLN3M,D,20260206,000000,3.81822,3.81822,3.81822,3.81822,0,0
PLSPLN3M,D,20260209,000000,3.8105,3.8105,3.8105,3.8105,0,0
PLSPLN3M,D,20260210,000000,3.79311,3.79311,3.79311,3.79311,0,0
