<TICKER>,<PER>,<DATE>,<TIME>,<OPEN>,<HIGH>,<LOW>,<CLOSE>,<VOL>,<OPENINT>
PLSPLN1M,D,20210201,000000,-0.00154,-0.00154,-0.00154,-0.00154,0,0
PLSPLN1M,D,20210202,000000,-0.00121,-0.00121,-0.00121,-0.00121,0,0
PLSPLN1M,D,20210203,000000,-0.00093,-0.00093,-0.00093,-0.00093,0,0
PLSPLN1M,D,20210204,000000,-0.00055,-0.00055,-0.00055,-0.00055,0,0
PLSPLN1M,D,20210205,000000,-0.00032,-0.00032,-0.00032,-0.00032,0,0
PLSPLN1M,D,20210208,000000,0.00419,0.00419,0.00419,0.00419,0,0
PLSPLN1M,D,20210209,000000,0.00428,0.00428,0.00428,0.00428,0,0
PLSPLN1M,D,20210210,000000,0.00455,0.00455,0.00455,0.00455,0,0
PLSPLN1M,D,20210211,000000,0.00468,0.00468,0.00468,0.00468,0,0
PLSPLN1M,D,20210212,000000,0.00684,0.00684,0.00684,0.00684,0,0
PLSPLN1M,D,20210215,000000,0.00823,0.00823,0.00823,0.00823,0,0
PLSPLN1M,D,20210216,000000,0.00841,0.00841,0.00841,0.00841,0,0
PLSPLN1M,D,20210217,000000,0.00855,0.00855,0.00855,0.00855,0,0
PLSPLN1M,D,20210218,000000,0.00871,0.00871,0.00871,0.00871,0,0
PLSPLN1M,D,20210219,000000,0.00903,0.00903,0.00903,0.00903,0,0
PLSPLN1M,D,20210222,000000,0.01013,0.01013,0.01013,0.01013,0,0
PLSPLN1M,D,20210223,000000,0.01003,0.01003,0.01003,0.01003,0,0
PLSPLN1M,D,20210224,000000,0.01003,0.01003,0.01003,0.01003,0,0
PLSPLN1M,D,20210225,000000,0.00965,0.00965,0.00965,0.00965,0,0
PLSPLN1M,D,20210226,000000,0.00955,0.00955,0.00955,0.00955,0,0
PLSPLN1M,D,20210301,000000,0.0095,0.0095,0.0095,0.0095,0,0
PLSPLN1M,D,20210302,000000,0.0095,0.0095,0.0095,0.0095,0,0
PLSPLN1M,D,20210303,000000,0.00946,0.00946,0.00946,0.00946,0,0
PLSPLN1M,D,20210304,000000,0.00943,0.00943,0.00943,0.00943,0,0
PLSPLN1M,D,20210305,000000,0.00961,0.00961,0.00961,0.00961,0,0
PLSPLN1M,D,20210308,000000,0.00896,0.00896,0.00896,0.00896,0,0
PLSPLN1M,D,20210309,000000,0.00918,0.00918,0.00918,0.00918,0,0
PLSPLN1M,D,20210310,000000,0.00911,0.00911,0.00911,0.00911,0,0
PLSPLN1M,D,20210311,000000,0.00921,0.00921,0.00921,0.00921,0,0
PLSPLN1M,D,20210312,000000,0.00929,0.00929,0.00929,0.00929,0,0
PLSPLN1M,D,20210315,000000,0.00971,0.00971,0.00971,0.00971,0,0
PLSPLN1M,D,20210316,000000,0.00993,0.00993,0.00993,0.00993,0,0
PLSPLN1M,D,20210317,000000,0.01011,0.01011,0.01011,0.01011,0,0
PLSPLN1M,D,20210318,000000,0.01036,0.01036,0.01036,0.01036,0,0
PLSPLN1M,D,20210319,000000,0.0105,0.0105,0.0105,0.0105,0,0
PLSPLN1M,D,20210322,000000,0.01114,0.01114,0.01114,0.01114,0,0
PLSPLN1M,D,20210323,000000,0.0115,0.0115,0.0115,0.0115,0,0
PLSPLN1M,D,20210324,000000,0.01161,0.01161,0.01161,0.01161,0,0
PLSPLN1M,D,20210325,000000,0.01214,0.01214,0.01214,0.01214,0,0
PLSPLN1M,D,20210326,000000,0.0125,0.0125,0.0125,0.0125,0,0
PLSPLN1M,D,20210329,000000,0.01235,0.01235,0.01235,0.01235,0,0
PLSPLN1M,D,20210330,000000,0.01234,0.01234,0.01234,0.01234,0,0
PLSPLN1M,D,20210331,000000,0.01233,0.01233,0.01233,0.01233,0,0
PLSPLN1M,D,20210401,000000,0.01345,0.01345,0.01345,0.01345,0,0
PLSPLN1M,D,20210402,000000,0.01352,0.01352,0.01352,0.01352,0,0
PLSPLN1M,D,20210406,000000,0.01406,0.01406,0.01406,0.01406,0,0
PLSPLN1M,D,20210407,000000,0.014,0.014,0.014,0.014,0,0
PLSPLN1M,D,20210408,000000,0.014,0.014,0.014,0.014,0,0
PLSPLN1M,D,20210409,000000,0.0139,0.0139,0.0139,0.0139,0,0
PLSPLN1M,D,20210412,000000,0.01371,0.01371,0.01371,0.01371,0,0
PLSPLN1M,D,20210413,000000,0.01372,0.01372,0.01372,0.01372,0,0
PLSPLN1M,D,20210414,000000,0.01361,0.01361,0.01361,0.01361,0,0
PLSPLN1M,D,20210415,000000,0.01355,0.01355,0.01355,0.01355,0,0
PLSPLN1M,D,20210416,000000,0.01345,0.01345,0.01345,0.01345,0,0
PLSPLN1M,D,20210419,000000,0.01332,0.01332,0.01332,0.01332,0,0
PLSPLN1M,D,20210420,000000,0.01328,0.01328,0.01328,0.01328,0,0
PLSPLN1M,D,20210421,000000,0.01321,0.01321,0.01321,0.01321,0,0
PLSPLN1M,D,20210422,000000,0.01284,0.01284,0.01284,0.01284,0,0
PLSPLN1M,D,20210423,000000,0.01261,0.01261,0.01261,0.01261,0,0
PLSPLN1M,D,20210426,000000,0.01226,0.01226,0.01226,0.01226,0,0
PLSPLN1M,D,20210427,000000,0.01228,0.01228,0.01228,0.01228,0,0
PLSPLN1M,D,20210428,000000,0.01248,0.01248,0.01248,0.01248,0,0
PLSPLN1M,D,20210429,000000,0.01287,0.01287,0.01287,0.01287,0,0
PLSPLN1M,D,20210430,000000,0.01313,0.01313,0.01313,0.01313,0,0
PLSPLN1M,D,20210504,000000,0.01075,0.01075,0.01075,0.01075,0,0
PLSPLN1M,D,20210505,000000,0.01073,0.01073,0.01073,0.01073,0,0
PLSPLN1M,D,20210506,000000,0.01027,0.01027,0.01027,0.01027,0,0
PLSPLN1M,D,20210507,000000,0.0101,0.0101,0.0101,0.0101,0,0
PLSPLN1M,D,20210510,000000,0.01045,0.01045,0.01045,0.01045,0,0
PLSPLN1M,D,20210511,000000,0.01056,0.01056,0.01056,0.01056,0,0
PLSPLN1M,D,20210512,000000,0.0106,0.0106,0.0106,0.0106,0,0
PLSPLN1M,D,20210513,000000,0.01043,0.01043,0.01043,0.01043,0,0
PLSPLN1M,D,20210514,000000,0.0104,0.0104,0.0104,0.0104,0,0
PLSPLN1M,D,20210517,000000,0.01006,0.01006,0.01006,0.01006,0,0
PLSPLN1M,D,20210518,000000,0.01009,0.01009,0.01009,0.01009,0,0
PLSPLN1M,D,20210519,000000,0.0095,0.0095,0.0095,0.0095,0,0
PLSPLN1M,D,20210520,000000,0.00943,0.00943,0.00943,0.00943,0,0
PLSPLN1M,D,20210521,000000,0.00933,0.00933,0.00933,0.00933,0,0
PLSPLN1M,D,20210524,000000,0.00945,0.00945,0.00945,0.00945,0,0
PLSPLN1M,D,20210525,000000,0.00938,0.00938,0.00938,0.00938,0,0
PLSPLN1M,D,20210526,000000,0.0091,0.0091,0.0091,0.0091,0,0
PLSPLN1M,D,20210527,000000,0.00907,0.00907,0.00907,0.00907,0,0
PLSPLN1M,D,20210528,000000,0.0089,0.0089,0.0089,0.0089,0,0
PLSPLN1M,D,20210531,000000,0.00732,0.00732,0.00732,0.00732,0,0
PLSPLN1M,D,20210601,000000,0.00925,0.00925,0.00925,0.00925,0,0
PLSPLN1M,D,20210602,000000,0.00928,0.00928,0.00928,0.00928,0,0
PLSPLN1M,D,20210604,000000,0.00758,0.00758,0.00758,0.00758,0,0
PLSPLN1M,D,20210607,000000,0.00748,0.00748,0.00748,0.00748,0,0
PLSPLN1M,D,20210608,000000,0.00747,0.00747,0.00747,0.00747,0,0
PLSPLN1M,D,20210609,000000,0.00755,0.00755,0.00755,0.00755,0,0
PLSPLN1M,D,20210610,000000,0.007,0.007,0.007,0.007,0,0
PLSPLN1M,D,20210611,000000,0.00694,0.00694,0.00694,0.00694,0,0
PLSPLN1M,D,20210614,000000,0.0071,0.0071,0.0071,0.0071,0,0
PLSPLN1M,D,20210615,000000,0.00719,0.00719,0.00719,0.00719,0,0
PLSPLN1M,D,20210616,000000,0.00745,0.00745,0.00745,0.00745,0,0
PLSPLN1M,D,20210617,000000,0.00742,0.00742,0.00742,0.00742,0,0
PLSPLN1M,D,20210618,000000,0.00755,0.00755,0.00755,0.00755,0,0
PLSPLN1M,D,20210621,000000,0.00781,0.00781,0.00781,0.00781,0,0
PLSPLN1M,D,20210622,000000,0.00803,0.00803,0.00803,0.00803,0,0
PLSPLN1M,D,20210623,000000,0.00827,0.00827,0.00827,0.00827,0,0
PLSPLN1M,D,20210624,000000,0.00823,0.00823,0.00823,0.00823,0,0
PLSPLN1M,D,20210625,000000,0.00835,0.00835,0.00835,0.00835,0,0
PLSPLN1M,D,20210628,000000,0.00742,0.00742,0.00742,0.00742,0,0
PLSPLN1M,D,20210629,000000,0.00756,0.00756,0.00756,0.00756,0,0
PLSPLN1M,D,20210630,000000,0.00758,0.00758,0.00758,0.00758,0,0
PLSPLN1M,D,20210701,000000,0.00887,0.00887,0.00887,0.00887,0,0
PLSPLN1M,D,20210702,000000,0.0089,0.0089,0.0089,0.0089,0,0
PLSPLN1M,D,20210705,000000,0.01194,0.01194,0.01194,0.01194,0,0
PLSPLN1M,D,20210706,000000,0.01197,0.01197,0.01197,0.01197,0,0
PLSPLN1M,D,20210707,000000,0.01247,0.01247,0.01247,0.01247,0,0
PLSPLN1M,D,20210708,000000,0.01287,0.01287,0.01287,0.01287,0,0
PLSPLN1M,D,20210709,000000,0.0129,0.0129,0.0129,0.0129,0,0
PLSPLN1M,D,20210712,000000,0.01313,0.01313,0.01313,0.01313,0,0
PLSPLN1M,D,20210713,000000,0.01313,0.01313,0.01313,0.01313,0,0
PLSPLN1M,D,20210714,000000,0.01327,0.01327,0.01327,0.01327,0,0
PLSPLN1M,D,20210715,000000,0.01327,0.01327,0.01327,0.01327,0,0
PLSPLN1M,D,20210716,000000,0.01327,0.01327,0.01327,0.01327,0,0
PLSPLN1M,D,20210719,000000,0.01365,0.01365,0.01365,0.01365,0,0
PLSPLN1M,D,20210720,000000,0.01375,0.01375,0.01375,0.01375,0,0
PLSPLN1M,D,20210721,000000,0.0137,0.0137,0.0137,0.0137,0,0
PLSPLN1M,D,20210722,000000,0.01363,0.01363,0.01363,0.01363,0,0
PLSPLN1M,D,20210723,000000,0.01357,0.01357,0.01357,0.01357,0,0
PLSPLN1M,D,20210726,000000,0.01355,0.01355,0.01355,0.01355,0,0
PLSPLN1M,D,20210727,000000,0.01372,0.01372,0.01372,0.01372,0,0
PLSPLN1M,D,20210728,000000,0.0152,0.0152,0.0152,0.0152,0,0
PLSPLN1M,D,20210729,000000,0.0154,0.0154,0.0154,0.0154,0,0
PLSPLN1M,D,20210730,000000,0.01573,0.01573,0.01573,0.01573,0,0
PLSPLN1M,D,20210802,000000,0.01577,0.01577,0.01577,0.01577,0,0
PLSPLN1M,D,20210803,000000,0.01528,0.01528,0.01528,0.01528,0,0
PLSPLN1M,D,20210804,000000,0.01503,0.01503,0.01503,0.01503,0,0
PLSPLN1M,D,20210805,000000,0.0139,0.0139,0.0139,0.0139,0,0
PLSPLN1M,D,20210806,000000,0.01371,0.01371,0.01371,0.01371,0,0
PLSPLN1M,D,20210809,000000,0.01323,0.01323,0.01323,0.01323,0,0
PLSPLN1M,D,20210810,000000,0.01309,0.01309,0.01309,0.01309,0,0
PLSPLN1M,D,20210811,000000,0.01309,0.01309,0.01309,0.01309,0,0
PLSPLN1M,D,20210812,000000,0.01294,0.01294,0.01294,0.01294,0,0
PLSPLN1M,D,20210813,000000,0.01287,0.01287,0.01287,0.01287,0,0
PLSPLN1M,D,20210816,000000,0.01323,0.01323,0.01323,0.01323,0,0
PLSPLN1M,D,20210817,000000,0.0135,0.0135,0.0135,0.0135,0,0
PLSPLN1M,D,20210818,000000,0.01361,0.01361,0.01361,0.01361,0,0
PLSPLN1M,D,20210819,000000,0.01326,0.01326,0.01326,0.01326,0,0
PLSPLN1M,D,20210820,000000,0.01313,0.01313,0.01313,0.01313,0,0
PLSPLN1M,D,20210823,000000,0.01319,0.01319,0.01319,0.01319,0,0
PLSPLN1M,D,20210824,000000,0.01328,0.01328,0.01328,0.01328,0,0
PLSPLN1M,D,20210825,000000,0.01333,0.01333,0.01333,0.01333,0,0
PLSPLN1M,D,20210826,000000,0.01352,0.01352,0.01352,0.01352,0,0
PLSPLN1M,D,20210827,000000,0.01348,0.01348,0.01348,0.01348,0,0
PLSPLN1M,D,20210830,000000,0.01313,0.01313,0.01313,0.01313,0,0
PLSPLN1M,D,20210831,000000,0.01325,0.01325,0.01325,0.01325,0,0
PLSPLN1M,D,20210901,000000,0.0132,0.0132,0.0132,0.0132,0,0
PLSPLN1M,D,20210902,000000,0.01326,0.01326,0.01326,0.01326,0,0
PLSPLN1M,D,20210903,000000,0.01368,0.01368,0.01368,0.01368,0,0
PLSPLN1M,D,20210906,000000,0.01397,0.01397,0.01397,0.01397,0,0
PLSPLN1M,D,20210907,000000,0.01381,0.01381,0.01381,0.01381,0,0
PLSPLN1M,D,20210908,000000,0.01367,0.01367,0.01367,0.01367,0,0
PLSPLN1M,D,20210909,000000,0.0139,0.0139,0.0139,0.0139,0,0
PLSPLN1M,D,20210910,000000,0.01394,0.01394,0.01394,0.01394,0,0
PLSPLN1M,D,20210913,000000,0.01397,0.01397,0.01397,0.01397,0,0
PLSPLN1M,D,20210914,000000,0.01381,0.01381,0.01381,0.01381,0,0
PLSPLN1M,D,20210915,000000,0.01376,0.01376,0.01376,0.01376,0,0
PLSPLN1M,D,20210916,000000,0.01371,0.01371,0.01371,0.01371,0,0
PLSPLN1M,D,20210917,000000,0.01358,0.01358,0.01358,0.01358,0,0
PLSPLN1M,D,20210920,000000,0.01365,0.01365,0.01365,0.01365,0,0
PLSPLN1M,D,20210921,000000,0.01381,0.01381,0.01381,0.01381,0,0
PLSPLN1M,D,20210922,000000,0.01394,0.01394,0.01394,0.01394,0,0
PLSPLN1M,D,20210923,000000,0.01403,0.01403,0.01403,0.01403,0,0
PLSPLN1M,D,20210924,000000,0.01403,0.01403,0.01403,0.01403,0,0
PLSPLN1M,D,20210927,000000,0.01287,0.01287,0.01287,0.01287,0,0
PLSPLN1M,D,20210928,000000,0.01294,0.01294,0.01294,0.01294,0,0
PLSPLN1M,D,20210929,000000,0.01309,0.01309,0.01309,0.01309,0,0
PLSPLN1M,D,20210930,000000,0.0131,0.0131,0.0131,0.0131,0,0
PLSPLN1M,D,20211001,000000,0.01313,0.01313,0.01313,0.01313,0,0
PLSPLN1M,D,20211004,000000,0.01384,0.01384,0.01384,0.01384,0,0
PLSPLN1M,D,20211005,000000,0.01388,0.01388,0.01388,0.01388,0,0
PLSPLN1M,D,20211006,000000,0.01427,0.01427,0.01427,0.01427,0,0
PLSPLN1M,D,20211007,000000,0.01427,0.01427,0.01427,0.01427,0,0
PLSPLN1M,D,20211008,000000,0.01593,0.01593,0.01593,0.01593,0,0
PLSPLN1M,D,20211011,000000,0.02503,0.02503,0.02503,0.02503,0,0
PLSPLN1M,D,20211012,000000,0.02638,0.02638,0.02638,0.02638,0,0
PLSPLN1M,D,20211013,000000,0.03067,0.03067,0.03067,0.03067,0,0
PLSPLN1M,D,20211014,000000,0.03277,0.03277,0.03277,0.03277,0,0
PLSPLN1M,D,20211015,000000,0.03503,0.03503,0.03503,0.03503,0,0
PLSPLN1M,D,20211018,000000,0.04965,0.04965,0.04965,0.04965,0,0
PLSPLN1M,D,20211019,000000,0.05378,0.05378,0.05378,0.05378,0,0
PLSPLN1M,D,20211020,000000,0.06083,0.06083,0.06083,0.06083,0,0
PLSPLN1M,D,20211021,000000,0.0651,0.0651,0.0651,0.0651,0,0
PLSPLN1M,D,20211022,000000,0.06954,0.06954,0.06954,0.06954,0,0
PLSPLN1M,D,20211025,000000,0.07707,0.07707,0.07707,0.07707,0,0
PLSPLN1M,D,20211026,000000,0.07791,0.07791,0.07791,0.07791,0,0
PLSPLN1M,D,20211027,000000,0.08594,0.08594,0.08594,0.08594,0,0
PLSPLN1M,D,20211028,000000,0.08894,0.08894,0.08894,0.08894,0,0
PLSPLN1M,D,20211029,000000,0.09197,0.09197,0.09197,0.09197,0,0
PLSPLN1M,D,20211102,000000,0.09685,0.09685,0.09685,0.09685,0,0
PLSPLN1M,D,20211103,000000,0.0977,0.0977,0.0977,0.0977,0,0
PLSPLN1M,D,20211104,000000,0.10694,0.10694,0.10694,0.10694,0,0
PLSPLN1M,D,20211105,000000,0.13278,0.13278,0.13278,0.13278,0,0
PLSPLN1M,D,20211108,000000,0.21018,0.21018,0.21018,0.21018,0,0
PLSPLN1M,D,20211109,000000,0.2313,0.2313,0.2313,0.2313,0,0
PLSPLN1M,D,20211110,000000,0.24848,0.24848,0.24848,0.24848,0,0
PLSPLN1M,D,20211112,000000,0.30329,0.30329,0.30329,0.30329,0,0
PLSPLN1M,D,20211115,000000,0.37299,0.37299,0.37299,0.37299,0,0
PLSPLN1M,D,20211116,000000,0.38784,0.38784,0.38784,0.38784,0,0
PLSPLN1M,D,20211117,000000,0.40146,0.40146,0.40146,0.40146,0,0
PLSPLN1M,D,20211118,000000,0.43636,0.43636,0.43636,0.43636,0,0
PLSPLN1M,D,20211119,000000,0.45753,0.45753,0.45753,0.45753,0,0
PLSPLN1M,D,20211122,000000,0.52385,0.52385,0.52385,0.52385,0,0
PLSPLN1M,D,20211123,000000,0.53427,0.53427,0.53427,0.53427,0,0
PLSPLN1M,D,20211124,000000,0.54446,0.54446,0.54446,0.54446,0,0
PLSPLN1M,D,20211125,000000,0.59724,0.59724,0.59724,0.59724,0,0
PLSPLN1M,D,20211126,000000,0.62128,0.62128,0.62128,0.62128,0,0
PLSPLN1M,D,20211129,000000,0.69509,0.69509,0.69509,0.69509,0,0
PLSPLN1M,D,20211130,000000,0.69735,0.69735,0.69735,0.69735,0,0
PLSPLN1M,D,20211201,000000,0.79075,0.79075,0.79075,0.79075,0,0
PLSPLN1M,D,20211202,000000,0.80828,0.80828,0.80828,0.80828,0,0
PLSPLN1M,D,20211203,000000,0.84518,0.84518,0.84518,0.84518,0,0
PLSPLN1M,D,20211206,000000,0.88741,0.88741,0.88741,0.88741,0,0
PLSPLN1M,D,20211207,000000,0.88504,0.88504,0.88504,0.88504,0,0
PLSPLN1M,D,20211208,000000,0.88827,0.88827,0.88827,0.88827,0,0
PLSPLN1M,D,20211209,000000,0.88483,0.88483,0.88483,0.88483,0,0
PLSPLN1M,D,20211210,000000,0.90041,0.90041,0.90041,0.90041,0,0
PLSPLN1M,D,20211213,000000,0.94832,0.94832,0.94832,0.94832,0,0
PLSPLN1M,D,20211214,000000,0.9586,0.9586,0.9586,0.9586,0,0
PLSPLN1M,D,20211215,000000,0.98374,0.98374,0.98374,0.98374,0,0
PLSPLN1M,D,20211216,000000,0.99748,0.99748,0.99748,0.99748,0,0
PLSPLN1M,D,20211217,000000,1.01189,1.01189,1.01189,1.01189,0,0
PLSPLN1M,D,20211220,000000,1.05089,1.05089,1.05089,1.05089,0,0
PLSPLN1M,D,20211221,000000,1.05802,1.05802,1.05802,1.05802,0,0
PLSPLN1M,D,20211222,000000,1.08866,1.08866,1.08866,1.08866,0,0
PLSPLN1M,D,20211223,000000,1.10337,1.10337,1.10337,1.10337,0,0
PLSPLN1M,D,20211224,000000,1.11805,1.11805,1.11805,1.11805,0,0
PLSPLN1M,D,20211227,000000,1.15304,1.15304,1.15304,1.15304,0,0
PLSPLN1M,D,20211228,000000,1.15577,1.15577,1.15577,1.15577,0,0
PLSPLN1M,D,20211229,000000,1.18911,1.18911,1.18911,1.18911,0,0
PLSPLN1M,D,20211230,000000,1.20746,1.20746,1.20746,1.20746,0,0
PLSPLN1M,D,20211231,000000,1.21184,1.21184,1.21184,1.21184,0,0
PLSPLN1M,D,20220103,000000,1.1934,1.1934,1.1934,1.1934,0,0
PLSPLN1M,D,20220104,000000,1.19709,1.19709,1.19709,1.19709,0,0
PLSPLN1M,D,20220105,000000,1.19682,1.19682,1.19682,1.19682,0,0
PLSPLN1M,D,20220107,000000,1.26435,1.26435,1.26435,1.26435,0,0
PLSPLN1M,D,20220110,000000,1.3515,1.3515,1.3515,1.3515,0,0
PLSPLN1M,D,20220111,000000,1.36545,1.36545,1.36545,1.36545,0,0
PLSPLN1M,D,20220112,000000,1.37623,1.37623,1.37623,1.37623,0,0
PLSPLN1M,D,20220113,000000,1.39096,1.39096,1.39096,1.39096,0,0
PLSPLN1M,D,20220114,000000,1.4055,1.4055,1.4055,1.4055,0,0
PLSPLN1M,D,20220117,000000,1.45261,1.45261,1.45261,1.45261,0,0
PLSPLN1M,D,20220118,000000,1.46059,1.46059,1.46059,1.46059,0,0
PLSPLN1M,D,20220119,000000,1.47025,1.47025,1.47025,1.47025,0,0
PLSPLN1M,D,20220120,000000,1.49847,1.49847,1.49847,1.49847,0,0
PLSPLN1M,D,20220121,000000,1.51343,1.51343,1.51343,1.51343,0,0
PLSPLN1M,D,20220124,000000,1.55987,1.55987,1.55987,1.55987,0,0
PLSPLN1M,D,20220125,000000,1.56597,1.56597,1.56597,1.56597,0,0
PLSPLN1M,D,20220126,000000,1.57435,1.57435,1.57435,1.57435,0,0
PLSPLN1M,D,20220127,000000,1.61271,1.61271,1.61271,1.61271,0,0
PLSPLN1M,D,20220128,000000,1.63471,1.63471,1.63471,1.63471,0,0
PLSPLN1M,D,20220131,000000,1.66991,1.66991,1.66991,1.66991,0,0
PLSPLN1M,D,20220201,000000,1.74506,1.74506,1.74506,1.74506,0,0
PLSPLN1M,D,20220202,000000,1.74707,1.74707,1.74707,1.74707,0,0
PLSPLN1M,D,20220203,000000,1.75484,1.75484,1.75484,1.75484,0,0
PLSPLN1M,D,20220204,000000,1.77868,1.77868,1.77868,1.77868,0,0
PLSPLN1M,D,20220207,000000,1.80862,1.80862,1.80862,1.80862,0,0
PLSPLN1M,D,20220208,000000,1.80781,1.80781,1.80781,1.80781,0,0
PLSPLN1M,D,20220209,000000,1.80605,1.80605,1.80605,1.80605,0,0
PLSPLN1M,D,20220210,000000,1.81034,1.81034,1.81034,1.81034,0,0
PLSPLN1M,D,20220211,000000,1.82246,1.82246,1.82246,1.82246,0,0
PLSPLN1M,D,20220214,000000,1.87091,1.87091,1.87091,1.87091,0,0
PLSPLN1M,D,20220215,000000,1.87773,1.87773,1.87773,1.87773,0,0
PLSPLN1M,D,20220216,000000,1.88633,1.88633,1.88633,1.88633,0,0
PLSPLN1M,D,20220217,000000,1.91172,1.91172,1.91172,1.91172,0,0
PLSPLN1M,D,20220218,000000,1.93262,1.93262,1.93262,1.93262,0,0
PLSPLN1M,D,20220221,000000,1.97206,1.97206,1.97206,1.97206,0,0
PLSPLN1M,D,20220222,000000,1.9819,1.9819,1.9819,1.9819,0,0
PLSPLN1M,D,20220223,000000,1.99075,1.99075,1.99075,1.99075,0,0
PLSPLN1M,D,20220224,000000,2.01482,2.01482,2.01482,2.01482,0,0
PLSPLN1M,D,20220225,000000,2.03385,2.03385,2.03385,2.03385,0,0
PLSPLN1M,D,20220228,000000,2.0854,2.0854,2.0854,2.0854,0,0
PLSPLN1M,D,20220301,000000,2.14132,2.14132,2.14132,2.14132,0,0
PLSPLN1M,D,20220302,000000,2.16743,2.16743,2.16743,2.16743,0,0
PLSPLN1M,D,20220303,000000,2.18914,2.18914,2.18914,2.18914,0,0
PLSPLN1M,D,20220304,000000,2.20792,2.20792,2.20792,2.20792,0,0
PLSPLN1M,D,20220307,000000,2.25868,2.25868,2.25868,2.25868,0,0
PLSPLN1M,D,20220308,000000,2.28115,2.28115,2.28115,2.28115,0,0
PLSPLN1M,D,20220309,000000,2.30626,2.30626,2.30626,2.30626,0,0
PLSPLN1M,D,20220310,000000,2.34347,2.34347,2.34347,2.34347,0,0
PLSPLN1M,D,20220311,000000,2.37613,2.37613,2.37613,2.37613,0,0
PLSPLN1M,D,20220314,000000,2.47991,2.47991,2.47991,2.47991,0,0
PLSPLN1M,D,20220315,000000,2.51615,2.51615,2.51615,2.51615,0,0
PLSPLN1M,D,20220316,000000,2.55168,2.55168,2.55168,2.55168,0,0
PLSPLN1M,D,20220317,000000,2.58446,2.58446,2.58446,2.58446,0,0
PLSPLN1M,D,20220318,000000,2.61244,2.61244,2.61244,2.61244,0,0
PLSPLN1M,D,20220321,000000,2.72708,2.72708,2.72708,2.72708,0,0
PLSPLN1M,D,20220322,000000,2.76032,2.76032,2.76032,2.76032,0,0
PLSPLN1M,D,20220323,000000,2.7949,2.7949,2.7949,2.7949,0,0
PLSPLN1M,D,20220324,000000,2.83308,2.83308,2.83308,2.83308,0,0
PLSPLN1M,D,20220325,000000,2.8639,2.8639,2.8639,2.8639,0,0
PLSPLN1M,D,20220328,000000,2.92423,2.92423,2.92423,2.92423,0,0
PLSPLN1M,D,20220329,000000,2.92815,2.92815,2.92815,2.92815,0,0
PLSPLN1M,D,20220330,000000,2.93221,2.93221,2.93221,2.93221,0,0
PLSPLN1M,D,20220331,000000,2.94595,2.94595,2.94595,2.94595,0,0
PLSPLN1M,D,20220401,000000,2.98116,2.98116,2.98116,2.98116,0,0
PLSPLN1M,D,20220404,000000,3.06156,3.06156,3.06156,3.06156,0,0
PLSPLN1M,D,20220405,000000,3.07348,3.07348,3.07348,3.07348,0,0
PLSPLN1M,D,20220406,000000,3.08599,3.08599,3.08599,3.08599,0,0
PLSPLN1M,D,20220407,000000,3.17373,3.17373,3.17373,3.17373,0,0
PLSPLN1M,D,20220408,000000,3.23619,3.23619,3.23619,3.23619,0,0
PLSPLN1M,D,20220411,000000,3.37616,3.37616,3.37616,3.37616,0,0
PLSPLN1M,D,20220412,000000,3.40466,3.40466,3.40466,3.40466,0,0
PLSPLN1M,D,20220413,000000,3.42799,3.42799,3.42799,3.42799,0,0
PLSPLN1M,D,20220414,000000,3.47498,3.47498,3.47498,3.47498,0,0
PLSPLN1M,D,20220415,000000,3.5104,3.5104,3.5104,3.5104,0,0
PLSPLN1M,D,20220419,000000,3.62933,3.62933,3.62933,3.62933,0,0
PLSPLN1M,D,20220420,000000,3.64429,3.64429,3.64429,3.64429,0,0
PLSPLN1M,D,20220421,000000,3.7032,3.7032,3.7032,3.7032,0,0
PLSPLN1M,D,20220422,000000,3.7351,3.7351,3.7351,3.7351,0,0
PLSPLN1M,D,20220425,000000,3.82152,3.82152,3.82152,3.82152,0,0
PLSPLN1M,D,20220426,000000,3.83079,3.83079,3.83079,3.83079,0,0
PLSPLN1M,D,20220427,000000,3.83989,3.83989,3.83989,3.83989,0,0
PLSPLN1M,D,20220428,000000,3.9372,3.9372,3.9372,3.9372,0,0
PLSPLN1M,D,20220429,000000,3.97727,3.97727,3.97727,3.97727,0,0
PLSPLN1M,D,20220502,000000,4.0561,4.0561,4.0561,4.0561,0,0
PLSPLN1M,D,20220504,000000,4.14626,4.14626,4.14626,4.14626,0,0
PLSPLN1M,D,20220505,000000,4.18161,4.18161,4.18161,4.18161,0,0
PLSPLN1M,D,20220506,000000,4.21462,4.21462,4.21462,4.21462,0,0
PLSPLN1M,D,20220509,000000,4.29023,4.29023,4.29023,4.29023,0,0
PLSPLN1M,D,20220510,000000,4.30787,4.30787,4.30787,4.30787,0,0
PLSPLN1M,D,20220511,000000,4.3234,4.3234,4.3234,4.3234,0,0
PLSPLN1M,D,20220512,000000,4.34234,4.34234,4.34234,4.34234,0,0
PLSPLN1M,D,20220513,000000,4.36431,4.36431,4.36431,4.36431,0,0
PLSPLN1M,D,20220516,000000,4.42642,4.42642,4.42642,4.42642,0,0
PLSPLN1M,D,20220517,000000,4.44038,4.44038,4.44038,4.44038,0,0
PLSPLN1M,D,20220518,000000,4.45337,4.45337,4.45337,4.45337,0,0
PLSPLN1M,D,20220519,000000,4.50179,4.50179,4.50179,4.50179,0,0
PLSPLN1M,D,20220520,000000,4.52705,4.52705,4.52705,4.52705,0,0
PLSPLN1M,D,20220523,000000,4.58202,4.58202,4.58202,4.58202,0,0
PLSPLN1M,D,20220524,000000,4.59164,4.59164,4.59164,4.59164,0,0
PLSPLN1M,D,20220525,000000,4.65088,4.65088,4.65088,4.65088,0,0
PLSPLN1M,D,20220526,000000,4.6834,4.6834,4.6834,4.6834,0,0
PLSPLN1M,D,20220527,000000,4.71756,4.71756,4.71756,4.71756,0,0
PLSPLN1M,D,20220530,000000,4.75819,4.75819,4.75819,4.75819,0,0
PLSPLN1M,D,20220531,000000,4.76437,4.76437,4.76437,4.76437,0,0
PLSPLN1M,D,20220601,000000,4.85205,4.85205,4.85205,4.85205,0,0
PLSPLN1M,D,20220602,000000,4.86935,4.86935,4.86935,4.86935,0,0
PLSPLN1M,D,20220603,000000,4.878,4.878,4.878,4.878,0,0
PLSPLN1M,D,20220606,000000,4.96912,4.96912,4.96912,4.96912,0,0
PLSPLN1M,D,20220607,000000,4.97457,4.97457,4.97457,4.97457,0,0
PLSPLN1M,D,20220608,000000,4.9771,4.9771,4.9771,4.9771,0,0
PLSPLN1M,D,20220609,000000,4.99001,4.99001,4.99001,4.99001,0,0
PLSPLN1M,D,20220610,000000,5.01508,5.01508,5.01508,5.01508,0,0
PLSPLN1M,D,20220613,000000,5.09089,5.09089,5.09089,5.09089,0,0
PLSPLN1M,D,20220614,000000,5.10799,5.10799,5.10799,5.10799,0,0
PLSPLN1M,D,20220615,000000,5.12445,5.12445,5.12445,5.12445,0,0
PLSPLN1M,D,20220617,000000,5.20194,5.20194,5.20194,5.20194,0,0
PLSPLN1M,D,20220620,000000,5.26671,5.26671,5.26671,5.26671,0,0
PLSPLN1M,D,20220621,000000,5.27226,5.27226,5.27226,5.27226,0,0
PLSPLN1M,D,20220622,000000,5.28337,5.28337,5.28337,5.28337,0,0
PLSPLN1M,D,20220623,000000,5.32973,5.32973,5.32973,5.32973,0,0
PLSPLN1M,D,20220624,000000,5.35254,5.35254,5.35254,5.35254,0,0
PLSPLN1M,D,20220627,000000,5.41055,5.41055,5.41055,5.41055,0,0
PLSPLN1M,D,20220628,000000,5.42038,5.42038,5.42038,5.42038,0,0
PLSPLN1M,D,20220629,000000,5.42727,5.42727,5.42727,5.42727,0,0
PLSPLN1M,D,20220630,000000,5.50117,5.50117,5.50117,5.50117,0,0
PLSPLN1M,D,20220701,000000,5.55479,5.55479,5.55479,5.55479,0,0
PLSPLN1M,D,20220704,000000,5.64223,5.64223,5.64223,5.64223,0,0
PLSPLN1M,D,20220705,000000,5.6614,5.6614,5.6614,5.6614,0,0
PLSPLN1M,D,20220706,000000,5.72093,5.72093,5.72093,5.72093,0,0
PLSPLN1M,D,20220707,000000,5.76038,5.76038,5.76038,5.76038,0,0
PLSPLN1M,D,20220708,000000,5.81031,5.81031,5.81031,5.81031,0,0
PLSPLN1M,D,20220711,000000,5.89895,5.89895,5.89895,5.89895,0,0
PLSPLN1M,D,20220712,000000,5.90676,5.90676,5.90676,5.90676,0,0
PLSPLN1M,D,20220713,000000,5.94196,5.94196,5.94196,5.94196,0,0
PLSPLN1M,D,20220714,000000,5.96162,5.96162,5.96162,5.96162,0,0
PLSPLN1M,D,20220715,000000,5.98526,5.98526,5.98526,5.98526,0,0
PLSPLN1M,D,20220718,000000,6.02172,6.02172,6.02172,6.02172,0,0
PLSPLN1M,D,20220719,000000,6.02738,6.02738,6.02738,6.02738,0,0
PLSPLN1M,D,20220720,000000,6.07872,6.07872,6.07872,6.07872,0,0
PLSPLN1M,D,20220721,000000,6.1035,6.1035,6.1035,6.1035,0,0
PLSPLN1M,D,20220722,000000,6.12152,6.12152,6.12152,6.12152,0,0
PLSPLN1M,D,20220725,000000,6.17398,6.17398,6.17398,6.17398,0,0
PLSPLN1M,D,20220726,000000,6.18762,6.18762,6.18762,6.18762,0,0
PLSPLN1M,D,20220727,000000,6.24635,6.24635,6.24635,6.24635,0,0
PLSPLN1M,D,20220728,000000,6.26889,6.26889,6.26889,6.26889,0,0
PLSPLN1M,D,20220729,000000,6.29318,6.29318,6.29318,6.29318,0,0
PLSPLN1M,D,20220801,000000,6.33535,6.33535,6.33535,6.33535,0,0
PLSPLN1M,D,20220802,000000,6.35054,6.35054,6.35054,6.35054,0,0
PLSPLN1M,D,20220803,000000,6.36202,6.36202,6.36202,6.36202,0,0
PLSPLN1M,D,20220804,000000,6.37926,6.37926,6.37926,6.37926,0,0
PLSPLN1M,D,20220805,000000,6.39,6.39,6.39,6.39,0,0
PLSPLN1M,D,20220808,000000,6.38794,6.38794,6.38794,6.38794,0,0
PLSPLN1M,D,20220809,000000,6.38557,6.38557,6.38557,6.38557,0,0
PLSPLN1M,D,20220810,000000,6.38292,6.38292,6.38292,6.38292,0,0
PLSPLN1M,D,20220811,000000,6.37677,6.37677,6.37677,6.37677,0,0
PLSPLN1M,D,20220812,000000,6.3827,6.3827,6.3827,6.3827,0,0
PLSPLN1M,D,20220816,000000,6.39967,6.39967,6.39967,6.39967,0,0
PLSPLN1M,D,20220817,000000,6.40278,6.40278,6.40278,6.40278,0,0
PLSPLN1M,D,20220818,000000,6.42127,6.42127,6.42127,6.42127,0,0
PLSPLN1M,D,20220819,000000,6.43402,6.43402,6.43402,6.43402,0,0
PLSPLN1M,D,20220822,000000,6.45437,6.45437,6.45437,6.45437,0,0
PLSPLN1M,D,20220823,000000,6.44943,6.44943,6.44943,6.44943,0,0
PLSPLN1M,D,20220824,000000,6.44279,6.44279,6.44279,6.44279,0,0
PLSPLN1M,D,20220825,000000,6.44459,6.44459,6.44459,6.44459,0,0
PLSPLN1M,D,20220826,000000,6.42931,6.42931,6.42931,6.42931,0,0
PLSPLN1M,D,20220829,000000,6.40839,6.40839,6.40839,6.40839,0,0
PLSPLN1M,D,20220830,000000,6.40187,6.40187,6.40187,6.40187,0,0
PLSPLN1M,D,20220831,000000,6.40851,6.40851,6.40851,6.40851,0,0
PLSPLN1M,D,20220901,000000,6.38763,6.38763,6.38763,6.38763,0,0
PLSPLN1M,D,20220902,000000,6.38348,6.38348,6.38348,6.38348,0,0
PLSPLN1M,D,20220905,000000,6.38664,6.38664,6.38664,6.38664,0,0
PLSPLN1M,D,20220906,000000,6.39329,6.39329,6.39329,6.39329,0,0
PLSPLN1M,D,20220907,000000,6.40004,6.40004,6.40004,6.40004,0,0
PLSPLN1M,D,20220908,000000,6.41006,6.41006,6.41006,6.41006,0,0
PLSPLN1M,D,20220909,000000,6.41917,6.41917,6.41917,6.41917,0,0
PLSPLN1M,D,20220912,000000,6.44176,6.44176,6.44176,6.44176,0,0
PLSPLN1M,D,20220913,000000,6.44199,6.44199,6.44199,6.44199,0,0
PLSPLN1M,D,20220914,000000,6.44029,6.44029,6.44029,6.44029,0,0
PLSPLN1M,D,20220915,000000,6.44369,6.44369,6.44369,6.44369,0,0
PLSPLN1M,D,20220916,000000,6.45118,6.45118,6.45118,6.45118,0,0
PLSPLN1M,D,20220919,000000,6.46358,6.46358,6.46358,6.46358,0,0
PLSPLN1M,D,20220920,000000,6.47281,6.47281,6.47281,6.47281,0,0
PLSPLN1M,D,20220921,000000,6.47893,6.47893,6.47893,6.47893,0,0
PLSPLN1M,D,20220922,000000,6.48895,6.48895,6.48895,6.48895,0,0
PLSPLN1M,D,20220923,000000,6.49797,6.49797,6.49797,6.49797,0,0
PLSPLN1M,D,20220926,000000,6.52423,6.52423,6.52423,6.52423,0,0
PLSPLN1M,D,20220927,000000,6.52334,6.52334,6.52334,6.52334,0,0
PLSPLN1M,D,20220928,000000,6.51998,6.51998,6.51998,6.51998,0,0
PLSPLN1M,D,20220929,000000,6.55108,6.55108,6.55108,6.55108,0,0
PLSPLN1M,D,20220930,000000,6.5602,6.5602,6.5602,6.5602,0,0
PLSPLN1M,D,20221003,000000,6.51699,6.51699,6.51699,6.51699,0,0
PLSPLN1M,D,20221004,000000,6.52683,6.52683,6.52683,6.52683,0,0
PLSPLN1M,D,20221005,000000,6.51857,6.51857,6.51857,6.51857,0,0
PLSPLN1M,D,20221006,000000,6.52269,6.52269,6.52269,6.52269,0,0
PLSPLN1M,D,20221007,000000,6.52322,6.52322,6.52322,6.52322,0,0
PLSPLN1M,D,20221010,000000,6.51447,6.51447,6.51447,6.51447,0,0
PLSPLN1M,D,20221011,000000,6.51684,6.51684,6.51684,6.51684,0,0
PLSPLN1M,D,20221012,000000,6.51552,6.51552,6.51552,6.51552,0,0
PLSPLN1M,D,20221013,000000,6.52068,6.52068,6.52068,6.52068,0,0
PLSPLN1M,D,20221014,000000,6.52829,6.52829,6.52829,6.52829,0,0
PLSPLN1M,D,20221017,000000,6.5327,6.5327,6.5327,6.5327,0,0
PLSPLN1M,D,20221018,000000,6.53601,6.53601,6.53601,6.53601,0,0
PLSPLN1M,D,20221019,000000,6.5185,6.5185,6.5185,6.5185,0,0
PLSPLN1M,D,20221020,000000,6.50812,6.50812,6.50812,6.50812,0,0
PLSPLN1M,D,20221021,000000,6.49813,6.49813,6.49813,6.49813,0,0
PLSPLN1M,D,20221024,000000,6.48263,6.48263,6.48263,6.48263,0,0
PLSPLN1M,D,20221025,000000,6.47836,6.47836,6.47836,6.47836,0,0
PLSPLN1M,D,20221026,000000,6.47646,6.47646,6.47646,6.47646,0,0
PLSPLN1M,D,20221027,000000,6.47073,6.47073,6.47073,6.47073,0,0
PLSPLN1M,D,20221028,000000,6.46879,6.46879,6.46879,6.46879,0,0
PLSPLN1M,D,20221031,000000,6.49725,6.49725,6.49725,6.49725,0,0
PLSPLN1M,D,20221102,000000,6.53219,6.53219,6.53219,6.53219,0,0
PLSPLN1M,D,20221103,000000,6.54009,6.54009,6.54009,6.54009,0,0
PLSPLN1M,D,20221104,000000,6.5397,6.5397,6.5397,6.5397,0,0
PLSPLN1M,D,20221107,000000,6.55005,6.55005,6.55005,6.55005,0,0
PLSPLN1M,D,20221108,000000,6.55955,6.55955,6.55955,6.55955,0,0
PLSPLN1M,D,20221109,000000,6.56817,6.56817,6.56817,6.56817,0,0
PLSPLN1M,D,20221110,000000,6.58636,6.58636,6.58636,6.58636,0,0
PLSPLN1M,D,20221114,000000,6.58801,6.58801,6.58801,6.58801,0,0
PLSPLN1M,D,20221115,000000,6.58841,6.58841,6.58841,6.58841,0,0
PLSPLN1M,D,20221116,000000,6.58403,6.58403,6.58403,6.58403,0,0
PLSPLN1M,D,20221117,000000,6.57596,6.57596,6.57596,6.57596,0,0
PLSPLN1M,D,20221118,000000,6.56779,6.56779,6.56779,6.56779,0,0
PLSPLN1M,D,20221121,000000,6.55889,6.55889,6.55889,6.55889,0,0
PLSPLN1M,D,20221122,000000,6.55322,6.55322,6.55322,6.55322,0,0
PLSPLN1M,D,20221123,000000,6.54716,6.54716,6.54716,6.54716,0,0
PLSPLN1M,D,20221124,000000,6.55663,6.55663,6.55663,6.55663,0,0
PLSPLN1M,D,20221125,000000,6.55628,6.55628,6.55628,6.55628,0,0
PLSPLN1M,D,20221128,000000,6.55834,6.55834,6.55834,6.55834,0,0
PLSPLN1M,D,20221129,000000,6.55193,6.55193,6.55193,6.55193,0,0
PLSPLN1M,D,20221130,000000,6.55707,6.55707,6.55707,6.55707,0,0
PLSPLN1M,D,20221201,000000,6.53978,6.53978,6.53978,6.53978,0,0
PLSPLN1M,D,20221202,000000,6.54407,6.54407,6.54407,6.54407,0,0
PLSPLN1M,D,20221205,000000,6.53896,6.53896,6.53896,6.53896,0,0
PLSPLN1M,D,20221206,000000,6.5399,6.5399,6.5399,6.5399,0,0
PLSPLN1M,D,20221207,000000,6.5163,6.5163,6.5163,6.5163,0,0
PLSPLN1M,D,20221208,000000,6.51013,6.51013,6.51013,6.51013,0,0
PLSPLN1M,D,20221209,000000,6.50223,6.50223,6.50223,6.50223,0,0
PLSPLN1M,D,20221212,000000,6.48232,6.48232,6.48232,6.48232,0,0
PLSPLN1M,D,20221213,000000,6.48081,6.48081,6.48081,6.48081,0,0
PLSPLN1M,D,20221214,000000,6.4599,6.4599,6.4599,6.4599,0,0
PLSPLN1M,D,20221215,000000,6.45545,6.45545,6.45545,6.45545,0,0
PLSPLN1M,D,20221216,000000,6.45612,6.45612,6.45612,6.45612,0,0
PLSPLN1M,D,20221219,000000,6.45137,6.45137,6.45137,6.45137,0,0
PLSPLN1M,D,20221220,000000,6.448,6.448,6.448,6.448,0,0
PLSPLN1M,D,20221221,000000,6.45695,6.45695,6.45695,6.45695,0,0
PLSPLN1M,D,20221222,000000,6.45628,6.45628,6.45628,6.45628,0,0
PLSPLN1M,D,20221223,000000,6.45658,6.45658,6.45658,6.45658,0,0
PLSPLN1M,D,20221227,000000,6.45314,6.45314,6.45314,6.45314,0,0
PLSPLN1M,D,20221228,000000,6.45845,6.45845,6.45845,6.45845,0,0
PLSPLN1M,D,20221229,000000,6.45842,6.45842,6.45842,6.45842,0,0
PLSPLN1M,D,20221230,000000,6.44327,6.44327,6.44327,6.44327,0,0
PLSPLN1M,D,20230102,000000,6.32573,6.32573,6.32573,6.32573,0,0
PLSPLN1M,D,20230103,000000,6.32498,6.32498,6.32498,6.32498,0,0
PLSPLN1M,D,20230104,000000,6.32735,6.32735,6.32735,6.32735,0,0
PLSPLN1M,D,20230105,000000,6.30053,6.30053,6.30053,6.30053,0,0
PLSPLN1M,D,20230109,000000,6.27567,6.27567,6.27567,6.27567,0,0
PLSPLN1M,D,20230110,000000,6.27776,6.27776,6.27776,6.27776,0,0
PLSPLN1M,D,20230111,000000,6.28152,6.28152,6.28152,6.28152,0,0
PLSPLN1M,D,20230112,000000,6.27192,6.27192,6.27192,6.27192,0,0
PLSPLN1M,D,20230113,000000,6.27098,6.27098,6.27098,6.27098,0,0
PLSPLN1M,D,20230116,000000,6.26934,6.26934,6.26934,6.26934,0,0
PLSPLN1M,D,20230117,000000,6.27235,6.27235,6.27235,6.27235,0,0
PLSPLN1M,D,20230118,000000,6.27561,6.27561,6.27561,6.27561,0,0
PLSPLN1M,D,20230119,000000,6.2724,6.2724,6.2724,6.2724,0,0
PLSPLN1M,D,20230120,000000,6.27422,6.27422,6.27422,6.27422,0,0
PLSPLN1M,D,20230123,000000,6.27563,6.27563,6.27563,6.27563,0,0
PLSPLN1M,D,20230124,000000,6.28008,6.28008,6.28008,6.28008,0,0
PLSPLN1M,D,20230125,000000,6.2839,6.2839,6.2839,6.2839,0,0
PLSPLN1M,D,20230126,000000,6.29288,6.29288,6.29288,6.29288,0,0
PLSPLN1M,D,20230127,000000,6.28901,6.28901,6.28901,6.28901,0,0
PLSPLN1M,D,20230130,000000,6.29811,6.29811,6.29811,6.29811,0,0
PLSPLN1M,D,20230131,000000,6.31192,6.31192,6.31192,6.31192,0,0
PLSPLN1M,D,20230201,000000,6.41654,6.41654,6.41654,6.41654,0,0
PLSPLN1M,D,20230202,000000,6.42297,6.42297,6.42297,6.42297,0,0
PLSPLN1M,D,20230203,000000,6.43127,6.43127,6.43127,6.43127,0,0
PLSPLN1M,D,20230206,000000,6.44158,6.44158,6.44158,6.44158,0,0
PLSPLN1M,D,20230207,000000,6.44446,6.44446,6.44446,6.44446,0,0
PLSPLN1M,D,20230208,000000,6.44665,6.44665,6.44665,6.44665,0,0
PLSPLN1M,D,20230209,000000,6.45291,6.45291,6.45291,6.45291,0,0
PLSPLN1M,D,20230210,000000,6.46186,6.46186,6.46186,6.46186,0,0
PLSPLN1M,D,20230213,000000,6.48541,6.48541,6.48541,6.48541,0,0
PLSPLN1M,D,20230214,000000,6.48564,6.48564,6.48564,6.48564,0,0
PLSPLN1M,D,20230215,000000,6.48622,6.48622,6.48622,6.48622,0,0
PLSPLN1M,D,20230216,000000,6.49493,6.49493,6.49493,6.49493,0,0
PLSPLN1M,D,20230217,000000,6.50089,6.50089,6.50089,6.50089,0,0
PLSPLN1M,D,20230220,000000,6.50591,6.50591,6.50591,6.50591,0,0
PLSPLN1M,D,20230221,000000,6.50468,6.50468,6.50468,6.50468,0,0
PLSPLN1M,D,20230222,000000,6.5045,6.5045,6.5045,6.5045,0,0
PLSPLN1M,D,20230223,000000,6.51377,6.51377,6.51377,6.51377,0,0
PLSPLN1M,D,20230224,000000,6.51224,6.51224,6.51224,6.51224,0,0
PLSPLN1M,D,20230227,000000,6.4979,6.4979,6.4979,6.4979,0,0
PLSPLN1M,D,20230228,000000,6.5065,6.5065,6.5065,6.5065,0,0
PLSPLN1M,D,20230301,000000,6.51153,6.51153,6.51153,6.51153,0,0
PLSPLN1M,D,20230302,000000,6.51114,6.51114,6.51114,6.51114,0,0
PLSPLN1M,D,20230303,000000,6.50863,6.50863,6.50863,6.50863,0,0
PLSPLN1M,D,20230306,000000,6.49743,6.49743,6.49743,6.49743,0,0
PLSPLN1M,D,20230307,000000,6.49894,6.49894,6.49894,6.49894,0,0
PLSPLN1M,D,20230308,000000,6.50117,6.50117,6.50117,6.50117,0,0
PLSPLN1M,D,20230309,000000,6.50231,6.50231,6.50231,6.50231,0,0
PLSPLN1M,D,20230310,000000,6.50432,6.50432,6.50432,6.50432,0,0
PLSPLN1M,D,20230313,000000,6.4828,6.4828,6.4828,6.4828,0,0
PLSPLN1M,D,20230314,000000,6.48671,6.48671,6.48671,6.48671,0,0
PLSPLN1M,D,20230315,000000,6.48323,6.48323,6.48323,6.48323,0,0
PLSPLN1M,D,20230316,000000,6.48682,6.48682,6.48682,6.48682,0,0
PLSPLN1M,D,20230317,000000,6.48689,6.48689,6.48689,6.48689,0,0
PLSPLN1M,D,20230320,000000,6.49528,6.49528,6.49528,6.49528,0,0
PLSPLN1M,D,20230321,000000,6.50196,6.50196,6.50196,6.50196,0,0
PLSPLN1M,D,20230322,000000,6.49905,6.49905,6.49905,6.49905,0,0
PLSPLN1M,D,20230323,000000,6.49633,6.49633,6.49633,6.49633,0,0
PLSPLN1M,D,20230324,000000,6.49862,6.49862,6.49862,6.49862,0,0
PLSPLN1M,D,20230327,000000,6.50056,6.50056,6.50056,6.50056,0,0
PLSPLN1M,D,20230328,000000,6.4861,6.4861,6.4861,6.4861,0,0
PLSPLN1M,D,20230329,000000,6.48419,6.48419,6.48419,6.48419,0,0
PLSPLN1M,D,20230330,000000,6.48754,6.48754,6.48754,6.48754,0,0
PLSPLN1M,D,20230331,000000,6.49925,6.49925,6.49925,6.49925,0,0
PLSPLN1M,D,20230403,000000,6.53677,6.53677,6.53677,6.53677,0,0
PLSPLN1M,D,20230404,000000,6.53656,6.53656,6.53656,6.53656,0,0
PLSPLN1M,D,20230405,000000,6.53561,6.53561,6.53561,6.53561,0,0
PLSPLN1M,D,20230406,000000,6.54917,6.54917,6.54917,6.54917,0,0
PLSPLN1M,D,20230407,000000,6.55517,6.55517,6.55517,6.55517,0,0
PLSPLN1M,D,20230411,000000,6.53316,6.53316,6.53316,6.53316,0,0
PLSPLN1M,D,20230412,000000,6.53157,6.53157,6.53157,6.53157,0,0
PLSPLN1M,D,20230413,000000,6.5428,6.5428,6.5428,6.5428,0,0
PLSPLN1M,D,20230414,000000,6.54105,6.54105,6.54105,6.54105,0,0
PLSPLN1M,D,20230417,000000,6.53967,6.53967,6.53967,6.53967,0,0
PLSPLN1M,D,20230418,000000,6.53956,6.53956,6.53956,6.53956,0,0
PLSPLN1M,D,20230419,000000,6.5376,6.5376,6.5376,6.5376,0,0
PLSPLN1M,D,20230420,000000,6.53703,6.53703,6.53703,6.53703,0,0
PLSPLN1M,D,20230421,000000,6.53625,6.53625,6.53625,6.53625,0,0
PLSPLN1M,D,20230424,000000,6.5613,6.5613,6.5613,6.5613,0,0
PLSPLN1M,D,20230425,000000,6.55951,6.55951,6.55951,6.55951,0,0
PLSPLN1M,D,20230426,000000,6.56351,6.56351,6.56351,6.56351,0,0
PLSPLN1M,D,20230427,000000,6.58035,6.58035,6.58035,6.58035,0,0
PLSPLN1M,D,20230428,000000,6.58307,6.58307,6.58307,6.58307,0,0
PLSPLN1M,D,20230502,000000,6.54416,6.54416,6.54416,6.54416,0,0
PLSPLN1M,D,20230504,000000,6.54579,6.54579,6.54579,6.54579,0,0
PLSPLN1M,D,20230505,000000,6.55249,6.55249,6.55249,6.55249,0,0
PLSPLN1M,D,20230508,000000,6.55719,6.55719,6.55719,6.55719,0,0
PLSPLN1M,D,20230509,000000,6.56518,6.56518,6.56518,6.56518,0,0
PLSPLN1M,D,20230510,000000,6.57305,6.57305,6.57305,6.57305,0,0
PLSPLN1M,D,20230511,000000,6.60255,6.60255,6.60255,6.60255,0,0
PLSPLN1M,D,20230512,000000,6.61579,6.61579,6.61579,6.61579,0,0
PLSPLN1M,D,20230515,000000,6.62955,6.62955,6.62955,6.62955,0,0
PLSPLN1M,D,20230516,000000,6.63318,6.63318,6.63318,6.63318,0,0
PLSPLN1M,D,20230517,000000,6.64852,6.64852,6.64852,6.64852,0,0
PLSPLN1M,D,20230518,000000,6.65566,6.65566,6.65566,6.65566,0,0
PLSPLN1M,D,20230519,000000,6.66561,6.66561,6.66561,6.66561,0,0
PLSPLN1M,D,20230522,000000,6.67849,6.67849,6.67849,6.67849,0,0
PLSPLN1M,D,20230523,000000,6.67962,6.67962,6.67962,6.67962,0,0
PLSPLN1M,D,20230524,000000,6.68477,6.68477,6.68477,6.68477,0,0
PLSPLN1M,D,20230525,000000,6.69121,6.69121,6.69121,6.69121,0,0
PLSPLN1M,D,20230526,000000,6.68457,6.68457,6.68457,6.68457,0,0
PLSPLN1M,D,20230529,000000,6.66841,6.66841,6.66841,6.66841,0,0
PLSPLN1M,D,20230530,000000,6.65807,6.65807,6.65807,6.65807,0,0
PLSPLN1M,D,20230531,000000,6.66077,6.66077,6.66077,6.66077,0,0
PLSPLN1M,D,20230601,000000,6.66456,6.66456,6.66456,6.66456,0,0
PLSPLN1M,D,20230602,000000,6.6678,6.6678,6.6678,6.6678,0,0
PLSPLN1M,D,20230605,000000,6.67959,6.67959,6.67959,6.67959,0,0
PLSPLN1M,D,20230606,000000,6.68028,6.68028,6.68028,6.68028,0,0
PLSPLN1M,D,20230607,000000,6.6821,6.6821,6.6821,6.6821,0,0
PLSPLN1M,D,20230609,000000,6.67938,6.67938,6.67938,6.67938,0,0
PLSPLN1M,D,20230612,000000,6.6692,6.6692,6.6692,6.6692,0,0
PLSPLN1M,D,20230613,000000,6.6705,6.6705,6.6705,6.6705,0,0
PLSPLN1M,D,20230614,000000,6.67087,6.67087,6.67087,6.67087,0,0
PLSPLN1M,D,20230615,000000,6.66585,6.66585,6.66585,6.66585,0,0
PLSPLN1M,D,20230616,000000,6.66598,6.66598,6.66598,6.66598,0,0
PLSPLN1M,D,20230619,000000,6.65357,6.65357,6.65357,6.65357,0,0
PLSPLN1M,D,20230620,000000,6.65086,6.65086,6.65086,6.65086,0,0
PLSPLN1M,D,20230621,000000,6.64945,6.64945,6.64945,6.64945,0,0
PLSPLN1M,D,20230622,000000,6.63838,6.63838,6.63838,6.63838,0,0
PLSPLN1M,D,20230623,000000,6.63322,6.63322,6.63322,6.63322,0,0
PLSPLN1M,D,20230626,000000,6.60681,6.60681,6.60681,6.60681,0,0
PLSPLN1M,D,20230627,000000,6.60003,6.60003,6.60003,6.60003,0,0
PLSPLN1M,D,20230628,000000,6.59298,6.59298,6.59298,6.59298,0,0
PLSPLN1M,D,20230629,000000,6.60767,6.60767,6.60767,6.60767,0,0
PLSPLN1M,D,20230630,000000,6.62466,6.62466,6.62466,6.62466,0,0
PLSPLN1M,D,20230703,000000,6.62444,6.62444,6.62444,6.62444,0,0
PLSPLN1M,D,20230704,000000,6.6282,6.6282,6.6282,6.6282,0,0
PLSPLN1M,D,20230705,000000,6.61882,6.61882,6.61882,6.61882,0,0
PLSPLN1M,D,20230706,000000,6.62231,6.62231,6.62231,6.62231,0,0
PLSPLN1M,D,20230707,000000,6.62646,6.62646,6.62646,6.62646,0,0
PLSPLN1M,D,20230710,000000,6.6429,6.6429,6.6429,6.6429,0,0
PLSPLN1M,D,20230711,000000,6.64907,6.64907,6.64907,6.64907,0,0
PLSPLN1M,D,20230712,000000,6.64865,6.64865,6.64865,6.64865,0,0
PLSPLN1M,D,20230713,000000,6.65662,6.65662,6.65662,6.65662,0,0
PLSPLN1M,D,20230714,000000,6.66423,6.66423,6.66423,6.66423,0,0
PLSPLN1M,D,20230717,000000,6.68143,6.68143,6.68143,6.68143,0,0
PLSPLN1M,D,20230718,000000,6.68945,6.68945,6.68945,6.68945,0,0
PLSPLN1M,D,20230719,000000,6.70065,6.70065,6.70065,6.70065,0,0
PLSPLN1M,D,20230720,000000,6.71043,6.71043,6.71043,6.71043,0,0
PLSPLN1M,D,20230721,000000,6.72052,6.72052,6.72052,6.72052,0,0
PLSPLN1M,D,20230724,000000,6.72586,6.72586,6.72586,6.72586,0,0
PLSPLN1M,D,20230725,000000,6.72493,6.72493,6.72493,6.72493,0,0
PLSPLN1M,D,20230726,000000,6.76337,6.76337,6.76337,6.76337,0,0
PLSPLN1M,D,20230727,000000,6.77912,6.77912,6.77912,6.77912,0,0
PLSPLN1M,D,20230728,000000,6.79353,6.79353,6.79353,6.79353,0,0
PLSPLN1M,D,20230731,000000,6.81534,6.81534,6.81534,6.81534,0,0
PLSPLN1M,D,20230801,000000,6.82944,6.82944,6.82944,6.82944,0,0
PLSPLN1M,D,20230802,000000,6.82624,6.82624,6.82624,6.82624,0,0
PLSPLN1M,D,20230803,000000,6.82419,6.82419,6.82419,6.82419,0,0
PLSPLN1M,D,20230804,000000,6.8237,6.8237,6.8237,6.8237,0,0
PLSPLN1M,D,20230807,000000,6.82572,6.82572,6.82572,6.82572,0,0
PLSPLN1M,D,20230808,000000,6.8264,6.8264,6.8264,6.8264,0,0
PLSPLN1M,D,20230809,000000,6.82601,6.82601,6.82601,6.82601,0,0
PLSPLN1M,D,20230810,000000,6.81722,6.81722,6.81722,6.81722,0,0
PLSPLN1M,D,20230811,000000,6.81748,6.81748,6.81748,6.81748,0,0
PLSPLN1M,D,20230814,000000,6.79397,6.79397,6.79397,6.79397,0,0
PLSPLN1M,D,20230816,000000,6.79629,6.79629,6.79629,6.79629,0,0
PLSPLN1M,D,20230817,000000,6.78452,6.78452,6.78452,6.78452,0,0
PLSPLN1M,D,20230818,000000,6.77884,6.77884,6.77884,6.77884,0,0
PLSPLN1M,D,20230821,000000,6.77139,6.77139,6.77139,6.77139,0,0
PLSPLN1M,D,20230822,000000,6.77929,6.77929,6.77929,6.77929,0,0
PLSPLN1M,D,20230823,000000,6.79102,6.79102,6.79102,6.79102,0,0
PLSPLN1M,D,20230824,000000,6.80777,6.80777,6.80777,6.80777,0,0
PLSPLN1M,D,20230825,000000,6.81257,6.81257,6.81257,6.81257,0,0
PLSPLN1M,D,20230828,000000,6.78936,6.78936,6.78936,6.78936,0,0
PLSPLN1M,D,20230829,000000,6.78906,6.78906,6.78906,6.78906,0,0
PLSPLN1M,D,20230830,000000,6.78611,6.78611,6.78611,6.78611,0,0
PLSPLN1M,D,20230831,000000,6.77833,6.77833,6.77833,6.77833,0,0
PLSPLN1M,D,20230901,000000,6.77872,6.77872,6.77872,6.77872,0,0
PLSPLN1M,D,20230904,000000,6.78223,6.78223,6.78223,6.78223,0,0
PLSPLN1M,D,20230905,000000,6.783,6.783,6.783,6.783,0,0
PLSPLN1M,D,20230906,000000,6.78456,6.78456,6.78456,6.78456,0,0
PLSPLN1M,D,20230907,000000,6.78527,6.78527,6.78527,6.78527,0,0
PLSPLN1M,D,20230908,000000,6.76432,6.76432,6.76432,6.76432,0,0
PLSPLN1M,D,20230911,000000,6.66371,6.66371,6.66371,6.66371,0,0
PLSPLN1M,D,20230912,000000,6.64211,6.64211,6.64211,6.64211,0,0
PLSPLN1M,D,20230913,000000,6.61588,6.61588,6.61588,6.61588,0,0
PLSPLN1M,D,20230914,000000,6.58105,6.58105,6.58105,6.58105,0,0
PLSPLN1M,D,20230915,000000,6.55307,6.55307,6.55307,6.55307,0,0
PLSPLN1M,D,20230918,000000,6.43374,6.43374,6.43374,6.43374,0,0
PLSPLN1M,D,20230919,000000,6.41056,6.41056,6.41056,6.41056,0,0
PLSPLN1M,D,20230920,000000,6.39216,6.39216,6.39216,6.39216,0,0
PLSPLN1M,D,20230921,000000,6.32971,6.32971,6.32971,6.32971,0,0
PLSPLN1M,D,20230922,000000,6.28603,6.28603,6.28603,6.28603,0,0
PLSPLN1M,D,20230925,000000,6.15275,6.15275,6.15275,6.15275,0,0
PLSPLN1M,D,20230926,000000,6.13643,6.13643,6.13643,6.13643,0,0
PLSPLN1M,D,20230927,000000,6.12227,6.12227,6.12227,6.12227,0,0
PLSPLN1M,D,20230928,000000,6.05723,6.05723,6.05723,6.05723,0,0
PLSPLN1M,D,20230929,000000,6.02076,6.02076,6.02076,6.02076,0,0
PLSPLN1M,D,20231002,000000,5.91078,5.91078,5.91078,5.91078,0,0
PLSPLN1M,D,20231003,000000,5.90657,5.90657,5.90657,5.90657,0,0
PLSPLN1M,D,20231004,000000,5.80898,5.80898,5.80898,5.80898,0,0
PLSPLN1M,D,20231005,000000,5.76756,5.76756,5.76756,5.76756,0,0
PLSPLN1M,D,20231006,000000,5.72289,5.72289,5.72289,5.72289,0,0
PLSPLN1M,D,20231009,000000,5.65231,5.65231,5.65231,5.65231,0,0
PLSPLN1M,D,20231010,000000,5.65064,5.65064,5.65064,5.65064,0,0
PLSPLN1M,D,20231011,000000,5.64719,5.64719,5.64719,5.64719,0,0
PLSPLN1M,D,20231012,000000,5.64093,5.64093,5.64093,5.64093,0,0
PLSPLN1M,D,20231013,000000,5.64056,5.64056,5.64056,5.64056,0,0
PLSPLN1M,D,20231016,000000,5.65053,5.65053,5.65053,5.65053,0,0
PLSPLN1M,D,20231017,000000,5.65839,5.65839,5.65839,5.65839,0,0
PLSPLN1M,D,20231018,000000,5.66456,5.66456,5.66456,5.66456,0,0
PLSPLN1M,D,20231019,000000,5.65974,5.65974,5.65974,5.65974,0,0
PLSPLN1M,D,20231020,000000,5.65344,5.65344,5.65344,5.65344,0,0
PLSPLN1M,D,20231023,000000,5.64078,5.64078,5.64078,5.64078,0,0
PLSPLN1M,D,20231024,000000,5.63981,5.63981,5.63981,5.63981,0,0
PLSPLN1M,D,20231025,000000,5.63855,5.63855,5.63855,5.63855,0,0
PLSPLN1M,D,20231026,000000,5.63463,5.63463,5.63463,5.63463,0,0
PLSPLN1M,D,20231027,000000,5.62529,5.62529,5.62529,5.62529,0,0
PLSPLN1M,D,20231030,000000,5.6031,5.6031,5.6031,5.6031,0,0
PLSPLN1M,D,20231031,000000,5.61184,5.61184,5.61184,5.61184,0,0
PLSPLN1M,D,20231102,000000,5.57484,5.57484,5.57484,5.57484,0,0
PLSPLN1M,D,20231103,000000,5.56829,5.56829,5.56829,5.56829,0,0
PLSPLN1M,D,20231106,000000,5.56902,5.56902,5.56902,5.56902,0,0
PLSPLN1M,D,20231107,000000,5.57028,5.57028,5.57028,5.57028,0,0
PLSPLN1M,D,20231108,000000,5.56915,5.56915,5.56915,5.56915,0,0
PLSPLN1M,D,20231109,000000,5.57231,5.57231,5.57231,5.57231,0,0
PLSPLN1M,D,20231110,000000,5.57176,5.57176,5.57176,5.57176,0,0
PLSPLN1M,D,20231113,000000,5.54627,5.54627,5.54627,5.54627,0,0
PLSPLN1M,D,20231114,000000,5.54444,5.54444,5.54444,5.54444,0,0
PLSPLN1M,D,20231115,000000,5.54521,5.54521,5.54521,5.54521,0,0
PLSPLN1M,D,20231116,000000,5.52218,5.52218,5.52218,5.52218,0,0
PLSPLN1M,D,20231117,000000,5.51162,5.51162,5.51162,5.51162,0,0
PLSPLN1M,D,20231120,000000,5.50755,5.50755,5.50755,5.50755,0,0
PLSPLN1M,D,20231121,000000,5.51038,5.51038,5.51038,5.51038,0,0
PLSPLN1M,D,20231122,000000,5.51401,5.51401,5.51401,5.51401,0,0
PLSPLN1M,D,20231123,000000,5.51291,5.51291,5.51291,5.51291,0,0
PLSPLN1M,D,20231124,000000,5.51178,5.51178,5.51178,5.51178,0,0
PLSPLN1M,D,20231127,000000,5.49732,5.49732,5.49732,5.49732,0,0
PLSPLN1M,D,20231128,000000,5.49667,5.49667,5.49667,5.49667,0,0
PLSPLN1M,D,20231129,000000,5.49249,5.49249,5.49249,5.49249,0,0
PLSPLN1M,D,20231130,000000,5.50686,5.50686,5.50686,5.50686,0,0
PLSPLN1M,D,20231201,000000,5.51713,5.51713,5.51713,5.51713,0,0
PLSPLN1M,D,20231204,000000,5.5185,5.5185,5.5185,5.5185,0,0
PLSPLN1M,D,20231205,000000,5.52117,5.52117,5.52117,5.52117,0,0
PLSPLN1M,D,20231206,000000,5.51897,5.51897,5.51897,5.51897,0,0
PLSPLN1M,D,20231207,000000,5.51656,5.51656,5.51656,5.51656,0,0
PLSPLN1M,D,20231208,000000,5.51927,5.51927,5.51927,5.51927,0,0
PLSPLN1M,D,20231211,000000,5.52329,5.52329,5.52329,5.52329,0,0
PLSPLN1M,D,20231212,000000,5.52886,5.52886,5.52886,5.52886,0,0
PLSPLN1M,D,20231213,000000,5.53236,5.53236,5.53236,5.53236,0,0
PLSPLN1M,D,20231214,000000,5.53912,5.53912,5.53912,5.53912,0,0
PLSPLN1M,D,20231215,000000,5.53989,5.53989,5.53989,5.53989,0,0
PLSPLN1M,D,20231218,000000,5.53062,5.53062,5.53062,5.53062,0,0
PLSPLN1M,D,20231219,000000,5.52739,5.52739,5.52739,5.52739,0,0
PLSPLN1M,D,20231220,000000,5.52014,5.52014,5.52014,5.52014,0,0
PLSPLN1M,D,20231221,000000,5.51288,5.51288,5.51288,5.51288,0,0
PLSPLN1M,D,20231222,000000,5.5037,5.5037,5.5037,5.5037,0,0
PLSPLN1M,D,20231227,000000,5.48852,5.48852,5.48852,5.48852,0,0
PLSPLN1M,D,20231228,000000,5.48903,5.48903,5.48903,5.48903,0,0
PLSPLN1M,D,20231229,000000,5.48692,5.48692,5.48692,5.48692,0,0
PLSPLN1M,D,20240102,000000,5.46669,5.46669,5.46669,5.46669,0,0
PLSPLN1M,D,20240103,000000,5.4635,5.4635,5.4635,5.4635,0,0
PLSPLN1M,D,20240104,000000,5.45197,5.45197,5.45197,5.45197,0,0
PLSPLN1M,D,20240105,000000,5.44384,5.44384,5.44384,5.44384,0,0
PLSPLN1M,D,20240108,000000,5.42163,5.42163,5.42163,5.42163,0,0
PLSPLN1M,D,20240109,000000,5.41875,5.41875,5.41875,5.41875,0,0
PLSPLN1M,D,20240110,000000,5.41735,5.41735,5.41735,5.41735,0,0
PLSPLN1M,D,20240111,000000,5.40069,5.40069,5.40069,5.40069,0,0
PLSPLN1M,D,20240112,000000,5.39149,5.39149,5.39149,5.39149,0,0
PLSPLN1M,D,20240115,000000,5.36231,5.36231,5.36231,5.36231,0,0
PLSPLN1M,D,20240116,000000,5.36247,5.36247,5.36247,5.36247,0,0
PLSPLN1M,D,20240117,000000,5.36121,5.36121,5.36121,5.36121,0,0
PLSPLN1M,D,20240118,000000,5.35021,5.35021,5.35021,5.35021,0,0
PLSPLN1M,D,20240119,000000,5.3493,5.3493,5.3493,5.3493,0,0
PLSPLN1M,D,20240122,000000,5.34443,5.34443,5.34443,5.34443,0,0
PLSPLN1M,D,20240123,000000,5.34951,5.34951,5.34951,5.34951,0,0
PLSPLN1M,D,20240124,000000,5.35707,5.35707,5.35707,5.35707,0,0
PLSPLN1M,D,20240125,000000,5.36676,5.36676,5.36676,5.36676,0,0
PLSPLN1M,D,20240126,000000,5.37241,5.37241,5.37241,5.37241,0,0
PLSPLN1M,D,20240129,000000,5.37931,5.37931,5.37931,5.37931,0,0
PLSPLN1M,D,20240130,000000,5.37981,5.37981,5.37981,5.37981,0,0
PLSPLN1M,D,20240131,000000,5.39118,5.39118,5.39118,5.39118,0,0
PLSPLN1M,D,20240201,000000,5.41202,5.41202,5.41202,5.41202,0,0
PLSPLN1M,D,20240202,000000,5.41983,5.41983,5.41983,5.41983,0,0
PLSPLN1M,D,20240205,000000,5.4502,5.4502,5.4502,5.4502,0,0
PLSPLN1M,D,20240206,000000,5.45387,5.45387,5.45387,5.45387,0,0
PLSPLN1M,D,20240207,000000,5.45592,5.45592,5.45592,5.45592,0,0
PLSPLN1M,D,20240208,000000,5.47429,5.47429,5.47429,5.47429,0,0
PLSPLN1M,D,20240209,000000,5.48096,5.48096,5.48096,5.48096,0,0
PLSPLN1M,D,20240212,000000,5.49543,5.49543,5.49543,5.49543,0,0
PLSPLN1M,D,20240213,000000,5.49675,5.49675,5.49675,5.49675,0,0
PLSPLN1M,D,20240214,000000,5.49732,5.49732,5.49732,5.49732,0,0
PLSPLN1M,D,20240215,000000,5.51148,5.51148,5.51148,5.51148,0,0
PLSPLN1M,D,20240216,000000,5.51764,5.51764,5.51764,5.51764,0,0
PLSPLN1M,D,20240219,000000,5.53282,5.53282,5.53282,5.53282,0,0
PLSPLN1M,D,20240220,000000,5.53125,5.53125,5.53125,5.53125,0,0
PLSPLN1M,D,20240221,000000,5.53532,5.53532,5.53532,5.53532,0,0
PLSPLN1M,D,20240222,000000,5.55169,5.55169,5.55169,5.55169,0,0
PLSPLN1M,D,20240223,000000,5.54965,5.54965,5.54965,5.54965,0,0
PLSPLN1M,D,20240226,000000,5.54027,5.54027,5.54027,5.54027,0,0
PLSPLN1M,D,20240227,000000,5.53816,5.53816,5.53816,5.53816,0,0
PLSPLN1M,D,20240228,000000,5.53671,5.53671,5.53671,5.53671,0,0
PLSPLN1M,D,20240229,000000,5.55885,5.55885,5.55885,5.55885,0,0
PLSPLN1M,D,20240301,000000,5.55286,5.55286,5.55286,5.55286,0,0
PLSPLN1M,D,20240304,000000,5.55115,5.55115,5.55115,5.55115,0,0
PLSPLN1M,D,20240305,000000,5.53714,5.53714,5.53714,5.53714,0,0
PLSPLN1M,D,20240306,000000,5.5395,5.5395,5.5395,5.5395,0,0
PLSPLN1M,D,20240307,000000,5.54192,5.54192,5.54192,5.54192,0,0
PLSPLN1M,D,20240308,000000,5.53763,5.53763,5.53763,5.53763,0,0
PLSPLN1M,D,20240311,000000,5.53168,5.53168,5.53168,5.53168,0,0
PLSPLN1M,D,20240312,000000,5.53067,5.53067,5.53067,5.53067,0,0
PLSPLN1M,D,20240313,000000,5.53413,5.53413,5.53413,5.53413,0,0
PLSPLN1M,D,20240314,000000,5.53631,5.53631,5.53631,5.53631,0,0
PLSPLN1M,D,20240315,000000,5.54078,5.54078,5.54078,5.54078,0,0
PLSPLN1M,D,20240318,000000,5.54626,5.54626,5.54626,5.54626,0,0
PLSPLN1M,D,20240319,000000,5.54846,5.54846,5.54846,5.54846,0,0
PLSPLN1M,D,20240320,000000,5.54774,5.54774,5.54774,5.54774,0,0
PLSPLN1M,D,20240321,000000,5.54213,5.54213,5.54213,5.54213,0,0
PLSPLN1M,D,20240322,000000,5.54119,5.54119,5.54119,5.54119,0,0
PLSPLN1M,D,20240325,000000,5.52809,5.52809,5.52809,5.52809,0,0
PLSPLN1M,D,20240326,000000,5.52232,5.52232,5.52232,5.52232,0,0
PLSPLN1M,D,20240327,000000,5.5173,5.5173,5.5173,5.5173,0,0
PLSPLN1M,D,20240328,000000,5.51173,5.51173,5.51173,5.51173,0,0
PLSPLN1M,D,20240329,000000,5.49694,5.49694,5.49694,5.49694,0,0
PLSPLN1M,D,20240402,000000,5.42847,5.42847,5.42847,5.42847,0,0
PLSPLN1M,D,20240403,000000,5.43211,5.43211,5.43211,5.43211,0,0
PLSPLN1M,D,20240404,000000,5.42618,5.42618,5.42618,5.42618,0,0
PLSPLN1M,D,20240405,000000,5.43013,5.43013,5.43013,5.43013,0,0
PLSPLN1M,D,20240408,000000,5.43756,5.43756,5.43756,5.43756,0,0
PLSPLN1M,D,20240409,000000,5.44247,5.44247,5.44247,5.44247,0,0
PLSPLN1M,D,20240410,000000,5.44839,5.44839,5.44839,5.44839,0,0
PLSPLN1M,D,20240411,000000,5.44892,5.44892,5.44892,5.44892,0,0
PLSPLN1M,D,20240412,000000,5.44898,5.44898,5.44898,5.44898,0,0
PLSPLN1M,D,20240415,000000,5.44641,5.44641,5.44641,5.44641,0,0
PLSPLN1M,D,20240416,000000,5.4507,5.4507,5.4507,5.4507,0,0
PLSPLN1M,D,20240417,000000,5.4595,5.4595,5.4595,5.4595,0,0
PLSPLN1M,D,20240418,000000,5.45699,5.45699,5.45699,5.45699,0,0
PLSPLN1M,D,20240419,000000,5.46622,5.46622,5.46622,5.46622,0,0
PLSPLN1M,D,20240422,000000,5.47806,5.47806,5.47806,5.47806,0,0
PLSPLN1M,D,20240423,000000,5.47936,5.47936,5.47936,5.47936,0,0
PLSPLN1M,D,20240424,000000,5.48301,5.48301,5.48301,5.48301,0,0
PLSPLN1M,D,20240425,000000,5.49551,5.49551,5.49551,5.49551,0,0
PLSPLN1M,D,20240426,000000,5.50442,5.50442,5.50442,5.50442,0,0
PLSPLN1M,D,20240429,000000,5.51251,5.51251,5.51251,5.51251,0,0
PLSPLN1M,D,20240430,000000,5.52218,5.52218,5.52218,5.52218,0,0
PLSPLN1M,D,20240502,000000,5.60611,5.60611,5.60611,5.60611,0,0
PLSPLN1M,D,20240506,000000,5.61708,5.61708,5.61708,5.61708,0,0
PLSPLN1M,D,20240507,000000,5.6149,5.6149,5.6149,5.6149,0,0
PLSPLN1M,D,20240508,000000,5.61188,5.61188,5.61188,5.61188,0,0
PLSPLN1M,D,20240509,000000,5.60991,5.60991,5.60991,5.60991,0,0
PLSPLN1M,D,20240510,000000,5.60793,5.60793,5.60793,5.60793,0,0
PLSPLN1M,D,20240513,000000,5.6107,5.6107,5.6107,5.6107,0,0
PLSPLN1M,D,20240514,000000,5.61173,5.61173,5.61173,5.61173,0,0
PLSPLN1M,D,20240515,000000,5.61691,5.61691,5.61691,5.61691,0,0
PLSPLN1M,D,20240516,000000,5.62491,5.62491,5.62491,5.62491,0,0
PLSPLN1M,D,20240517,000000,5.62327,5.62327,5.62327,5.62327,0,0
PLSPLN1M,D,20240520,000000,5.60969,5.60969,5.60969,5.60969,0,0
PLSPLN1M,D,20240521,000000,5.60947,5.60947,5.60947,5.60947,0,0
PLSPLN1M,D,20240522,000000,5.60884,5.60884,5.60884,5.60884,0,0
PLSPLN1M,D,20240523,000000,5.608,5.608,5.608,5.608,0,0
PLSPLN1M,D,20240524,000000,5.60281,5.60281,5.60281,5.60281,0,0
PLSPLN1M,D,20240527,000000,5.58105,5.58105,5.58105,5.58105,0,0
PLSPLN1M,D,20240528,000000,5.58128,5.58128,5.58128,5.58128,0,0
PLSPLN1M,D,20240529,000000,5.59588,5.59588,5.59588,5.59588,0,0
PLSPLN1M,D,20240531,000000,5.60242,5.60242,5.60242,5.60242,0,0
PLSPLN1M,D,20240603,000000,5.60808,5.60808,5.60808,5.60808,0,0
PLSPLN1M,D,20240604,000000,5.60252,5.60252,5.60252,5.60252,0,0
PLSPLN1M,D,20240605,000000,5.60056,5.60056,5.60056,5.60056,0,0
PLSPLN1M,D,20240606,000000,5.59142,5.59142,5.59142,5.59142,0,0
PLSPLN1M,D,20240607,000000,5.59511,5.59511,5.59511,5.59511,0,0
PLSPLN1M,D,20240610,000000,5.6006,5.6006,5.6006,5.6006,0,0
PLSPLN1M,D,20240611,000000,5.60101,5.60101,5.60101,5.60101,0,0
PLSPLN1M,D,20240612,000000,5.60397,5.60397,5.60397,5.60397,0,0
PLSPLN1M,D,20240613,000000,5.60691,5.60691,5.60691,5.60691,0,0
PLSPLN1M,D,20240614,000000,5.60652,5.60652,5.60652,5.60652,0,0
PLSPLN1M,D,20240617,000000,5.58712,5.58712,5.58712,5.58712,0,0
PLSPLN1M,D,20240618,000000,5.58296,5.58296,5.58296,5.58296,0,0
PLSPLN1M,D,20240619,000000,5.57797,5.57797,5.57797,5.57797,0,0
PLSPLN1M,D,20240620,000000,5.57223,5.57223,5.57223,5.57223,0,0
PLSPLN1M,D,20240621,000000,5.56954,5.56954,5.56954,5.56954,0,0
PLSPLN1M,D,20240624,000000,5.5659,5.5659,5.5659,5.5659,0,0
PLSPLN1M,D,20240625,000000,5.5634,5.5634,5.5634,5.5634,0,0
PLSPLN1M,D,20240626,000000,5.5664,5.5664,5.5664,5.5664,0,0
PLSPLN1M,D,20240627,000000,5.58944,5.58944,5.58944,5.58944,0,0
PLSPLN1M,D,20240628,000000,5.58736,5.58736,5.58736,5.58736,0,0
PLSPLN1M,D,20240701,000000,5.5409,5.5409,5.5409,5.5409,0,0
PLSPLN1M,D,20240702,000000,5.54369,5.54369,5.54369,5.54369,0,0
PLSPLN1M,D,20240703,000000,5.54531,5.54531,5.54531,5.54531,0,0
PLSPLN1M,D,20240704,000000,5.55057,5.55057,5.55057,5.55057,0,0
PLSPLN1M,D,20240705,000000,5.55338,5.55338,5.55338,5.55338,0,0
PLSPLN1M,D,20240708,000000,5.55721,5.55721,5.55721,5.55721,0,0
PLSPLN1M,D,20240709,000000,5.55972,5.55972,5.55972,5.55972,0,0
PLSPLN1M,D,20240710,000000,5.55532,5.55532,5.55532,5.55532,0,0
PLSPLN1M,D,20240711,000000,5.55516,5.55516,5.55516,5.55516,0,0
PLSPLN1M,D,20240712,000000,5.55124,5.55124,5.55124,5.55124,0,0
PLSPLN1M,D,20240715,000000,5.54633,5.54633,5.54633,5.54633,0,0
PLSPLN1M,D,20240716,000000,5.55056,5.55056,5.55056,5.55056,0,0
PLSPLN1M,D,20240717,000000,5.55693,5.55693,5.55693,5.55693,0,0
PLSPLN1M,D,20240718,000000,5.56279,5.56279,5.56279,5.56279,0,0
PLSPLN1M,D,20240719,000000,5.57099,5.57099,5.57099,5.57099,0,0
PLSPLN1M,D,20240722,000000,5.57219,5.57219,5.57219,5.57219,0,0
PLSPLN1M,D,20240723,000000,5.57206,5.57206,5.57206,5.57206,0,0
PLSPLN1M,D,20240724,000000,5.58442,5.58442,5.58442,5.58442,0,0
PLSPLN1M,D,20240725,000000,5.59037,5.59037,5.59037,5.59037,0,0
PLSPLN1M,D,20240726,000000,5.59108,5.59108,5.59108,5.59108,0,0
PLSPLN1M,D,20240729,000000,5.57585,5.57585,5.57585,5.57585,0,0
PLSPLN1M,D,20240730,000000,5.57134,5.57134,5.57134,5.57134,0,0
PLSPLN1M,D,20240731,000000,5.56975,5.56975,5.56975,5.56975,0,0
PLSPLN1M,D,20240801,000000,5.55399,5.55399,5.55399,5.55399,0,0
PLSPLN1M,D,20240802,000000,5.55321,5.55321,5.55321,5.55321,0,0
PLSPLN1M,D,20240805,000000,5.56103,5.56103,5.56103,5.56103,0,0
PLSPLN1M,D,20240806,000000,5.56496,5.56496,5.56496,5.56496,0,0
PLSPLN1M,D,20240807,000000,5.56914,5.56914,5.56914,5.56914,0,0
PLSPLN1M,D,20240808,000000,5.56229,5.56229,5.56229,5.56229,0,0
PLSPLN1M,D,20240809,000000,5.56481,5.56481,5.56481,5.56481,0,0
PLSPLN1M,D,20240812,000000,5.56969,5.56969,5.56969,5.56969,0,0
PLSPLN1M,D,20240813,000000,5.57096,5.57096,5.57096,5.57096,0,0
PLSPLN1M,D,20240814,000000,5.5713,5.5713,5.5713,5.5713,0,0
PLSPLN1M,D,20240816,000000,5.57036,5.57036,5.57036,5.57036,0,0
PLSPLN1M,D,20240819,000000,5.56541,5.56541,5.56541,5.56541,0,0
PLSPLN1M,D,20240820,000000,5.56519,5.56519,5.56519,5.56519,0,0
PLSPLN1M,D,20240821,000000,5.56667,5.56667,5.56667,5.56667,0,0
PLSPLN1M,D,20240822,000000,5.57272,5.57272,5.57272,5.57272,0,0
PLSPLN1M,D,20240823,000000,5.57476,5.57476,5.57476,5.57476,0,0
PLSPLN1M,D,20240826,000000,5.56629,5.56629,5.56629,5.56629,0,0
PLSPLN1M,D,20240827,000000,5.56754,5.56754,5.56754,5.56754,0,0
PLSPLN1M,D,20240828,000000,5.57301,5.57301,5.57301,5.57301,0,0
PLSPLN1M,D,20240829,000000,5.59333,5.59333,5.59333,5.59333,0,0
PLSPLN1M,D,20240830,000000,5.60959,5.60959,5.60959,5.60959,0,0
PLSPLN1M,D,20240902,000000,5.60346,5.60346,5.60346,5.60346,0,0
PLSPLN1M,D,20240903,000000,5.60164,5.60164,5.60164,5.60164,0,0
PLSPLN1M,D,20240904,000000,5.60337,5.60337,5.60337,5.60337,0,0
PLSPLN1M,D,20240905,000000,5.59557,5.59557,5.59557,5.59557,0,0
PLSPLN1M,D,20240906,000000,5.59321,5.59321,5.59321,5.59321,0,0
PLSPLN1M,D,20240909,000000,5.58412,5.58412,5.58412,5.58412,0,0
PLSPLN1M,D,20240910,000000,5.58755,5.58755,5.58755,5.58755,0,0
PLSPLN1M,D,20240911,000000,5.58991,5.58991,5.58991,5.58991,0,0
PLSPLN1M,D,20240912,000000,5.58287,5.58287,5.58287,5.58287,0,0
PLSPLN1M,D,20240913,000000,5.58543,5.58543,5.58543,5.58543,0,0
PLSPLN1M,D,20240916,000000,5.58859,5.58859,5.58859,5.58859,0,0
PLSPLN1M,D,20240917,000000,5.591,5.591,5.591,5.591,0,0
PLSPLN1M,D,20240918,000000,5.59079,5.59079,5.59079,5.59079,0,0
PLSPLN1M,D,20240919,000000,5.591,5.591,5.591,5.591,0,0
PLSPLN1M,D,20240920,000000,5.59356,5.59356,5.59356,5.59356,0,0
PLSPLN1M,D,20240923,000000,5.56776,5.56776,5.56776,5.56776,0,0
PLSPLN1M,D,20240924,000000,5.56268,5.56268,5.56268,5.56268,0,0
PLSPLN1M,D,20240925,000000,5.55928,5.55928,5.55928,5.55928,0,0
PLSPLN1M,D,20240926,000000,5.55274,5.55274,5.55274,5.55274,0,0
PLSPLN1M,D,20240927,000000,5.54538,5.54538,5.54538,5.54538,0,0
PLSPLN1M,D,20240930,000000,5.52462,5.52462,5.52462,5.52462,0,0
PLSPLN1M,D,20241001,000000,5.53399,5.53399,5.53399,5.53399,0,0
PLSPLN1M,D,20241002,000000,5.53399,5.53399,5.53399,5.53399,0,0
PLSPLN1M,D,20241003,000000,5.53584,5.53584,5.53584,5.53584,0,0
PLSPLN1M,D,20241004,000000,5.53091,5.53091,5.53091,5.53091,0,0
PLSPLN1M,D,20241007,000000,5.52928,5.52928,5.52928,5.52928,0,0
PLSPLN1M,D,20241008,000000,5.53106,5.53106,5.53106,5.53106,0,0
PLSPLN1M,D,20241009,000000,5.5263,5.5263,5.5263,5.5263,0,0
PLSPLN1M,D,20241010,000000,5.52409,5.52409,5.52409,5.52409,0,0
PLSPLN1M,D,20241011,000000,5.52352,5.52352,5.52352,5.52352,0,0
PLSPLN1M,D,20241014,000000,5.51493,5.51493,5.51493,5.51493,0,0
PLSPLN1M,D,20241015,000000,5.51502,5.51502,5.51502,5.51502,0,0
PLSPLN1M,D,20241016,000000,5.51063,5.51063,5.51063,5.51063,0,0
PLSPLN1M,D,20241017,000000,5.51321,5.51321,5.51321,5.51321,0,0
PLSPLN1M,D,20241018,000000,5.51649,5.51649,5.51649,5.51649,0,0
PLSPLN1M,D,20241021,000000,5.50068,5.50068,5.50068,5.50068,0,0
PLSPLN1M,D,20241022,000000,5.49904,5.49904,5.49904,5.49904,0,0
PLSPLN1M,D,20241023,000000,5.51388,5.51388,5.51388,5.51388,0,0
PLSPLN1M,D,20241024,000000,5.51615,5.51615,5.51615,5.51615,0,0
PLSPLN1M,D,20241025,000000,5.52258,5.52258,5.52258,5.52258,0,0
PLSPLN1M,D,20241028,000000,5.53269,5.53269,5.53269,5.53269,0,0
PLSPLN1M,D,20241029,000000,5.53583,5.53583,5.53583,5.53583,0,0
PLSPLN1M,D,20241030,000000,5.53022,5.53022,5.53022,5.53022,0,0
PLSPLN1M,D,20241031,000000,5.53721,5.53721,5.53721,5.53721,0,0
PLSPLN1M,D,20241104,000000,5.41161,5.41161,5.41161,5.41161,0,0
PLSPLN1M,D,20241105,000000,5.42235,5.42235,5.42235,5.42235,0,0
PLSPLN1M,D,20241106,000000,5.42765,5.42765,5.42765,5.42765,0,0
PLSPLN1M,D,20241107,000000,5.42157,5.42157,5.42157,5.42157,0,0
PLSPLN1M,D,20241108,000000,5.42293,5.42293,5.42293,5.42293,0,0
PLSPLN1M,D,20241112,000000,5.4416,5.4416,5.4416,5.4416,0,0
PLSPLN1M,D,20241113,000000,5.45062,5.45062,5.45062,5.45062,0,0
PLSPLN1M,D,20241114,000000,5.45291,5.45291,5.45291,5.45291,0,0
PLSPLN1M,D,20241115,000000,5.45868,5.45868,5.45868,5.45868,0,0
PLSPLN1M,D,20241118,000000,5.45208,5.45208,5.45208,5.45208,0,0
PLSPLN1M,D,20241119,000000,5.45648,5.45648,5.45648,5.45648,0,0
PLSPLN1M,D,20241120,000000,5.46164,5.46164,5.46164,5.46164,0,0
PLSPLN1M,D,20241121,000000,5.46972,5.46972,5.46972,5.46972,0,0
PLSPLN1M,D,20241122,000000,5.47471,5.47471,5.47471,5.47471,0,0
PLSPLN1M,D,20241125,000000,5.47019,5.47019,5.47019,5.47019,0,0
PLSPLN1M,D,20241126,000000,5.47296,5.47296,5.47296,5.47296,0,0
PLSPLN1M,D,20241127,000000,5.4771,5.4771,5.4771,5.4771,0,0
PLSPLN1M,D,20241128,000000,5.47831,5.47831,5.47831,5.47831,0,0
PLSPLN1M,D,20241129,000000,5.4808,5.4808,5.4808,5.4808,0,0
PLSPLN1M,D,20241202,000000,5.62467,5.62467,5.62467,5.62467,0,0
PLSPLN1M,D,20241203,000000,5.6205,5.6205,5.6205,5.6205,0,0
PLSPLN1M,D,20241204,000000,5.61934,5.61934,5.61934,5.61934,0,0
PLSPLN1M,D,20241205,000000,5.61583,5.61583,5.61583,5.61583,0,0
PLSPLN1M,D,20241206,000000,5.6168,5.6168,5.6168,5.6168,0,0
PLSPLN1M,D,20241209,000000,5.60865,5.60865,5.60865,5.60865,0,0
PLSPLN1M,D,20241210,000000,5.60827,5.60827,5.60827,5.60827,0,0
PLSPLN1M,D,20241211,000000,5.61019,5.61019,5.61019,5.61019,0,0
PLSPLN1M,D,20241212,000000,5.59536,5.59536,5.59536,5.59536,0,0
PLSPLN1M,D,20241213,000000,5.59054,5.59054,5.59054,5.59054,0,0
PLSPLN1M,D,20241216,000000,5.56606,5.56606,5.56606,5.56606,0,0
PLSPLN1M,D,20241217,000000,5.56283,5.56283,5.56283,5.56283,0,0
PLSPLN1M,D,20241218,000000,5.55349,5.55349,5.55349,5.55349,0,0
PLSPLN1M,D,20241219,000000,5.54746,5.54746,5.54746,5.54746,0,0
PLSPLN1M,D,20241220,000000,5.53835,5.53835,5.53835,5.53835,0,0
PLSPLN1M,D,20241223,000000,5.51319,5.51319,5.51319,5.51319,0,0
PLSPLN1M,D,20241224,000000,5.51141,5.51141,5.51141,5.51141,0,0
PLSPLN1M,D,20241227,000000,5.50178,5.50178,5.50178,5.50178,0,0
PLSPLN1M,D,20241230,000000,5.46383,5.46383,5.46383,5.46383,0,0
PLSPLN1M,D,20241231,000000,5.46431,5.46431,5.46431,5.46431,0,0
PLSPLN1M,D,20250102,000000,5.4185,5.4185,5.4185,5.4185,0,0
PLSPLN1M,D,20250103,000000,5.41584,5.41584,5.41584,5.41584,0,0
PLSPLN1M,D,20250107,000000,5.41129,5.41129,5.41129,5.41129,0,0
PLSPLN1M,D,20250108,000000,5.41312,5.41312,5.41312,5.41312,0,0
PLSPLN1M,D,20250109,000000,5.40552,5.40552,5.40552,5.40552,0,0
PLSPLN1M,D,20250110,000000,5.40549,5.40549,5.40549,5.40549,0,0
PLSPLN1M,D,20250113,000000,5.39377,5.39377,5.39377,5.39377,0,0
PLSPLN1M,D,20250114,000000,5.39961,5.39961,5.39961,5.39961,0,0
PLSPLN1M,D,20250115,000000,5.40578,5.40578,5.40578,5.40578,0,0
PLSPLN1M,D,20250116,000000,5.41533,5.41533,5.41533,5.41533,0,0
PLSPLN1M,D,20250117,000000,5.42305,5.42305,5.42305,5.42305,0,0
PLSPLN1M,D,20250120,000000,5.43353,5.43353,5.43353,5.43353,0,0
PLSPLN1M,D,20250121,000000,5.43721,5.43721,5.43721,5.43721,0,0
PLSPLN1M,D,20250122,000000,5.44146,5.44146,5.44146,5.44146,0,0
PLSPLN1M,D,20250123,000000,5.45803,5.45803,5.45803,5.45803,0,0
PLSPLN1M,D,20250124,000000,5.46234,5.46234,5.46234,5.46234,0,0
PLSPLN1M,D,20250127,000000,5.46856,5.46856,5.46856,5.46856,0,0
PLSPLN1M,D,20250128,000000,5.46984,5.46984,5.46984,5.46984,0,0
PLSPLN1M,D,20250129,000000,5.47454,5.47454,5.47454,5.47454,0,0
PLSPLN1M,D,20250130,000000,5.50422,5.50422,5.50422,5.50422,0,0
PLSPLN1M,D,20250131,000000,5.51099,5.51099,5.51099,5.51099,0,0
PLSPLN1M,D,20250203,000000,5.50313,5.50313,5.50313,5.50313,0,0
PLSPLN1M,D,20250204,000000,5.49963,5.49963,5.49963,5.49963,0,0
PLSPLN1M,D,20250205,000000,5.50124,5.50124,5.50124,5.50124,0,0
PLSPLN1M,D,20250206,000000,5.50254,5.50254,5.50254,5.50254,0,0
PLSPLN1M,D,20250207,000000,5.50219,5.50219,5.50219,5.50219,0,0
PLSPLN1M,D,20250210,000000,5.49379,5.49379,5.49379,5.49379,0,0
PLSPLN1M,D,20250211,000000,5.49629,5.49629,5.49629,5.49629,0,0
PLSPLN1M,D,20250212,000000,5.49836,5.49836,5.49836,5.49836,0,0
PLSPLN1M,D,20250213,000000,5.49756,5.49756,5.49756,5.49756,0,0
PLSPLN1M,D,20250214,000000,5.49607,5.49607,5.49607,5.49607,0,0
PLSPLN1M,D,20250217,000000,5.47713,5.47713,5.47713,5.47713,0,0
PLSPLN1M,D,20250218,000000,5.47943,5.47943,5.47943,5.47943,0,0
PLSPLN1M,D,20250219,000000,5.48034,5.48034,5.48034,5.48034,0,0
PLSPLN1M,D,20250220,000000,5.47316,5.47316,5.47316,5.47316,0,0
PLSPLN1M,D,20250221,000000,5.47598,5.47598,5.47598,5.47598,0,0
PLSPLN1M,D,20250224,000000,5.46997,5.46997,5.46997,5.46997,0,0
PLSPLN1M,D,20250225,000000,5.4703,5.4703,5.4703,5.4703,0,0
PLSPLN1M,D,20250226,000000,5.47203,5.47203,5.47203,5.47203,0,0
PLSPLN1M,D,20250227,000000,5.46493,5.46493,5.46493,5.46493,0,0
PLSPLN1M,D,20250228,000000,5.46377,5.46377,5.46377,5.46377,0,0
PLSPLN1M,D,20250303,000000,5.3767,5.3767,5.3767,5.3767,0,0
PLSPLN1M,D,20250304,000000,5.37907,5.37907,5.37907,5.37907,0,0
PLSPLN1M,D,20250305,000000,5.37616,5.37616,5.37616,5.37616,0,0
PLSPLN1M,D,20250306,000000,5.37394,5.37394,5.37394,5.37394,0,0
PLSPLN1M,D,20250307,000000,5.37154,5.37154,5.37154,5.37154,0,0
PLSPLN1M,D,20250310,000000,5.37207,5.37207,5.37207,5.37207,0,0
PLSPLN1M,D,20250311,000000,5.37276,5.37276,5.37276,5.37276,0,0
PLSPLN1M,D,20250312,000000,5.37161,5.37161,5.37161,5.37161,0,0
PLSPLN1M,D,20250313,000000,5.37301,5.37301,5.37301,5.37301,0,0
PLSPLN1M,D,20250314,000000,5.37215,5.37215,5.37215,5.37215,0,0
PLSPLN1M,D,20250317,000000,5.37118,5.37118,5.37118,5.37118,0,0
PLSPLN1M,D,20250318,000000,5.3725,5.3725,5.3725,5.3725,0,0
PLSPLN1M,D,20250319,000000,5.37387,5.37387,5.37387,5.37387,0,0
PLSPLN1M,D,20250320,000000,5.37724,5.37724,5.37724,5.37724,0,0
PLSPLN1M,D,20250321,000000,5.37433,5.37433,5.37433,5.37433,0,0
PLSPLN1M,D,20250324,000000,5.37896,5.37896,5.37896,5.37896,0,0
PLSPLN1M,D,20250325,000000,5.38157,5.38157,5.38157,5.38157,0,0
PLSPLN1M,D,20250326,000000,5.38233,5.38233,5.38233,5.38233,0,0
PLSPLN1M,D,20250327,000000,5.38599,5.38599,5.38599,5.38599,0,0
PLSPLN1M,D,20250328,000000,5.39047,5.39047,5.39047,5.39047,0,0
PLSPLN1M,D,20250331,000000,5.40774,5.40774,5.40774,5.40774,0,0
PLSPLN1M,D,20250401,000000,5.48835,5.48835,5.48835,5.48835,0,0
PLSPLN1M,D,20250402,000000,5.49155,5.49155,5.49155,5.49155,0,0
PLSPLN1M,D,20250403,000000,5.49476,5.49476,5.49476,5.49476,0,0
PLSPLN1M,D,20250404,000000,5.49858,5.49858,5.49858,5.49858,0,0
PLSPLN1M,D,20250407,000000,5.50858,5.50858,5.50858,5.50858,0,0
PLSPLN1M,D,20250408,000000,5.50946,5.50946,5.50946,5.50946,0,0
PLSPLN1M,D,20250409,000000,5.51211,5.51211,5.51211,5.51211,0,0
PLSPLN1M,D,20250410,000000,5.51935,5.51935,5.51935,5.51935,0,0
PLSPLN1M,D,20250411,000000,5.52155,5.52155,5.52155,5.52155,0,0
PLSPLN1M,D,20250414,000000,5.54515,5.54515,5.54515,5.54515,0,0
PLSPLN1M,D,20250415,000000,5.54508,5.54508,5.54508,5.54508,0,0
PLSPLN1M,D,20250416,000000,5.5466,5.5466,5.5466,5.5466,0,0
PLSPLN1M,D,20250417,000000,5.5557,5.5557,5.5557,5.5557,0,0
PLSPLN1M,D,20250418,000000,5.56059,5.56059,5.56059,5.56059,0,0
PLSPLN1M,D,20250422,000000,5.57498,5.57498,5.57498,5.57498,0,0
PLSPLN1M,D,20250423,000000,5.57712,5.57712,5.57712,5.57712,0,0
PLSPLN1M,D,20250424,000000,5.57729,5.57729,5.57729,5.57729,0,0
PLSPLN1M,D,20250425,000000,5.57687,5.57687,5.57687,5.57687,0,0
PLSPLN1M,D,20250428,000000,5.58217,5.58217,5.58217,5.58217,0,0
PLSPLN1M,D,20250429,000000,5.58384,5.58384,5.58384,5.58384,0,0
PLSPLN1M,D,20250430,000000,5.58333,5.58333,5.58333,5.58333,0,0
PLSPLN1M,D,20250502,000000,5.62761,5.62761,5.62761,5.62761,0,0
PLSPLN1M,D,20250505,000000,5.62349,5.62349,5.62349,5.62349,0,0
PLSPLN1M,D,20250506,000000,5.62356,5.62356,5.62356,5.62356,0,0
PLSPLN1M,D,20250507,000000,5.6248,5.6248,5.6248,5.6248,0,0
PLSPLN1M,D,20250508,000000,5.62728,5.62728,5.62728,5.62728,0,0
PLSPLN1M,D,20250509,000000,5.62433,5.62433,5.62433,5.62433,0,0
PLSPLN1M,D,20250512,000000,5.63282,5.63282,5.63282,5.63282,0,0
PLSPLN1M,D,20250513,000000,5.61706,5.61706,5.61706,5.61706,0,0
PLSPLN1M,D,20250514,000000,5.58369,5.58369,5.58369,5.58369,0,0
PLSPLN1M,D,20250515,000000,5.56855,5.56855,5.56855,5.56855,0,0
PLSPLN1M,D,20250516,000000,5.55329,5.55329,5.55329,5.55329,0,0
PLSPLN1M,D,20250519,000000,5.50182,5.50182,5.50182,5.50182,0,0
PLSPLN1M,D,20250520,000000,5.48985,5.48985,5.48985,5.48985,0,0
PLSPLN1M,D,20250521,000000,5.47954,5.47954,5.47954,5.47954,0,0
PLSPLN1M,D,20250522,000000,5.44227,5.44227,5.44227,5.44227,0,0
PLSPLN1M,D,20250523,000000,5.42339,5.42339,5.42339,5.42339,0,0
PLSPLN1M,D,20250526,000000,5.38262,5.38262,5.38262,5.38262,0,0
PLSPLN1M,D,20250527,000000,5.37097,5.37097,5.37097,5.37097,0,0
PLSPLN1M,D,20250528,000000,5.33557,5.33557,5.33557,5.33557,0,0
PLSPLN1M,D,20250529,000000,5.31675,5.31675,5.31675,5.31675,0,0
PLSPLN1M,D,20250530,000000,5.30149,5.30149,5.30149,5.30149,0,0
PLSPLN1M,D,20250602,000000,5.19036,5.19036,5.19036,5.19036,0,0
PLSPLN1M,D,20250603,000000,5.18902,5.18902,5.18902,5.18902,0,0
PLSPLN1M,D,20250604,000000,5.1884,5.1884,5.1884,5.1884,0,0
PLSPLN1M,D,20250605,000000,5.14829,5.14829,5.14829,5.14829,0,0
PLSPLN1M,D,20250606,000000,5.12957,5.12957,5.12957,5.12957,0,0
PLSPLN1M,D,20250609,000000,5.07499,5.07499,5.07499,5.07499,0,0
PLSPLN1M,D,20250610,000000,5.07576,5.07576,5.07576,5.07576,0,0
PLSPLN1M,D,20250611,000000,5.07926,5.07926,5.07926,5.07926,0,0
PLSPLN1M,D,20250612,000000,5.0214,5.0214,5.0214,5.0214,0,0
PLSPLN1M,D,20250613,000000,5.02386,5.02386,5.02386,5.02386,0,0
PLSPLN1M,D,20250616,000000,5.02525,5.02525,5.02525,5.02525,0,0
PLSPLN1M,D,20250617,000000,5.02723,5.02723,5.02723,5.02723,0,0
PLSPLN1M,D,20250618,000000,5.02881,5.02881,5.02881,5.02881,0,0
PLSPLN1M,D,20250620,000000,5.01769,5.01769,5.01769,5.01769,0,0
PLSPLN1M,D,20250623,000000,5.01859,5.01859,5.01859,5.01859,0,0
PLSPLN1M,D,20250624,000000,5.02078,5.02078,5.02078,5.02078,0,0
PLSPLN1M,D,20250625,000000,5.0217,5.0217,5.0217,5.0217,0,0
PLSPLN1M,D,20250626,000000,5.01606,5.01606,5.01606,5.01606,0,0
PLSPLN1M,D,20250627,000000,5.01749,5.01749,5.01749,5.01749,0,0
PLSPLN1M,D,20250630,000000,5.01878,5.01878,5.01878,5.01878,0,0
PLSPLN1M,D,20250701,000000,5.07873,5.07873,5.07873,5.07873,0,0
PLSPLN1M,D,20250702,000000,5.0762,5.0762,5.0762,5.0762,0,0
PLSPLN1M,D,20250703,000000,5.07303,5.07303,5.07303,5.07303,0,0
PLSPLN1M,D,20250704,000000,5.06714,5.06714,5.06714,5.06714,0,0
PLSPLN1M,D,20250707,000000,5.05495,5.05495,5.05495,5.05495,0,0
PLSPLN1M,D,20250708,000000,5.05416,5.05416,5.05416,5.05416,0,0
PLSPLN1M,D,20250709,000000,5.0577,5.0577,5.0577,5.0577,0,0
PLSPLN1M,D,20250710,000000,5.05673,5.05673,5.05673,5.05673,0,0
PLSPLN1M,D,20250711,000000,5.0505,5.0505,5.0505,5.0505,0,0
PLSPLN1M,D,20250714,000000,5.04494,5.04494,5.04494,5.04494,0,0
PLSPLN1M,D,20250715,000000,5.04154,5.04154,5.04154,5.04154,0,0
PLSPLN1M,D,20250716,000000,5.0315,5.0315,5.0315,5.0315,0,0
PLSPLN1M,D,20250717,000000,5.02668,5.02668,5.02668,5.02668,0,0
PLSPLN1M,D,20250718,000000,5.02192,5.02192,5.02192,5.02192,0,0
PLSPLN1M,D,20250721,000000,5.00659,5.00659,5.00659,5.00659,0,0
PLSPLN1M,D,20250722,000000,5.00369,5.00369,5.00369,5.00369,0,0
PLSPLN1M,D,20250723,000000,4.98889,4.98889,4.98889,4.98889,0,0
PLSPLN1M,D,20250724,000000,4.9825,4.9825,4.9825,4.9825,0,0
PLSPLN1M,D,20250725,000000,4.97621,4.97621,4.97621,4.97621,0,0
PLSPLN1M,D,20250728,000000,4.96808,4.96808,4.96808,4.96808,0,0
PLSPLN1M,D,20250729,000000,4.96333,4.96333,4.96333,4.96333,0,0
PLSPLN1M,D,20250730,000000,4.94064,4.94064,4.94064,4.94064,0,0
PLSPLN1M,D,20250731,000000,4.92993,4.92993,4.92993,4.92993,0,0
PLSPLN1M,D,20250801,000000,4.90479,4.90479,4.90479,4.90479,0,0
PLSPLN1M,D,20250804,000000,4.8955,4.8955,4.8955,4.8955,0,0
PLSPLN1M,D,20250805,000000,4.89499,4.89499,4.89499,4.89499,0,0
PLSPLN1M,D,20250806,000000,4.8907,4.8907,4.8907,4.8907,0,0
PLSPLN1M,D,20250807,000000,4.88047,4.88047,4.88047,4.88047,0,0
PLSPLN1M,D,20250808,000000,4.86881,4.86881,4.86881,4.86881,0,0
PLSPLN1M,D,20250811,000000,4.86612,4.86612,4.86612,4.86612,0,0
PLSPLN1M,D,20250812,000000,4.86838,4.86838,4.86838,4.86838,0,0
PLSPLN1M,D,20250813,000000,4.86979,4.86979,4.86979,4.86979,0,0
PLSPLN1M,D,20250814,000000,4.84948,4.84948,4.84948,4.84948,0,0
PLSPLN1M,D,20250818,000000,4.85369,4.85369,4.85369,4.85369,0,0
PLSPLN1M,D,20250819,000000,4.85966,4.85966,4.85966,4.85966,0,0
PLSPLN1M,D,20250820,000000,4.86227,4.86227,4.86227,4.86227,0,0
PLSPLN1M,D,20250821,000000,4.8656,4.8656,4.8656,4.8656,0,0
PLSPLN1M,D,20250822,000000,4.8691,4.8691,4.8691,4.8691,0,0
PLSPLN1M,D,20250825,000000,4.87866,4.87866,4.87866,4.87866,0,0
PLSPLN1M,D,20250826,000000,4.88084,4.88084,4.88084,4.88084,0,0
PLSPLN1M,D,20250827,000000,4.88193,4.88193,4.88193,4.88193,0,0
PLSPLN1M,D,20250828,000000,4.87623,4.87623,4.87623,4.87623,0,0
PLSPLN1M,D,20250829,000000,4.87597,4.87597,4.87597,4.87597,0,0
PLSPLN1M,D,20250901,000000,4.80649,4.80649,4.80649,4.80649,0,0
PLSPLN1M,D,20250902,000000,4.80571,4.80571,4.80571,4.80571,0,0
PLSPLN1M,D,20250903,000000,4.80119,4.80119,4.80119,4.80119,0,0
PLSPLN1M,D,20250904,000000,4.78233,4.78233,4.78233,4.78233,0,0
PLSPLN1M,D,20250905,000000,4.76666,4.76666,4.76666,4.76666,0,0
PLSPLN1M,D,20250908,000000,4.74772,4.74772,4.74772,4.74772,0,0
PLSPLN1M,D,20250909,000000,4.74397,4.74397,4.74397,4.74397,0,0
PLSPLN1M,D,20250910,000000,4.74381,4.74381,4.74381,4.74381,0,0
PLSPLN1M,D,20250911,000000,4.71754,4.71754,4.71754,4.71754,0,0
PLSPLN1M,D,20250912,000000,4.70763,4.70763,4.70763,4.70763,0,0
PLSPLN1M,D,20250915,000000,4.68964,4.68964,4.68964,4.68964,0,0
PLSPLN1M,D,20250916,000000,4.69114,4.69114,4.69114,4.69114,0,0
PLSPLN1M,D,20250917,000000,4.68957,4.68957,4.68957,4.68957,0,0
PLSPLN1M,D,20250918,000000,4.64978,4.64978,4.64978,4.64978,0,0
PLSPLN1M,D,20250919,000000,4.63608,4.63608,4.63608,4.63608,0,0
PLSPLN1M,D,20250922,000000,4.59616,4.59616,4.59616,4.59616,0,0
PLSPLN1M,D,20250923,000000,4.59719,4.59719,4.59719,4.59719,0,0
PLSPLN1M,D,20250924,000000,4.5965,4.5965,4.5965,4.5965,0,0
PLSPLN1M,D,20250925,000000,4.55958,4.55958,4.55958,4.55958,0,0
PLSPLN1M,D,20250926,000000,4.54786,4.54786,4.54786,4.54786,0,0
PLSPLN1M,D,20250929,000000,4.5183,4.5183,4.5183,4.5183,0,0
PLSPLN1M,D,20250930,000000,4.51965,4.51965,4.51965,4.51965,0,0
PLSPLN1M,D,20251001,000000,4.57948,4.57948,4.57948,4.57948,0,0
PLSPLN1M,D,20251002,000000,4.57259,4.57259,4.57259,4.57259,0,0
PLSPLN1M,D,20251003,000000,4.56851,4.56851,4.56851,4.56851,0,0
PLSPLN1M,D,20251006,000000,4.5801,4.5801,4.5801,4.5801,0,0
PLSPLN1M,D,20251007,000000,4.57877,4.57877,4.57877,4.57877,0,0
PLSPLN1M,D,20251008,000000,4.58634,4.58634,4.58634,4.58634,0,0
PLSPLN1M,D,20251009,000000,4.57998,4.57998,4.57998,4.57998,0,0
PLSPLN1M,D,20251010,000000,4.5658,4.5658,4.5658,4.5658,0,0
PLSPLN1M,D,20251013,000000,4.54526,4.54526,4.54526,4.54526,0,0
PLSPLN1M,D,20251014,000000,4.54175,4.54175,4.54175,4.54175,0,0
PLSPLN1M,D,20251015,000000,4.52847,4.52847,4.52847,4.52847,0,0
PLSPLN1M,D,20251016,000000,4.518,4.518,4.518,4.518,0,0
PLSPLN1M,D,20251017,000000,4.51201,4.51201,4.51201,4.51201,0,0
PLSPLN1M,D,20251020,000000,4.49375,4.49375,4.49375,4.49375,0,0
PLSPLN1M,D,20251021,000000,4.49116,4.49116,4.49116,4.49116,0,0
PLSPLN1M,D,20251022,000000,4.48047,4.48047,4.48047,4.48047,0,0
PLSPLN1M,D,20251023,000000,4.47144,4.47144,4.47144,4.47144,0,0
PLSPLN1M,D,20251024,000000,4.46013,4.46013,4.46013,4.46013,0,0
PLSPLN1M,D,20251027,000000,4.43082,4.43082,4.43082,4.43082,0,0
PLSPLN1M,D,20251028,000000,4.42937,4.42937,4.42937,4.42937,0,0
PLSPLN1M,D,20251029,000000,4.41391,4.41391,4.41391,4.41391,0,0
PLSPLN1M,D,20251030,000000,4.40441,4.40441,4.40441,4.40441,0,0
PLSPLN1M,D,20251031,000000,4.39928,4.39928,4.39928,4.39928,0,0
PLSPLN1M,D,20251103,000000,4.28613,4.28613,4.28613,4.28613,0,0
PLSPLN1M,D,20251104,000000,4.28825,4.28825,4.28825,4.28825,0,0
PLSPLN1M,D,20251105,000000,4.28879,4.28879,4.28879,4.28879,0,0
PLSPLN1M,D,20251106,000000,4.25673,4.25673,4.25673,4.25673,0,0
PLSPLN1M,D,20251107,000000,4.24884,4.24884,4.24884,4.24884,0,0
PLSPLN1M,D,20251110,000000,4.23901,4.23901,4.23901,4.23901,0,0
PLSPLN1M,D,20251112,000000,4.23726,4.23726,4.23726,4.23726,0,0
PLSPLN1M,D,20251113,000000,4.21885,4.21885,4.21885,4.21885,0,0
PLSPLN1M,D,20251114,000000,4.21205,4.21205,4.21205,4.21205,0,0
PLSPLN1M,D,20251117,000000,4.19313,4.19313,4.19313,4.19313,0,0
PLSPLN1M,D,20251118,000000,4.19265,4.19265,4.19265,4.19265,0,0
PLSPLN1M,D,20251119,000000,4.1921,4.1921,4.1921,4.1921,0,0
PLSPLN1M,D,20251120,000000,4.17104,4.17104,4.17104,4.17104,0,0
PLSPLN1M,D,20251121,000000,4.16266,4.16266,4.16266,4.16266,0,0
PLSPLN1M,D,20251124,000000,4.1264,4.1264,4.1264,4.1264,0,0
PLSPLN1M,D,20251125,000000,4.12611,4.12611,4.12611,4.12611,0,0
PLSPLN1M,D,20251126,000000,4.12605,4.12605,4.12605,4.12605,0,0
PLSPLN1M,D,20251127,000000,4.11401,4.11401,4.11401,4.11401,0,0
PLSPLN1M,D,20251128,000000,4.1044,4.1044,4.1044,4.1044,0,0
PLSPLN1M,D,20251201,000000,4.08976,4.08976,4.08976,4.08976,0,0
PLSPLN1M,D,20251202,000000,4.09183,4.09183,4.09183,4.09183,0,0
PLSPLN1M,D,20251203,000000,4.08994,4.08994,4.08994,4.08994,0,0
PLSPLN1M,D,20251204,000000,4.07633,4.07633,4.07633,4.07633,0,0
PLSPLN1M,D,20251205,000000,4.05717,4.05717,4.05717,4.05717,0,0
PLSPLN1M,D,20251208,000000,4.03286,4.03286,4.03286,4.03286,0,0
PLSPLN1M,D,20251209,000000,4.02778,4.02778,4.02778,4.02778,0,0
PLSPLN1M,D,20251210,000000,3.99217,3.99217,3.99217,3.99217,0,0
PLSPLN1M,D,20251211,000000,3.98764,3.98764,3.98764,3.98764,0,0
PLSPLN1M,D,20251212,000000,3.96791,3.96791,3.96791,3.96791,0,0
PLSPLN1M,D,20251215,000000,3.94237,3.94237,3.94237,3.94237,0,0
PLSPLN1M,D,20251216,000000,3.93916,3.93916,3.93916,3.93916,0,0
PLSPLN1M,D,20251217,000000,3.90348,3.90348,3.90348,3.90348,0,0
PLSPLN1M,D,20251218,000000,3.8886,3.8886,3.8886,3.8886,0,0
PLSPLN1M,D,20251219,000000,3.87242,3.87242,3.87242,3.87242,0,0
PLSPLN1M,D,20251222,000000,3.82685,3.82685,3.82685,3.82685,0,0
PLSPLN1M,D,20251223,000000,3.82035,3.82035,3.82035,3.82035,0,0
PLSPLN1M,D,20251229,000000,3.72182,3.72182,3.72182,3.72182,0,0
PLSPLN1M,D,20251230,000000,3.7163,3.7163,3.7163,3.7163,0,0
PLSPLN1M,D,20251231,000000,3.71094,3.71094,3.71094,3.71094,0,0
PLSPLN1M,D,20260102,000000,3.66671,3.66671,3.66671,3.66671,0,0
PLSPLN1M,D,20260105,000000,3.64182,3.64182,3.64182,3.64182,0,0
PLSPLN1M,D,20260107,000000,3.63978,3.63978,3.63978,3.63978,0,0
PLSPLN1M,D,20260108,000000,3.60769,3.60769,3.60769,3.60769,0,0
PLSPLN1M,D,20260109,000000,3.59924,3.59924,3.59924,3.59924,0,0
PLSPLN1M,D,20260112,000000,3.6091,3.6091,3.6091,3.6091,0,0
PLSPLN1M,D,20260113,000000,3.61691,3.61691,3.61691,3.61691,0,0
PLSPLN1M,D,20260114,000000,3.62434,3.62434,3.62434,3.62434,0,0
PLSPLN1M,D,20260115,000000,3.60908,3.60908,3.60908,3.60908,0,0
PLSPLN1M,D,20260116,000000,3.61082,3.61082,3.61082,3.61082,0,0
PLSPLN1M,D,20260119,000000,3.62489,3.62489,3.62489,3.62489,0,0
PLSPLN1M,D,20260120,000000,3.6296,3.6296,3.6296,3.6296,0,0
PLSPLN1M,D,20260121,000000,3.63495,3.63495,3.63495,3.63495,0,0
PLSPLN1M,D,20260122,000000,3.64699,3.64699,3.64699,3.64699,0,0
PLSPLN1M,D,20260123,000000,3.65544,3.65544,3.65544,3.65544,0,0
PLSPLN1M,D,20260126,000000,3.67472,3.67472,3.67472,3.67472,0,0
PLSPLN1M,D,20260127,000000,3.67867,3.67867,3.67867,3.67867,0,0
PLSPLN1M,D,20260128,000000,3.68099,3.68099,3.68099,3.68099,0,0
PLSPLN1M,D,20260129,000000,3.70542,3.70542,3.70542,3.70542,0,0
PLSPLN1M,D,20260130,000000,3.71293,3.71293,3.71293,3.71293,0,0
PLSPLN1M,D,20260202,000000,3.73495,3.73495,3.73495,3.73495,0,0
PLSPLN1M,D,20260203,000000,3.73162,3.73162,3.73162,3.73162,0,0
PLSPLN1M,D,20260204,000000,3.73434,3.73434,3.73434,3.73434,0,0
PLSPLN1M,D,20260205,000000,3.74475,3.74475,3.74475,3.74475,0,0
PLSPLN1M,D,20260206,000000,3.74551,3.74551,3.74551,3.74551,0,0
PLSPLN1M,D,20260209,000000,3.75994,3.75994,3.75994,3.75994,0,0
PLSPLN1M,D,20260210,000000,3.76266,3.76266,3.76266,3.76266,0,0
