<TICKER>,<PER>,<DATE>,<TIME>,<OPEN>,<HIGH>,<LOW>,<CLOSE>,<VOL>,<OPENINT>
PLWPLN00,D,20190102,000000,1.267,1.267,1.267,1.267,0,0
PLWPLN00,D,20190103,000000,1.216,1.216,1.216,1.216,0,0
PLWPLN00,D,20190104,000000,1.233,1.233,1.233,1.233,0,0
PLWPLN00,D,20190107,000000,1.354,1.354,1.354,1.354,0,0
PLWPLN00,D,20190108,000000,1.305,1.305,1.305,1.305,0,0
PLWPLN00,D,20190109,000000,1.332,1.332,1.332,1.332,0,0
PLWPLN00,D,20190110,000000,1.317,1.317,1.317,1.317,0,0
PLWPLN00,D,20190111,000000,1.262,1.262,1.262,1.262,0,0
PLWPLN00,D,20190114,000000,1.225,1.225,1.225,1.225,0,0
PLWPLN00,D,20190115,000000,1.194,1.194,1.194,1.194,0,0
PLWPLN00,D,20190116,000000,1.195,1.195,1.195,1.195,0,0
PLWPLN00,D,20190117,000000,1.087,1.087,1.087,1.087,0,0
PLWPLN00,D,20190118,000000,1.001,1.001,1.001,1.001,0,0
PLWPLN00,D,20190121,000000,0.84,0.84,0.84,0.84,0,0
PLWPLN00,D,20190122,000000,1.003,1.003,1.003,1.003,0,0
PLWPLN00,D,20190123,000000,0.76,0.76,0.76,0.76,0,0
PLWPLN00,D,20190124,000000,0.662,0.662,0.662,0.662,0,0
PLWPLN00,D,20190125,000000,0.656,0.656,0.656,0.656,0,0
PLWPLN00,D,20190128,000000,0.712,0.712,0.712,0.712,0,0
PLWPLN00,D,20190129,000000,0.716,0.716,0.716,0.716,0,0
PLWPLN00,D,20190130,000000,1.006,1.006,1.006,1.006,0,0
PLWPLN00,D,20190131,000000,0.913,0.913,0.913,0.913,0,0
PLWPLN00,D,20190201,000000,1.266,1.266,1.266,1.266,0,0
PLWPLN00,D,20190204,000000,1.236,1.236,1.236,1.236,0,0
PLWPLN00,D,20190205,000000,1.264,1.264,1.264,1.264,0,0
PLWPLN00,D,20190206,000000,1.242,1.242,1.242,1.242,0,0
PLWPLN00,D,20190207,000000,1.253,1.253,1.253,1.253,0,0
PLWPLN00,D,20190208,000000,1.246,1.246,1.246,1.246,0,0
PLWPLN00,D,20190211,000000,1.326,1.326,1.326,1.326,0,0
PLWPLN00,D,20190212,000000,1.392,1.392,1.392,1.392,0,0
PLWPLN00,D,20190213,000000,1.346,1.346,1.346,1.346,0,0
PLWPLN00,D,20190214,000000,1.324,1.324,1.324,1.324,0,0
PLWPLN00,D,20190215,000000,1.247,1.247,1.247,1.247,0,0
PLWPLN00,D,20190218,000000,1.276,1.276,1.276,1.276,0,0
PLWPLN00,D,20190219,000000,1.236,1.236,1.236,1.236,0,0
PLWPLN00,D,20190220,000000,1.28,1.28,1.28,1.28,0,0
PLWPLN00,D,20190221,000000,1.295,1.295,1.295,1.295,0,0
PLWPLN00,D,20190222,000000,1.174,1.174,1.174,1.174,0,0
PLWPLN00,D,20190225,000000,0.884,0.884,0.884,0.884,0,0
PLWPLN00,D,20190226,000000,0.789,0.789,0.789,0.789,0,0
PLWPLN00,D,20190227,000000,1.137,1.137,1.137,1.137,0,0
PLWPLN00,D,20190228,000000,0.885,0.885,0.885,0.885,0,0
PLWPLN00,D,20190301,000000,1.288,1.288,1.288,1.288,0,0
PLWPLN00,D,20190304,000000,1.288,1.288,1.288,1.288,0,0
PLWPLN00,D,20190305,000000,1.312,1.312,1.312,1.312,0,0
PLWPLN00,D,20190306,000000,1.333,1.333,1.333,1.333,0,0
PLWPLN00,D,20190307,000000,1.305,1.305,1.305,1.305,0,0
PLWPLN00,D,20190308,000000,1.361,1.361,1.361,1.361,0,0
PLWPLN00,D,20190311,000000,1.259,1.259,1.259,1.259,0,0
PLWPLN00,D,20190312,000000,1.335,1.335,1.335,1.335,0,0
PLWPLN00,D,20190313,000000,1.316,1.316,1.316,1.316,0,0
PLWPLN00,D,20190314,000000,1.31,1.31,1.31,1.31,0,0
PLWPLN00,D,20190315,000000,1.282,1.282,1.282,1.282,0,0
PLWPLN00,D,20190318,000000,1.308,1.308,1.308,1.308,0,0
PLWPLN00,D,20190319,000000,1.307,1.307,1.307,1.307,0,0
PLWPLN00,D,20190320,000000,1.296,1.296,1.296,1.296,0,0
PLWPLN00,D,20190321,000000,1.336,1.336,1.336,1.336,0,0
PLWPLN00,D,20190322,000000,1.23,1.23,1.23,1.23,0,0
PLWPLN00,D,20190325,000000,1.167,1.167,1.167,1.167,0,0
PLWPLN00,D,20190326,000000,1.131,1.131,1.131,1.131,0,0
PLWPLN00,D,20190327,000000,1.277,1.277,1.277,1.277,0,0
PLWPLN00,D,20190328,000000,1.227,1.227,1.227,1.227,0,0
PLWPLN00,D,20190329,000000,0.822,0.822,0.822,0.822,0,0
PLWPLN00,D,20190401,000000,1.223,1.223,1.223,1.223,0,0
PLWPLN00,D,20190402,000000,1.27,1.27,1.27,1.27,0,0
PLWPLN00,D,20190403,000000,1.289,1.289,1.289,1.289,0,0
PLWPLN00,D,20190404,000000,1.352,1.352,1.352,1.352,0,0
PLWPLN00,D,20190405,000000,1.245,1.245,1.245,1.245,0,0
PLWPLN00,D,20190408,000000,1.255,1.255,1.255,1.255,0,0
PLWPLN00,D,20190409,000000,1.289,1.289,1.289,1.289,0,0
PLWPLN00,D,20190410,000000,1.244,1.244,1.244,1.244,0,0
PLWPLN00,D,20190411,000000,1.282,1.282,1.282,1.282,0,0
PLWPLN00,D,20190412,000000,1.198,1.198,1.198,1.198,0,0
PLWPLN00,D,20190415,000000,1.345,1.345,1.345,1.345,0,0
PLWPLN00,D,20190416,000000,1.384,1.384,1.384,1.384,0,0
PLWPLN00,D,20190417,000000,1.303,1.303,1.303,1.303,0,0
PLWPLN00,D,20190418,000000,1.296,1.296,1.296,1.296,0,0
PLWPLN00,D,20190419,000000,1.341,1.341,1.341,1.341,0,0
PLWPLN00,D,20190423,000000,1.3,1.3,1.3,1.3,0,0
PLWPLN00,D,20190424,000000,1.311,1.311,1.311,1.311,0,0
PLWPLN00,D,20190425,000000,1.27,1.27,1.27,1.27,0,0
PLWPLN00,D,20190426,000000,0.95,0.95,0.95,0.95,0,0
PLWPLN00,D,20190429,000000,1.318,1.318,1.318,1.318,0,0
PLWPLN00,D,20190430,000000,1.158,1.158,1.158,1.158,0,0
PLWPLN00,D,20190502,000000,1.312,1.312,1.312,1.312,0,0
PLWPLN00,D,20190506,000000,1.242,1.242,1.242,1.242,0,0
PLWPLN00,D,20190507,000000,1.154,1.154,1.154,1.154,0,0
PLWPLN00,D,20190508,000000,1.244,1.244,1.244,1.244,0,0
PLWPLN00,D,20190509,000000,1.238,1.238,1.238,1.238,0,0
PLWPLN00,D,20190510,000000,1.34,1.34,1.34,1.34,0,0
PLWPLN00,D,20190513,000000,1.324,1.324,1.324,1.324,0,0
PLWPLN00,D,20190514,000000,1.435,1.435,1.435,1.435,0,0
PLWPLN00,D,20190515,000000,1.437,1.437,1.437,1.437,0,0
PLWPLN00,D,20190516,000000,1.412,1.412,1.412,1.412,0,0
PLWPLN00,D,20190517,000000,1.321,1.321,1.321,1.321,0,0
PLWPLN00,D,20190520,000000,1.256,1.256,1.256,1.256,0,0
PLWPLN00,D,20190521,000000,1.248,1.248,1.248,1.248,0,0
PLWPLN00,D,20190522,000000,1.33,1.33,1.33,1.33,0,0
PLWPLN00,D,20190523,000000,1.254,1.254,1.254,1.254,0,0
PLWPLN00,D,20190524,000000,1.206,1.206,1.206,1.206,0,0
PLWPLN00,D,20190527,000000,1.256,1.256,1.256,1.256,0,0
PLWPLN00,D,20190528,000000,1.226,1.226,1.226,1.226,0,0
PLWPLN00,D,20190529,000000,0.702,0.702,0.702,0.702,0,0
PLWPLN00,D,20190530,000000,1.141,1.141,1.141,1.141,0,0
PLWPLN00,D,20190531,000000,0.774,0.774,0.774,0.774,0,0
PLWPLN00,D,20190603,000000,1.233,1.233,1.233,1.233,0,0
PLWPLN00,D,20190604,000000,1.26,1.26,1.26,1.26,0,0
PLWPLN00,D,20190605,000000,1.256,1.256,1.256,1.256,0,0
PLWPLN00,D,20190606,000000,1.228,1.228,1.228,1.228,0,0
PLWPLN00,D,20190607,000000,1.211,1.211,1.211,1.211,0,0
PLWPLN00,D,20190610,000000,1.199,1.199,1.199,1.199,0,0
PLWPLN00,D,20190611,000000,1.189,1.189,1.189,1.189,0,0
PLWPLN00,D,20190612,000000,1.22,1.22,1.22,1.22,0,0
PLWPLN00,D,20190613,000000,1.259,1.259,1.259,1.259,0,0
PLWPLN00,D,20190614,000000,1.203,1.203,1.203,1.203,0,0
PLWPLN00,D,20190617,000000,1.138,1.138,1.138,1.138,0,0
PLWPLN00,D,20190618,000000,1.192,1.192,1.192,1.192,0,0
PLWPLN00,D,20190619,000000,1.211,1.211,1.211,1.211,0,0
PLWPLN00,D,20190621,000000,1.242,1.242,1.242,1.242,0,0
PLWPLN00,D,20190624,000000,1.228,1.228,1.228,1.228,0,0
PLWPLN00,D,20190625,000000,1.232,1.232,1.232,1.232,0,0
PLWPLN00,D,20190626,000000,1.303,1.303,1.303,1.303,0,0
PLWPLN00,D,20190627,000000,1.19,1.19,1.19,1.19,0,0
PLWPLN00,D,20190628,000000,0.74,0.74,0.74,0.74,0,0
PLWPLN00,D,20190701,000000,1.304,1.304,1.304,1.304,0,0
PLWPLN00,D,20190702,000000,1.274,1.274,1.274,1.274,0,0
PLWPLN00,D,20190703,000000,1.287,1.287,1.287,1.287,0,0
PLWPLN00,D,20190704,000000,1.258,1.258,1.258,1.258,0,0
PLWPLN00,D,20190705,000000,1.259,1.259,1.259,1.259,0,0
PLWPLN00,D,20190708,000000,1.161,1.161,1.161,1.161,0,0
PLWPLN00,D,20190709,000000,1.138,1.138,1.138,1.138,0,0
PLWPLN00,D,20190710,000000,1.177,1.177,1.177,1.177,0,0
PLWPLN00,D,20190711,000000,1.234,1.234,1.234,1.234,0,0
PLWPLN00,D,20190712,000000,1.325,1.325,1.325,1.325,0,0
PLWPLN00,D,20190715,000000,1.341,1.341,1.341,1.341,0,0
PLWPLN00,D,20190716,000000,1.313,1.313,1.313,1.313,0,0
PLWPLN00,D,20190717,000000,1.266,1.266,1.266,1.266,0,0
PLWPLN00,D,20190718,000000,1.262,1.262,1.262,1.262,0,0
PLWPLN00,D,20190719,000000,1.228,1.228,1.228,1.228,0,0
PLWPLN00,D,20190722,000000,1.283,1.283,1.283,1.283,0,0
PLWPLN00,D,20190723,000000,1.296,1.296,1.296,1.296,0,0
PLWPLN00,D,20190724,000000,1.294,1.294,1.294,1.294,0,0
PLWPLN00,D,20190725,000000,1.359,1.359,1.359,1.359,0,0
PLWPLN00,D,20190726,000000,1.283,1.283,1.283,1.283,0,0
PLWPLN00,D,20190729,000000,1.055,1.055,1.055,1.055,0,0
PLWPLN00,D,20190730,000000,1.18,1.18,1.18,1.18,0,0
PLWPLN00,D,20190731,000000,0.991,0.991,0.991,0.991,0,0
PLWPLN00,D,20190801,000000,1.3,1.3,1.3,1.3,0,0
PLWPLN00,D,20190802,000000,1.302,1.302,1.302,1.302,0,0
PLWPLN00,D,20190805,000000,1.293,1.293,1.293,1.293,0,0
PLWPLN00,D,20190806,000000,1.297,1.297,1.297,1.297,0,0
PLWPLN00,D,20190807,000000,1.344,1.344,1.344,1.344,0,0
PLWPLN00,D,20190808,000000,1.315,1.315,1.315,1.315,0,0
PLWPLN00,D,20190809,000000,1.438,1.438,1.438,1.438,0,0
PLWPLN00,D,20190812,000000,1.504,1.504,1.504,1.504,0,0
PLWPLN00,D,20190813,000000,1.393,1.393,1.393,1.393,0,0
PLWPLN00,D,20190814,000000,1.433,1.433,1.433,1.433,0,0
PLWPLN00,D,20190816,000000,1.321,1.321,1.321,1.321,0,0
PLWPLN00,D,20190819,000000,1.249,1.249,1.249,1.249,0,0
PLWPLN00,D,20190820,000000,1.268,1.268,1.268,1.268,0,0
PLWPLN00,D,20190821,000000,1.158,1.158,1.158,1.158,0,0
PLWPLN00,D,20190822,000000,1.18,1.18,1.18,1.18,0,0
PLWPLN00,D,20190823,000000,1.22,1.22,1.22,1.22,0,0
PLWPLN00,D,20190826,000000,1.339,1.339,1.339,1.339,0,0
PLWPLN00,D,20190827,000000,1.274,1.274,1.274,1.274,0,0
PLWPLN00,D,20190828,000000,1.074,1.074,1.074,1.074,0,0
PLWPLN00,D,20190829,000000,0.681,0.681,0.681,0.681,0,0
PLWPLN00,D,20190830,000000,0.995,0.995,0.995,0.995,0,0
PLWPLN00,D,20190902,000000,1.268,1.268,1.268,1.268,0,0
PLWPLN00,D,20190903,000000,1.338,1.338,1.338,1.338,0,0
PLWPLN00,D,20190904,000000,1.34,1.34,1.34,1.34,0,0
PLWPLN00,D,20190905,000000,1.288,1.288,1.288,1.288,0,0
PLWPLN00,D,20190906,000000,1.31,1.31,1.31,1.31,0,0
PLWPLN00,D,20190909,000000,1.216,1.216,1.216,1.216,0,0
PLWPLN00,D,20190910,000000,1.247,1.247,1.247,1.247,0,0
PLWPLN00,D,20190911,000000,1.316,1.316,1.316,1.316,0,0
PLWPLN00,D,20190912,000000,1.253,1.253,1.253,1.253,0,0
PLWPLN00,D,20190913,000000,1.25,1.25,1.25,1.25,0,0
PLWPLN00,D,20190916,000000,1.257,1.257,1.257,1.257,0,0
PLWPLN00,D,20190917,000000,1.296,1.296,1.296,1.296,0,0
PLWPLN00,D,20190918,000000,1.21,1.21,1.21,1.21,0,0
PLWPLN00,D,20190919,000000,1.24,1.24,1.24,1.24,0,0
PLWPLN00,D,20190920,000000,1.286,1.286,1.286,1.286,0,0
PLWPLN00,D,20190923,000000,1.201,1.201,1.201,1.201,0,0
PLWPLN00,D,20190924,000000,1.184,1.184,1.184,1.184,0,0
PLWPLN00,D,20190925,000000,1.251,1.251,1.251,1.251,0,0
PLWPLN00,D,20190926,000000,0.941,0.941,0.941,0.941,0,0
PLWPLN00,D,20190927,000000,1.095,1.095,1.095,1.095,0,0
PLWPLN00,D,20190930,000000,1.027,1.027,1.027,1.027,0,0
PLWPLN00,D,20191001,000000,1.358,1.358,1.358,1.358,0,0
PLWPLN00,D,20191002,000000,1.206,1.206,1.206,1.206,0,0
PLWPLN00,D,20191003,000000,1.212,1.212,1.212,1.212,0,0
PLWPLN00,D,20191004,000000,1.279,1.279,1.279,1.279,0,0
PLWPLN00,D,20191007,000000,1.29,1.29,1.29,1.29,0,0
PLWPLN00,D,20191008,000000,1.21,1.21,1.21,1.21,0,0
PLWPLN00,D,20191009,000000,1.253,1.253,1.253,1.253,0,0
PLWPLN00,D,20191010,000000,1.362,1.362,1.362,1.362,0,0
PLWPLN00,D,20191011,000000,1.267,1.267,1.267,1.267,0,0
PLWPLN00,D,20191014,000000,1.253,1.253,1.253,1.253,0,0
PLWPLN00,D,20191015,000000,1.242,1.242,1.242,1.242,0,0
PLWPLN00,D,20191016,000000,1.287,1.287,1.287,1.287,0,0
PLWPLN00,D,20191017,000000,1.244,1.244,1.244,1.244,0,0
PLWPLN00,D,20191018,000000,1.191,1.191,1.191,1.191,0,0
PLWPLN00,D,20191021,000000,1.21,1.21,1.21,1.21,0,0
PLWPLN00,D,20191022,000000,1.189,1.189,1.189,1.189,0,0
PLWPLN00,D,20191023,000000,1.196,1.196,1.196,1.196,0,0
PLWPLN00,D,20191024,000000,1.218,1.218,1.218,1.218,0,0
PLWPLN00,D,20191025,000000,1.253,1.253,1.253,1.253,0,0
PLWPLN00,D,20191028,000000,1.382,1.382,1.382,1.382,0,0
PLWPLN00,D,20191029,000000,1.322,1.322,1.322,1.322,0,0
PLWPLN00,D,20191030,000000,1.229,1.229,1.229,1.229,0,0
PLWPLN00,D,20191031,000000,1.009,1.009,1.009,1.009,0,0
PLWPLN00,D,20191104,000000,1.32,1.32,1.32,1.32,0,0
PLWPLN00,D,20191105,000000,1.362,1.362,1.362,1.362,0,0
PLWPLN00,D,20191106,000000,1.234,1.234,1.234,1.234,0,0
PLWPLN00,D,20191107,000000,1.15,1.15,1.15,1.15,0,0
PLWPLN00,D,20191108,000000,1.244,1.244,1.244,1.244,0,0
PLWPLN00,D,20191112,000000,1.266,1.266,1.266,1.266,0,0
PLWPLN00,D,20191113,000000,1.225,1.225,1.225,1.225,0,0
PLWPLN00,D,20191114,000000,1.185,1.185,1.185,1.185,0,0
PLWPLN00,D,20191115,000000,1.288,1.288,1.288,1.288,0,0
PLWPLN00,D,20191118,000000,1.059,1.059,1.059,1.059,0,0
PLWPLN00,D,20191119,000000,1.073,1.073,1.073,1.073,0,0
PLWPLN00,D,20191120,000000,1.104,1.104,1.104,1.104,0,0
PLWPLN00,D,20191121,000000,1.026,1.026,1.026,1.026,0,0
PLWPLN00,D,20191122,000000,1.182,1.182,1.182,1.182,0,0
PLWPLN00,D,20191125,000000,1.296,1.296,1.296,1.296,0,0
PLWPLN00,D,20191126,000000,1.175,1.175,1.175,1.175,0,0
PLWPLN00,D,20191127,000000,0.954,0.954,0.954,0.954,0,0
PLWPLN00,D,20191128,000000,0.673,0.673,0.673,0.673,0,0
PLWPLN00,D,20191129,000000,0.896,0.896,0.896,0.896,0,0
PLWPLN00,D,20191202,000000,1.282,1.282,1.282,1.282,0,0
PLWPLN00,D,20191203,000000,1.295,1.295,1.295,1.295,0,0
PLWPLN00,D,20191204,000000,1.261,1.261,1.261,1.261,0,0
PLWPLN00,D,20191205,000000,1.265,1.265,1.265,1.265,0,0
PLWPLN00,D,20191206,000000,1.122,1.122,1.122,1.122,0,0
PLWPLN00,D,20191209,000000,1.154,1.154,1.154,1.154,0,0
PLWPLN00,D,20191210,000000,1.193,1.193,1.193,1.193,0,0
PLWPLN00,D,20191211,000000,1.181,1.181,1.181,1.181,0,0
PLWPLN00,D,20191212,000000,1.259,1.259,1.259,1.259,0,0
PLWPLN00,D,20191213,000000,1.189,1.189,1.189,1.189,0,0
PLWPLN00,D,20191216,000000,1.191,1.191,1.191,1.191,0,0
PLWPLN00,D,20191217,000000,1.139,1.139,1.139,1.139,0,0
PLWPLN00,D,20191218,000000,0.839,0.839,0.839,0.839,0,0
PLWPLN00,D,20191219,000000,0.533,0.533,0.533,0.533,0,0
PLWPLN00,D,20191220,000000,0.716,0.716,0.716,0.716,0,0
PLWPLN00,D,20191223,000000,0.629,0.629,0.629,0.629,0,0
PLWPLN00,D,20191224,000000,0.572,0.572,0.572,0.572,0,0
PLWPLN00,D,20191227,000000,0.571,0.571,0.571,0.571,0,0
PLWPLN00,D,20191230,000000,0.874,0.874,0.874,0.874,0,0
PLWPLN00,D,20191231,000000,0.437,0.437,0.437,0.437,0,0
PLWPLN00,D,20200102,000000,0.989,0.989,0.989,0.989,0,0
PLWPLN00,D,20200103,000000,1.157,1.157,1.157,1.157,0,0
PLWPLN00,D,20200107,000000,1.115,1.115,1.115,1.115,0,0
PLWPLN00,D,20200108,000000,0.983,0.983,0.983,0.983,0,0
PLWPLN00,D,20200109,000000,0.929,0.929,0.929,0.929,0,0
PLWPLN00,D,20200110,000000,0.87,0.87,0.87,0.87,0,0
PLWPLN00,D,20200113,000000,0.872,0.872,0.872,0.872,0,0
PLWPLN00,D,20200114,000000,0.843,0.843,0.843,0.843,0,0
PLWPLN00,D,20200115,000000,0.883,0.883,0.883,0.883,0,0
PLWPLN00,D,20200116,000000,0.897,0.897,0.897,0.897,0,0
PLWPLN00,D,20200117,000000,1.104,1.104,1.104,1.104,0,0
PLWPLN00,D,20200120,000000,1.094,1.094,1.094,1.094,0,0
PLWPLN00,D,20200121,000000,1.178,1.178,1.178,1.178,0,0
PLWPLN00,D,20200122,000000,1.076,1.076,1.076,1.076,0,0
PLWPLN00,D,20200123,000000,0.992,0.992,0.992,0.992,0,0
PLWPLN00,D,20200124,000000,0.925,0.925,0.925,0.925,0,0
PLWPLN00,D,20200127,000000,0.714,0.714,0.714,0.714,0,0
PLWPLN00,D,20200128,000000,0.973,0.973,0.973,0.973,0,0
PLWPLN00,D,20200129,000000,0.782,0.782,0.782,0.782,0,0
PLWPLN00,D,20200130,000000,1.129,1.129,1.129,1.129,0,0
PLWPLN00,D,20200131,000000,0.908,0.908,0.908,0.908,0,0
PLWPLN00,D,20200203,000000,1.244,1.244,1.244,1.244,0,0
PLWPLN00,D,20200204,000000,1.163,1.163,1.163,1.163,0,0
PLWPLN00,D,20200205,000000,1.221,1.221,1.221,1.221,0,0
PLWPLN00,D,20200206,000000,1.228,1.228,1.228,1.228,0,0
PLWPLN00,D,20200207,000000,1.183,1.183,1.183,1.183,0,0
PLWPLN00,D,20200210,000000,1.219,1.219,1.219,1.219,0,0
PLWPLN00,D,20200211,000000,1.228,1.228,1.228,1.228,0,0
PLWPLN00,D,20200212,000000,1.246,1.246,1.246,1.246,0,0
PLWPLN00,D,20200213,000000,1.221,1.221,1.221,1.221,0,0
PLWPLN00,D,20200214,000000,1.224,1.224,1.224,1.224,0,0
PLWPLN00,D,20200217,000000,1.103,1.103,1.103,1.103,0,0
PLWPLN00,D,20200218,000000,1.221,1.221,1.221,1.221,0,0
PLWPLN00,D,20200219,000000,1.219,1.219,1.219,1.219,0,0
PLWPLN00,D,20200220,000000,1.193,1.193,1.193,1.193,0,0
PLWPLN00,D,20200221,000000,1.232,1.232,1.232,1.232,0,0
PLWPLN00,D,20200224,000000,1.155,1.155,1.155,1.155,0,0
PLWPLN00,D,20200225,000000,1.297,1.297,1.297,1.297,0,0
PLWPLN00,D,20200226,000000,1.212,1.212,1.212,1.212,0,0
PLWPLN00,D,20200227,000000,1.017,1.017,1.017,1.017,0,0
PLWPLN00,D,20200228,000000,1.03,1.03,1.03,1.03,0,0
PLWPLN00,D,20200302,000000,1.127,1.127,1.127,1.127,0,0
PLWPLN00,D,20200303,000000,1.131,1.131,1.131,1.131,0,0
PLWPLN00,D,20200304,000000,1.053,1.053,1.053,1.053,0,0
PLWPLN00,D,20200305,000000,1.059,1.059,1.059,1.059,0,0
PLWPLN00,D,20200306,000000,1.077,1.077,1.077,1.077,0,0
PLWPLN00,D,20200309,000000,1.187,1.187,1.187,1.187,0,0
PLWPLN00,D,20200310,000000,1.069,1.069,1.069,1.069,0,0
PLWPLN00,D,20200311,000000,1.167,1.167,1.167,1.167,0,0
PLWPLN00,D,20200312,000000,1.203,1.203,1.203,1.203,0,0
PLWPLN00,D,20200313,000000,0.841,0.841,0.841,0.841,0,0
PLWPLN00,D,20200316,000000,0.937,0.937,0.937,0.937,0,0
PLWPLN00,D,20200317,000000,0.714,0.714,0.714,0.714,0,0
PLWPLN00,D,20200318,000000,0.587,0.587,0.587,0.587,0,0
PLWPLN00,D,20200319,000000,0.475,0.475,0.475,0.475,0,0
PLWPLN00,D,20200320,000000,0.513,0.513,0.513,0.513,0,0
PLWPLN00,D,20200323,000000,0.477,0.477,0.477,0.477,0,0
PLWPLN00,D,20200324,000000,0.421,0.421,0.421,0.421,0,0
PLWPLN00,D,20200325,000000,0.466,0.466,0.466,0.466,0,0
PLWPLN00,D,20200326,000000,0.393,0.393,0.393,0.393,0,0
PLWPLN00,D,20200327,000000,0.363,0.363,0.363,0.363,0,0
PLWPLN00,D,20200330,000000,0.433,0.433,0.433,0.433,0,0
PLWPLN00,D,20200331,000000,0.227,0.227,0.227,0.227,0,0
PLWPLN00,D,20200401,000000,0.624,0.624,0.624,0.624,0,0
PLWPLN00,D,20200402,000000,0.643,0.643,0.643,0.643,0,0
PLWPLN00,D,20200403,000000,0.681,0.681,0.681,0.681,0,0
PLWPLN00,D,20200406,000000,0.637,0.637,0.637,0.637,0,0
PLWPLN00,D,20200407,000000,0.692,0.692,0.692,0.692,0,0
PLWPLN00,D,20200408,000000,0.5,0.5,0.5,0.5,0,0
PLWPLN00,D,20200409,000000,0.279,0.279,0.279,0.279,0,0
PLWPLN00,D,20200410,000000,0.333,0.333,0.333,0.333,0,0
PLWPLN00,D,20200414,000000,0.373,0.373,0.373,0.373,0,0
PLWPLN00,D,20200415,000000,0.45,0.45,0.45,0.45,0,0
PLWPLN00,D,20200416,000000,0.402,0.402,0.402,0.402,0,0
PLWPLN00,D,20200417,000000,0.241,0.241,0.241,0.241,0,0
PLWPLN00,D,20200420,000000,0.243,0.243,0.243,0.243,0,0
PLWPLN00,D,20200421,000000,0.182,0.182,0.182,0.182,0,0
PLWPLN00,D,20200422,000000,0.13,0.13,0.13,0.13,0,0
PLWPLN00,D,20200423,000000,0.122,0.122,0.122,0.122,0,0
PLWPLN00,D,20200424,000000,0.18,0.18,0.18,0.18,0,0
PLWPLN00,D,20200427,000000,0.095,0.095,0.095,0.095,0,0
PLWPLN00,D,20200428,000000,0.089,0.089,0.089,0.089,0,0
PLWPLN00,D,20200429,000000,0.361,0.361,0.361,0.361,0,0
PLWPLN00,D,20200430,000000,0.109,0.109,0.109,0.109,0,0
PLWPLN00,D,20200504,000000,0.102,0.102,0.102,0.102,0,0
PLWPLN00,D,20200505,000000,0.086,0.086,0.086,0.086,0,0
PLWPLN00,D,20200506,000000,0.077,0.077,0.077,0.077,0,0
PLWPLN00,D,20200507,000000,0.041,0.041,0.041,0.041,0,0
PLWPLN00,D,20200508,000000,0.077,0.077,0.077,0.077,0,0
PLWPLN00,D,20200511,000000,0.08,0.08,0.08,0.08,0,0
PLWPLN00,D,20200512,000000,0.129,0.129,0.129,0.129,0,0
PLWPLN00,D,20200513,000000,0.131,0.131,0.131,0.131,0,0
PLWPLN00,D,20200514,000000,0.155,0.155,0.155,0.155,0,0
PLWPLN00,D,20200515,000000,0.065,0.065,0.065,0.065,0,0
PLWPLN00,D,20200518,000000,0.042,0.042,0.042,0.042,0,0
PLWPLN00,D,20200519,000000,0.05,0.05,0.05,0.05,0,0
PLWPLN00,D,20200520,000000,0.046,0.046,0.046,0.046,0,0
PLWPLN00,D,20200521,000000,0.044,0.044,0.044,0.044,0,0
PLWPLN00,D,20200522,000000,0.038,0.038,0.038,0.038,0,0
PLWPLN00,D,20200525,000000,0.046,0.046,0.046,0.046,0,0
PLWPLN00,D,20200526,000000,0.073,0.073,0.073,0.073,0,0
PLWPLN00,D,20200527,000000,0.089,0.089,0.089,0.089,0,0
PLWPLN00,D,20200528,000000,0.072,0.072,0.072,0.072,0,0
PLWPLN00,D,20200529,000000,0.06,0.06,0.06,0.06,0,0
PLWPLN00,D,20200601,000000,0.046,0.046,0.046,0.046,0,0
PLWPLN00,D,20200602,000000,0.047,0.047,0.047,0.047,0,0
PLWPLN00,D,20200603,000000,0.03,0.03,0.03,0.03,0,0
PLWPLN00,D,20200604,000000,0.033,0.033,0.033,0.033,0,0
PLWPLN00,D,20200605,000000,0.043,0.043,0.043,0.043,0,0
PLWPLN00,D,20200608,000000,0.011,0.011,0.011,0.011,0,0
PLWPLN00,D,20200609,000000,0.013,0.013,0.013,0.013,0,0
PLWPLN00,D,20200610,000000,0.013,0.013,0.013,0.013,0,0
PLWPLN00,D,20200612,000000,0.021,0.021,0.021,0.021,0,0
PLWPLN00,D,20200615,000000,0.042,0.042,0.042,0.042,0,0
PLWPLN00,D,20200616,000000,0.034,0.034,0.034,0.034,0,0
PLWPLN00,D,20200617,000000,0.028,0.028,0.028,0.028,0,0
PLWPLN00,D,20200618,000000,0.016,0.016,0.016,0.016,0,0
PLWPLN00,D,20200619,000000,0.022,0.022,0.022,0.022,0,0
PLWPLN00,D,20200622,000000,0.031,0.031,0.031,0.031,0,0
PLWPLN00,D,20200623,000000,0.025,0.025,0.025,0.025,0,0
PLWPLN00,D,20200624,000000,0.016,0.016,0.016,0.016,0,0
PLWPLN00,D,20200625,000000,0.024,0.024,0.024,0.024,0,0
PLWPLN00,D,20200626,000000,0.014,0.014,0.014,0.014,0,0
PLWPLN00,D,20200629,000000,0.013,0.013,0.013,0.013,0,0
PLWPLN00,D,20200630,000000,0.011,0.011,0.011,0.011,0,0
PLWPLN00,D,20200701,000000,0.017,0.017,0.017,0.017,0,0
PLWPLN00,D,20200702,000000,0.009,0.009,0.009,0.009,0,0
PLWPLN00,D,20200703,000000,0.015,0.015,0.015,0.015,0,0
PLWPLN00,D,20200706,000000,0.023,0.023,0.023,0.023,0,0
PLWPLN00,D,20200707,000000,0.018,0.018,0.018,0.018,0,0
PLWPLN00,D,20200708,000000,0.016,0.016,0.016,0.016,0,0
PLWPLN00,D,20200709,000000,0.014,0.014,0.014,0.014,0,0
PLWPLN00,D,20200710,000000,0.02,0.02,0.02,0.02,0,0
PLWPLN00,D,20200713,000000,0.014,0.014,0.014,0.014,0,0
PLWPLN00,D,20200714,000000,0.016,0.016,0.016,0.016,0,0
PLWPLN00,D,20200715,000000,0.02,0.02,0.02,0.02,0,0
PLWPLN00,D,20200716,000000,0.022,0.022,0.022,0.022,0,0
PLWPLN00,D,20200717,000000,0.02,0.02,0.02,0.02,0,0
PLWPLN00,D,20200720,000000,0.024,0.024,0.024,0.024,0,0
PLWPLN00,D,20200721,000000,0.023,0.023,0.023,0.023,0,0
PLWPLN00,D,20200722,000000,0.02,0.02,0.02,0.02,0,0
PLWPLN00,D,20200723,000000,0.019,0.019,0.019,0.019,0,0
PLWPLN00,D,20200724,000000,0.018,0.018,0.018,0.018,0,0
PLWPLN00,D,20200727,000000,0.026,0.026,0.026,0.026,0,0
PLWPLN00,D,20200728,000000,0.023,0.023,0.023,0.023,0,0
PLWPLN00,D,20200729,000000,0.023,0.023,0.023,0.023,0,0
PLWPLN00,D,20200730,000000,0.017,0.017,0.017,0.017,0,0
PLWPLN00,D,20200731,000000,0.017,0.017,0.017,0.017,0,0
PLWPLN00,D,20200803,000000,0.016,0.016,0.016,0.016,0,0
PLWPLN00,D,20200804,000000,0.016,0.016,0.016,0.016,0,0
PLWPLN00,D,20200805,000000,0.017,0.017,0.017,0.017,0,0
PLWPLN00,D,20200806,000000,0.018,0.018,0.018,0.018,0,0
PLWPLN00,D,20200807,000000,0.023,0.023,0.023,0.023,0,0
PLWPLN00,D,20200810,000000,0.021,0.021,0.021,0.021,0,0
PLWPLN00,D,20200811,000000,0.017,0.017,0.017,0.017,0,0
PLWPLN00,D,20200812,000000,0.018,0.018,0.018,0.018,0,0
PLWPLN00,D,20200813,000000,0.018,0.018,0.018,0.018,0,0
PLWPLN00,D,20200814,000000,0.02,0.02,0.02,0.02,0,0
PLWPLN00,D,20200817,000000,0.027,0.027,0.027,0.027,0,0
PLWPLN00,D,20200818,000000,0.024,0.024,0.024,0.024,0,0
PLWPLN00,D,20200819,000000,0.021,0.021,0.021,0.021,0,0
PLWPLN00,D,20200820,000000,0.023,0.023,0.023,0.023,0,0
PLWPLN00,D,20200821,000000,0.018,0.018,0.018,0.018,0,0
PLWPLN00,D,20200824,000000,0.015,0.015,0.015,0.015,0,0
PLWPLN00,D,20200825,000000,0.016,0.016,0.016,0.016,0,0
PLWPLN00,D,20200826,000000,0.022,0.022,0.022,0.022,0,0
PLWPLN00,D,20200827,000000,0.02,0.02,0.02,0.02,0,0
PLWPLN00,D,20200828,000000,0.018,0.018,0.018,0.018,0,0
PLWPLN00,D,20200831,000000,0.025,0.025,0.025,0.025,0,0
PLWPLN00,D,20200901,000000,0.019,0.019,0.019,0.019,0,0
PLWPLN00,D,20200902,000000,0.019,0.019,0.019,0.019,0,0
PLWPLN00,D,20200903,000000,0.015,0.015,0.015,0.015,0,0
PLWPLN00,D,20200904,000000,0.013,0.013,0.013,0.013,0,0
PLWPLN00,D,20200907,000000,0.016,0.016,0.016,0.016,0,0
PLWPLN00,D,20200908,000000,0.017,0.017,0.017,0.017,0,0
PLWPLN00,D,20200909,000000,0.023,0.023,0.023,0.023,0,0
PLWPLN00,D,20200910,000000,0.017,0.017,0.017,0.017,0,0
PLWPLN00,D,20200911,000000,0.019,0.019,0.019,0.019,0,0
PLWPLN00,D,20200914,000000,0.015,0.015,0.015,0.015,0,0
PLWPLN00,D,20200915,000000,0.023,0.023,0.023,0.023,0,0
PLWPLN00,D,20200916,000000,0.029,0.029,0.029,0.029,0,0
PLWPLN00,D,20200917,000000,0.016,0.016,0.016,0.016,0,0
PLWPLN00,D,20200918,000000,0.013,0.013,0.013,0.013,0,0
PLWPLN00,D,20200921,000000,0.022,0.022,0.022,0.022,0,0
PLWPLN00,D,20200922,000000,0.018,0.018,0.018,0.018,0,0
PLWPLN00,D,20200923,000000,0.019,0.019,0.019,0.019,0,0
PLWPLN00,D,20200924,000000,0.014,0.014,0.014,0.014,0,0
PLWPLN00,D,20200925,000000,0.015,0.015,0.015,0.015,0,0
PLWPLN00,D,20200928,000000,0.02,0.02,0.02,0.02,0,0
PLWPLN00,D,20200929,000000,0.02,0.02,0.02,0.02,0,0
PLWPLN00,D,20200930,000000,0.026,0.026,0.026,0.026,0,0
PLWPLN00,D,20201001,000000,0.029,0.029,0.029,0.029,0,0
PLWPLN00,D,20201002,000000,0.027,0.027,0.027,0.027,0,0
PLWPLN00,D,20201005,000000,0.036,0.036,0.036,0.036,0,0
PLWPLN00,D,20201006,000000,0.033,0.033,0.033,0.033,0,0
PLWPLN00,D,20201007,000000,0.032,0.032,0.032,0.032,0,0
PLWPLN00,D,20201008,000000,0.054,0.054,0.054,0.054,0,0
PLWPLN00,D,20201009,000000,0.021,0.021,0.021,0.021,0,0
PLWPLN00,D,20201012,000000,0.011,0.011,0.011,0.011,0,0
PLWPLN00,D,20201013,000000,0.014,0.014,0.014,0.014,0,0
PLWPLN00,D,20201014,000000,0.024,0.024,0.024,0.024,0,0
PLWPLN00,D,20201015,000000,0.021,0.021,0.021,0.021,0,0
PLWPLN00,D,20201016,000000,0.019,0.019,0.019,0.019,0,0
PLWPLN00,D,20201019,000000,0.023,0.023,0.023,0.023,0,0
PLWPLN00,D,20201020,000000,0.031,0.031,0.031,0.031,0,0
PLWPLN00,D,20201021,000000,0.025,0.025,0.025,0.025,0,0
PLWPLN00,D,20201022,000000,0.024,0.024,0.024,0.024,0,0
PLWPLN00,D,20201023,000000,0.019,0.019,0.019,0.019,0,0
PLWPLN00,D,20201026,000000,0.024,0.024,0.024,0.024,0,0
PLWPLN00,D,20201027,000000,0.021,0.021,0.021,0.021,0,0
PLWPLN00,D,20201028,000000,0.018,0.018,0.018,0.018,0,0
PLWPLN00,D,20201029,000000,0.012,0.012,0.012,0.012,0,0
PLWPLN00,D,20201030,000000,0.015,0.015,0.015,0.015,0,0
PLWPLN00,D,20201102,000000,0.022,0.022,0.022,0.022,0,0
PLWPLN00,D,20201103,000000,0.012,0.012,0.012,0.012,0,0
PLWPLN00,D,20201104,000000,0.013,0.013,0.013,0.013,0,0
PLWPLN00,D,20201105,000000,0.014,0.014,0.014,0.014,0,0
PLWPLN00,D,20201106,000000,0.009,0.009,0.009,0.009,0,0
PLWPLN00,D,20201109,000000,0.015,0.015,0.015,0.015,0,0
PLWPLN00,D,20201110,000000,0.014,0.014,0.014,0.014,0,0
PLWPLN00,D,20201112,000000,0.022,0.022,0.022,0.022,0,0
PLWPLN00,D,20201113,000000,0.012,0.012,0.012,0.012,0,0
PLWPLN00,D,20201116,000000,0.017,0.017,0.017,0.017,0,0
PLWPLN00,D,20201117,000000,0.022,0.022,0.022,0.022,0,0
PLWPLN00,D,20201118,000000,0.024,0.024,0.024,0.024,0,0
PLWPLN00,D,20201119,000000,0.019,0.019,0.019,0.019,0,0
PLWPLN00,D,20201120,000000,0.017,0.017,0.017,0.017,0,0
PLWPLN00,D,20201123,000000,0.026,0.026,0.026,0.026,0,0
PLWPLN00,D,20201124,000000,0.015,0.015,0.015,0.015,0,0
PLWPLN00,D,20201125,000000,0.018,0.018,0.018,0.018,0,0
PLWPLN00,D,20201126,000000,0.012,0.012,0.012,0.012,0,0
PLWPLN00,D,20201127,000000,0.011,0.011,0.011,0.011,0,0
PLWPLN00,D,20201130,000000,0.015,0.015,0.015,0.015,0,0
PLWPLN00,D,20201201,000000,0.011,0.011,0.011,0.011,0,0
PLWPLN00,D,20201202,000000,0.013,0.013,0.013,0.013,0,0
PLWPLN00,D,20201203,000000,-0.012,-0.012,-0.012,-0.012,0,0
PLWPLN00,D,20201204,000000,0.013,0.013,0.013,0.013,0,0
PLWPLN00,D,20201207,000000,0.014,0.014,0.014,0.014,0,0
PLWPLN00,D,20201208,000000,0.007,0.007,0.007,0.007,0,0
PLWPLN00,D,20201209,000000,0.008,0.008,0.008,0.008,0,0
PLWPLN00,D,20201210,000000,0.013,0.013,0.013,0.013,0,0
PLWPLN00,D,20201211,000000,0.013,0.013,0.013,0.013,0,0
PLWPLN00,D,20201214,000000,-0.003,-0.003,-0.003,-0.003,0,0
PLWPLN00,D,20201215,000000,0.014,0.014,0.014,0.014,0,0
PLWPLN00,D,20201216,000000,0.015,0.015,0.015,0.015,0,0
PLWPLN00,D,20201217,000000,0.011,0.011,0.011,0.011,0,0
PLWPLN00,D,20201218,000000,0.009,0.009,0.009,0.009,0,0
PLWPLN00,D,20201221,000000,0.003,0.003,0.003,0.003,0,0
PLWPLN00,D,20201222,000000,0.012,0.012,0.012,0.012,0,0
PLWPLN00,D,20201223,000000,-0.014,-0.014,-0.014,-0.014,0,0
PLWPLN00,D,20201224,000000,-0.036,-0.036,-0.036,-0.036,0,0
PLWPLN00,D,20201228,000000,0.009,0.009,0.009,0.009,0,0
PLWPLN00,D,20201229,000000,0.014,0.014,0.014,0.014,0,0
PLWPLN00,D,20201230,000000,0.015,0.015,0.015,0.015,0,0
PLWPLN00,D,20201231,000000,0.003,0.003,0.003,0.003,0,0
PLWPLN00,D,20210104,000000,-0.011,-0.011,-0.011,-0.011,0,0
PLWPLN00,D,20210105,000000,-0.04,-0.04,-0.04,-0.04,0,0
PLWPLN00,D,20210107,000000,-0.021,-0.021,-0.021,-0.021,0,0
PLWPLN00,D,20210108,000000,0.005,0.005,0.005,0.005,0,0
PLWPLN00,D,20210111,000000,-0.055,-0.055,-0.055,-0.055,0,0
PLWPLN00,D,20210112,000000,-0.013,-0.013,-0.013,-0.013,0,0
PLWPLN00,D,20210113,000000,-0.02,-0.02,-0.02,-0.02,0,0
PLWPLN00,D,20210114,000000,-0.007,-0.007,-0.007,-0.007,0,0
PLWPLN00,D,20210115,000000,0.007,0.007,0.007,0.007,0,0
PLWPLN00,D,20210118,000000,-0.001,-0.001,-0.001,-0.001,0,0
PLWPLN00,D,20210119,000000,-0.036,-0.036,-0.036,-0.036,0,0
PLWPLN00,D,20210120,000000,0.009,0.009,0.009,0.009,0,0
PLWPLN00,D,20210121,000000,0.011,0.011,0.011,0.011,0,0
PLWPLN00,D,20210122,000000,0.008,0.008,0.008,0.008,0,0
PLWPLN00,D,20210125,000000,0.01,0.01,0.01,0.01,0,0
PLWPLN00,D,20210126,000000,0.014,0.014,0.014,0.014,0,0
PLWPLN00,D,20210127,000000,0.018,0.018,0.018,0.018,0,0
PLWPLN00,D,20210128,000000,0.018,0.018,0.018,0.018,0,0
PLWPLN00,D,20210129,000000,-0.01,-0.01,-0.01,-0.01,0,0
PLWPLN00,D,20210201,000000,0.007,0.007,0.007,0.007,0,0
PLWPLN00,D,20210202,000000,0.007,0.007,0.007,0.007,0,0
PLWPLN00,D,20210203,000000,0.012,0.012,0.012,0.012,0,0
PLWPLN00,D,20210204,000000,0.005,0.005,0.005,0.005,0,0
PLWPLN00,D,20210205,000000,0.018,0.018,0.018,0.018,0,0
PLWPLN00,D,20210208,000000,0.008,0.008,0.008,0.008,0,0
PLWPLN00,D,20210209,000000,0.012,0.012,0.012,0.012,0,0
PLWPLN00,D,20210210,000000,0.01,0.01,0.01,0.01,0,0
PLWPLN00,D,20210211,000000,0.01,0.01,0.01,0.01,0,0
PLWPLN00,D,20210212,000000,0.01,0.01,0.01,0.01,0,0
PLWPLN00,D,20210215,000000,0.013,0.013,0.013,0.013,0,0
PLWPLN00,D,20210216,000000,0.012,0.012,0.012,0.012,0,0
PLWPLN00,D,20210217,000000,0.012,0.012,0.012,0.012,0,0
PLWPLN00,D,20210218,000000,0.013,0.013,0.013,0.013,0,0
PLWPLN00,D,20210219,000000,0.009,0.009,0.009,0.009,0,0
PLWPLN00,D,20210222,000000,-0.009,-0.009,-0.009,-0.009,0,0
PLWPLN00,D,20210223,000000,0.01,0.01,0.01,0.01,0,0
PLWPLN00,D,20210224,000000,-0.002,-0.002,-0.002,-0.002,0,0
PLWPLN00,D,20210225,000000,0.009,0.009,0.009,0.009,0,0
PLWPLN00,D,20210226,000000,-0.004,-0.004,-0.004,-0.004,0,0
PLWPLN00,D,20210301,000000,0.007,0.007,0.007,0.007,0,0
PLWPLN00,D,20210302,000000,0.007,0.007,0.007,0.007,0,0
PLWPLN00,D,20210303,000000,0.01,0.01,0.01,0.01,0,0
PLWPLN00,D,20210304,000000,0.009,0.009,0.009,0.009,0,0
PLWPLN00,D,20210305,000000,0.013,0.013,0.013,0.013,0,0
PLWPLN00,D,20210308,000000,0.014,0.014,0.014,0.014,0,0
PLWPLN00,D,20210309,000000,0.01,0.01,0.01,0.01,0,0
PLWPLN00,D,20210310,000000,0.013,0.013,0.013,0.013,0,0
PLWPLN00,D,20210311,000000,0.012,0.012,0.012,0.012,0,0
PLWPLN00,D,20210312,000000,0.014,0.014,0.014,0.014,0,0
PLWPLN00,D,20210315,000000,0.019,0.019,0.019,0.019,0,0
PLWPLN00,D,20210316,000000,0.017,0.017,0.017,0.017,0,0
PLWPLN00,D,20210317,000000,0.017,0.017,0.017,0.017,0,0
PLWPLN00,D,20210318,000000,0.017,0.017,0.017,0.017,0,0
PLWPLN00,D,20210319,000000,0.015,0.015,0.015,0.015,0,0
PLWPLN00,D,20210322,000000,0.016,0.016,0.016,0.016,0,0
PLWPLN00,D,20210323,000000,0.012,0.012,0.012,0.012,0,0
PLWPLN00,D,20210324,000000,0.011,0.011,0.011,0.011,0,0
PLWPLN00,D,20210325,000000,0.015,0.015,0.015,0.015,0,0
PLWPLN00,D,20210326,000000,0.01,0.01,0.01,0.01,0,0
PLWPLN00,D,20210329,000000,0.012,0.012,0.012,0.012,0,0
PLWPLN00,D,20210330,000000,0.012,0.012,0.012,0.012,0,0
PLWPLN00,D,20210331,000000,0.013,0.013,0.013,0.013,0,0
PLWPLN00,D,20210401,000000,0.01,0.01,0.01,0.01,0,0
PLWPLN00,D,20210402,000000,0.013,0.013,0.013,0.013,0,0
PLWPLN00,D,20210406,000000,0.011,0.011,0.011,0.011,0,0
PLWPLN00,D,20210407,000000,0.011,0.011,0.011,0.011,0,0
PLWPLN00,D,20210408,000000,0.01,0.01,0.01,0.01,0,0
PLWPLN00,D,20210409,000000,0.01,0.01,0.01,0.01,0,0
PLWPLN00,D,20210412,000000,0.013,0.013,0.013,0.013,0,0
PLWPLN00,D,20210413,000000,0.01,0.01,0.01,0.01,0,0
PLWPLN00,D,20210414,000000,0.012,0.012,0.012,0.012,0,0
PLWPLN00,D,20210415,000000,0.016,0.016,0.016,0.016,0,0
PLWPLN00,D,20210416,000000,0.015,0.015,0.015,0.015,0,0
PLWPLN00,D,20210419,000000,0.012,0.012,0.012,0.012,0,0
PLWPLN00,D,20210420,000000,0.011,0.011,0.011,0.011,0,0
PLWPLN00,D,20210421,000000,0.01,0.01,0.01,0.01,0,0
PLWPLN00,D,20210422,000000,0.01,0.01,0.01,0.01,0,0
PLWPLN00,D,20210423,000000,0.01,0.01,0.01,0.01,0,0
PLWPLN00,D,20210426,000000,0.012,0.012,0.012,0.012,0,0
PLWPLN00,D,20210427,000000,0.018,0.018,0.018,0.018,0,0
PLWPLN00,D,20210428,000000,0.019,0.019,0.019,0.019,0,0
PLWPLN00,D,20210429,000000,0.02,0.02,0.02,0.02,0,0
PLWPLN00,D,20210430,000000,-0.009,-0.009,-0.009,-0.009,0,0
PLWPLN00,D,20210504,000000,0.01,0.01,0.01,0.01,0,0
PLWPLN00,D,20210505,000000,0.009,0.009,0.009,0.009,0,0
PLWPLN00,D,20210506,000000,0.006,0.006,0.006,0.006,0,0
PLWPLN00,D,20210507,000000,0.014,0.014,0.014,0.014,0,0
PLWPLN00,D,20210510,000000,0.014,0.014,0.014,0.014,0,0
PLWPLN00,D,20210511,000000,0.01,0.01,0.01,0.01,0,0
PLWPLN00,D,20210512,000000,0.008,0.008,0.008,0.008,0,0
PLWPLN00,D,20210513,000000,0.008,0.008,0.008,0.008,0,0
PLWPLN00,D,20210514,000000,0.01,0.01,0.01,0.01,0,0
PLWPLN00,D,20210517,000000,0.011,0.011,0.011,0.011,0,0
PLWPLN00,D,20210518,000000,0.012,0.012,0.012,0.012,0,0
PLWPLN00,D,20210519,000000,0.01,0.01,0.01,0.01,0,0
PLWPLN00,D,20210520,000000,0.008,0.008,0.008,0.008,0,0
PLWPLN00,D,20210521,000000,0.01,0.01,0.01,0.01,0,0
PLWPLN00,D,20210524,000000,0.008,0.008,0.008,0.008,0,0
PLWPLN00,D,20210525,000000,0.007,0.007,0.007,0.007,0,0
PLWPLN00,D,20210526,000000,0.011,0.011,0.011,0.011,0,0
PLWPLN00,D,20210527,000000,0.013,0.013,0.013,0.013,0,0
PLWPLN00,D,20210528,000000,-0.018,-0.018,-0.018,-0.018,0,0
PLWPLN00,D,20210531,000000,-0.022,-0.022,-0.022,-0.022,0,0
PLWPLN00,D,20210601,000000,0.008,0.008,0.008,0.008,0,0
PLWPLN00,D,20210602,000000,-0.017,-0.017,-0.017,-0.017,0,0
PLWPLN00,D,20210604,000000,0.008,0.008,0.008,0.008,0,0
PLWPLN00,D,20210607,000000,0.007,0.007,0.007,0.007,0,0
PLWPLN00,D,20210608,000000,0.009,0.009,0.009,0.009,0,0
PLWPLN00,D,20210609,000000,0.01,0.01,0.01,0.01,0,0
PLWPLN00,D,20210610,000000,0.011,0.011,0.011,0.011,0,0
PLWPLN00,D,20210611,000000,0.011,0.011,0.011,0.011,0,0
PLWPLN00,D,20210614,000000,0.01,0.01,0.01,0.01,0,0
PLWPLN00,D,20210615,000000,0.015,0.015,0.015,0.015,0,0
PLWPLN00,D,20210616,000000,0.013,0.013,0.013,0.013,0,0
PLWPLN00,D,20210617,000000,0.014,0.014,0.014,0.014,0,0
PLWPLN00,D,20210618,000000,0.012,0.012,0.012,0.012,0,0
PLWPLN00,D,20210621,000000,0.008,0.008,0.008,0.008,0,0
PLWPLN00,D,20210622,000000,0.016,0.016,0.016,0.016,0,0
PLWPLN00,D,20210623,000000,0.014,0.014,0.014,0.014,0,0
PLWPLN00,D,20210624,000000,0.01,0.01,0.01,0.01,0,0
PLWPLN00,D,20210625,000000,0.003,0.003,0.003,0.003,0,0
PLWPLN00,D,20210628,000000,0.011,0.011,0.011,0.011,0,0
PLWPLN00,D,20210629,000000,0.007,0.007,0.007,0.007,0,0
PLWPLN00,D,20210630,000000,0.015,0.015,0.015,0.015,0,0
PLWPLN00,D,20210701,000000,0.01,0.01,0.01,0.01,0,0
PLWPLN00,D,20210702,000000,0.02,0.02,0.02,0.02,0,0
PLWPLN00,D,20210705,000000,0.012,0.012,0.012,0.012,0,0
PLWPLN00,D,20210706,000000,0.014,0.014,0.014,0.014,0,0
PLWPLN00,D,20210707,000000,0.015,0.015,0.015,0.015,0,0
PLWPLN00,D,20210708,000000,0.01,0.01,0.01,0.01,0,0
PLWPLN00,D,20210709,000000,0.013,0.013,0.013,0.013,0,0
PLWPLN00,D,20210712,000000,0.014,0.014,0.014,0.014,0,0
PLWPLN00,D,20210713,000000,0.011,0.011,0.011,0.011,0,0
PLWPLN00,D,20210714,000000,0.01,0.01,0.01,0.01,0,0
PLWPLN00,D,20210715,000000,0.015,0.015,0.015,0.015,0,0
PLWPLN00,D,20210716,000000,0.016,0.016,0.016,0.016,0,0
PLWPLN00,D,20210719,000000,0.015,0.015,0.015,0.015,0,0
PLWPLN00,D,20210720,000000,0.01,0.01,0.01,0.01,0,0
PLWPLN00,D,20210721,000000,0.013,0.013,0.013,0.013,0,0
PLWPLN00,D,20210722,000000,0.013,0.013,0.013,0.013,0,0
PLWPLN00,D,20210723,000000,0.012,0.012,0.012,0.012,0,0
PLWPLN00,D,20210726,000000,0.017,0.017,0.017,0.017,0,0
PLWPLN00,D,20210727,000000,0.018,0.018,0.018,0.018,0,0
PLWPLN00,D,20210728,000000,0.017,0.017,0.017,0.017,0,0
PLWPLN00,D,20210729,000000,0.016,0.016,0.016,0.016,0,0
PLWPLN00,D,20210730,000000,0.011,0.011,0.011,0.011,0,0
PLWPLN00,D,20210802,000000,-0.001,-0.001,-0.001,-0.001,0,0
PLWPLN00,D,20210803,000000,0.004,0.004,0.004,0.004,0,0
PLWPLN00,D,20210805,000000,0.007,0.007,0.007,0.007,0,0
PLWPLN00,D,20210806,000000,0.01,0.01,0.01,0.01,0,0
PLWPLN00,D,20210809,000000,0.008,0.008,0.008,0.008,0,0
PLWPLN00,D,20210810,000000,0.012,0.012,0.012,0.012,0,0
PLWPLN00,D,20210811,000000,0.011,0.011,0.011,0.011,0,0
PLWPLN00,D,20210812,000000,0.011,0.011,0.011,0.011,0,0
PLWPLN00,D,20210813,000000,0.015,0.015,0.015,0.015,0,0
PLWPLN00,D,20210816,000000,0.02,0.02,0.02,0.02,0,0
PLWPLN00,D,20210817,000000,0.015,0.015,0.015,0.015,0,0
PLWPLN00,D,20210818,000000,0.015,0.015,0.015,0.015,0,0
PLWPLN00,D,20210819,000000,0.012,0.012,0.012,0.012,0,0
PLWPLN00,D,20210820,000000,0.013,0.013,0.013,0.013,0,0
PLWPLN00,D,20210823,000000,0.015,0.015,0.015,0.015,0,0
PLWPLN00,D,20210824,000000,0.014,0.014,0.014,0.014,0,0
PLWPLN00,D,20210825,000000,0.017,0.017,0.017,0.017,0,0
PLWPLN00,D,20210826,000000,0.017,0.017,0.017,0.017,0,0
PLWPLN00,D,20210827,000000,0.014,0.014,0.014,0.014,0,0
PLWPLN00,D,20210830,000000,0.016,0.016,0.016,0.016,0,0
PLWPLN00,D,20210831,000000,0.018,0.018,0.018,0.018,0,0
PLWPLN00,D,20210901,000000,0.014,0.014,0.014,0.014,0,0
PLWPLN00,D,20210902,000000,0.012,0.012,0.012,0.012,0,0
PLWPLN00,D,20210903,000000,0.008,0.008,0.008,0.008,0,0
PLWPLN00,D,20210906,000000,0.007,0.007,0.007,0.007,0,0
PLWPLN00,D,20210907,000000,0.008,0.008,0.008,0.008,0,0
PLWPLN00,D,20210908,000000,0.01,0.01,0.01,0.01,0,0
PLWPLN00,D,20210909,000000,0.01,0.01,0.01,0.01,0,0
PLWPLN00,D,20210910,000000,0.011,0.011,0.011,0.011,0,0
PLWPLN00,D,20210913,000000,0.009,0.009,0.009,0.009,0,0
PLWPLN00,D,20210914,000000,0.011,0.011,0.011,0.011,0,0
PLWPLN00,D,20210915,000000,0.017,0.017,0.017,0.017,0,0
PLWPLN00,D,20210916,000000,0.016,0.016,0.016,0.016,0,0
PLWPLN00,D,20210917,000000,0.015,0.015,0.015,0.015,0,0
PLWPLN00,D,20210920,000000,0.018,0.018,0.018,0.018,0,0
PLWPLN00,D,20210921,000000,0.017,0.017,0.017,0.017,0,0
PLWPLN00,D,20210922,000000,0.014,0.014,0.014,0.014,0,0
PLWPLN00,D,20210923,000000,0.015,0.015,0.015,0.015,0,0
PLWPLN00,D,20210924,000000,0.003,0.003,0.003,0.003,0,0
PLWPLN00,D,20210927,000000,0.014,0.014,0.014,0.014,0,0
PLWPLN00,D,20210928,000000,0.017,0.017,0.017,0.017,0,0
PLWPLN00,D,20210929,000000,0.018,0.018,0.018,0.018,0,0
PLWPLN00,D,20210930,000000,0.025,0.025,0.025,0.025,0,0
PLWPLN00,D,20211001,000000,0.019,0.019,0.019,0.019,0,0
PLWPLN00,D,20211004,000000,0.015,0.015,0.015,0.015,0,0
PLWPLN00,D,20211005,000000,0.011,0.011,0.011,0.011,0,0
PLWPLN00,D,20211006,000000,0.009,0.009,0.009,0.009,0,0
PLWPLN00,D,20211007,000000,0.051,0.051,0.051,0.051,0,0
PLWPLN00,D,20211008,000000,0.089,0.089,0.089,0.089,0,0
PLWPLN00,D,20211011,000000,0.058,0.058,0.058,0.058,0,0
PLWPLN00,D,20211012,000000,0.103,0.103,0.103,0.103,0,0
PLWPLN00,D,20211013,000000,0.064,0.064,0.064,0.064,0,0
PLWPLN00,D,20211014,000000,0.073,0.073,0.073,0.073,0,0
PLWPLN00,D,20211015,000000,0.172,0.172,0.172,0.172,0,0
PLWPLN00,D,20211018,000000,0.177,0.177,0.177,0.177,0,0
PLWPLN00,D,20211019,000000,0.147,0.147,0.147,0.147,0,0
PLWPLN00,D,20211020,000000,0.14,0.14,0.14,0.14,0,0
PLWPLN00,D,20211021,000000,0.14,0.14,0.14,0.14,0,0
PLWPLN00,D,20211022,000000,0.099,0.099,0.099,0.099,0,0
PLWPLN00,D,20211025,000000,0.088,0.088,0.088,0.088,0,0
PLWPLN00,D,20211026,000000,0.082,0.082,0.082,0.082,0,0
PLWPLN00,D,20211027,000000,0.087,0.087,0.087,0.087,0,0
PLWPLN00,D,20211028,000000,0.106,0.106,0.106,0.106,0,0
PLWPLN00,D,20211029,000000,0.024,0.024,0.024,0.024,0,0
PLWPLN00,D,20211102,000000,0.118,0.118,0.118,0.118,0,0
PLWPLN00,D,20211103,000000,0.128,0.128,0.128,0.128,0,0
PLWPLN00,D,20211104,000000,0.789,0.789,0.789,0.789,0,0
PLWPLN00,D,20211105,000000,0.8,0.8,0.8,0.8,0,0
PLWPLN00,D,20211108,000000,0.863,0.863,0.863,0.863,0,0
PLWPLN00,D,20211109,000000,0.76,0.76,0.76,0.76,0,0
PLWPLN00,D,20211110,000000,0.72,0.72,0.72,0.72,0,0
PLWPLN00,D,20211112,000000,0.764,0.764,0.764,0.764,0,0
PLWPLN00,D,20211115,000000,0.826,0.826,0.826,0.826,0,0
PLWPLN00,D,20211116,000000,0.811,0.811,0.811,0.811,0,0
PLWPLN00,D,20211117,000000,0.762,0.762,0.762,0.762,0,0
PLWPLN00,D,20211118,000000,0.804,0.804,0.804,0.804,0,0
PLWPLN00,D,20211119,000000,0.792,0.792,0.792,0.792,0,0
PLWPLN00,D,20211122,000000,0.836,0.836,0.836,0.836,0,0
PLWPLN00,D,20211123,000000,0.852,0.852,0.852,0.852,0,0
PLWPLN00,D,20211124,000000,0.781,0.781,0.781,0.781,0,0
PLWPLN00,D,20211125,000000,0.817,0.817,0.817,0.817,0,0
PLWPLN00,D,20211126,000000,0.773,0.773,0.773,0.773,0,0
PLWPLN00,D,20211129,000000,0.693,0.693,0.693,0.693,0,0
PLWPLN00,D,20211130,000000,0.93,0.93,0.93,0.93,0,0
PLWPLN00,D,20211201,000000,1.254,1.254,1.254,1.254,0,0
PLWPLN00,D,20211202,000000,1.133,1.133,1.133,1.133,0,0
PLWPLN00,D,20211203,000000,0.985,0.985,0.985,0.985,0,0
PLWPLN00,D,20211206,000000,0.787,0.787,0.787,0.787,0,0
PLWPLN00,D,20211207,000000,0.761,0.761,0.761,0.761,0,0
PLWPLN00,D,20211208,000000,0.735,0.735,0.735,0.735,0,0
PLWPLN00,D,20211209,000000,1.22,1.22,1.22,1.22,0,0
PLWPLN00,D,20211210,000000,1.301,1.301,1.301,1.301,0,0
PLWPLN00,D,20211213,000000,1.181,1.181,1.181,1.181,0,0
PLWPLN00,D,20211214,000000,1.257,1.257,1.257,1.257,0,0
PLWPLN00,D,20211215,000000,1.255,1.255,1.255,1.255,0,0
PLWPLN00,D,20211216,000000,1.259,1.259,1.259,1.259,0,0
PLWPLN00,D,20211217,000000,1.184,1.184,1.184,1.184,0,0
PLWPLN00,D,20211220,000000,1.188,1.188,1.188,1.188,0,0
PLWPLN00,D,20211221,000000,1.221,1.221,1.221,1.221,0,0
PLWPLN00,D,20211222,000000,1.238,1.238,1.238,1.238,0,0
PLWPLN00,D,20211223,000000,1.245,1.245,1.245,1.245,0,0
PLWPLN00,D,20211224,000000,1.192,1.192,1.192,1.192,0,0
PLWPLN00,D,20211227,000000,1.05,1.05,1.05,1.05,0,0
PLWPLN00,D,20211228,000000,1.203,1.203,1.203,1.203,0,0
PLWPLN00,D,20211229,000000,1.199,1.199,1.199,1.199,0,0
PLWPLN00,D,20211230,000000,1.131,1.131,1.131,1.131,0,0
PLWPLN00,D,20211231,000000,0.558,0.558,0.558,0.558,0,0
PLWPLN00,D,20220103,000000,1.225,1.225,1.225,1.225,0,0
PLWPLN00,D,20220104,000000,1.002,1.002,1.002,1.002,0,0
PLWPLN00,D,20220105,000000,1.63,1.63,1.63,1.63,0,0
PLWPLN00,D,20220107,000000,1.816,1.816,1.816,1.816,0,0
PLWPLN00,D,20220110,000000,1.761,1.761,1.761,1.761,0,0
PLWPLN00,D,20220111,000000,1.648,1.648,1.648,1.648,0,0
PLWPLN00,D,20220112,000000,1.538,1.538,1.538,1.538,0,0
PLWPLN00,D,20220113,000000,1.576,1.576,1.576,1.576,0,0
PLWPLN00,D,20220114,000000,1.547,1.547,1.547,1.547,0,0
PLWPLN00,D,20220117,000000,1.385,1.385,1.385,1.385,0,0
PLWPLN00,D,20220118,000000,1.659,1.659,1.659,1.659,0,0
PLWPLN00,D,20220119,000000,1.692,1.692,1.692,1.692,0,0
PLWPLN00,D,20220120,000000,1.565,1.565,1.565,1.565,0,0
PLWPLN00,D,20220121,000000,1.67,1.67,1.67,1.67,0,0
PLWPLN00,D,20220124,000000,1.665,1.665,1.665,1.665,0,0
PLWPLN00,D,20220125,000000,1.727,1.727,1.727,1.727,0,0
PLWPLN00,D,20220126,000000,1.886,1.886,1.886,1.886,0,0
PLWPLN00,D,20220127,000000,1.862,1.862,1.862,1.862,0,0
PLWPLN00,D,20220128,000000,1.507,1.507,1.507,1.507,0,0
PLWPLN00,D,20220131,000000,1.407,1.407,1.407,1.407,0,0
PLWPLN00,D,20220201,000000,1.473,1.473,1.473,1.473,0,0
PLWPLN00,D,20220202,000000,1.616,1.616,1.616,1.616,0,0
PLWPLN00,D,20220203,000000,1.585,1.585,1.585,1.585,0,0
PLWPLN00,D,20220204,000000,1.795,1.795,1.795,1.795,0,0
PLWPLN00,D,20220207,000000,1.612,1.612,1.612,1.612,0,0
PLWPLN00,D,20220208,000000,1.532,1.532,1.532,1.532,0,0
PLWPLN00,D,20220209,000000,1.867,1.867,1.867,1.867,0,0
PLWPLN00,D,20220210,000000,2.06,2.06,2.06,2.06,0,0
PLWPLN00,D,20220211,000000,2.083,2.083,2.083,2.083,0,0
PLWPLN00,D,20220214,000000,1.84,1.84,1.84,1.84,0,0
PLWPLN00,D,20220215,000000,1.944,1.944,1.944,1.944,0,0
PLWPLN00,D,20220216,000000,2.112,2.112,2.112,2.112,0,0
PLWPLN00,D,20220217,000000,2.224,2.224,2.224,2.224,0,0
PLWPLN00,D,20220218,000000,1.968,1.968,1.968,1.968,0,0
PLWPLN00,D,20220221,000000,2.023,2.023,2.023,2.023,0,0
PLWPLN00,D,20220222,000000,2.152,2.152,2.152,2.152,0,0
PLWPLN00,D,20220223,000000,1.878,1.878,1.878,1.878,0,0
PLWPLN00,D,20220224,000000,2.058,2.058,2.058,2.058,0,0
PLWPLN00,D,20220225,000000,1.771,1.771,1.771,1.771,0,0
PLWPLN00,D,20220228,000000,1.586,1.586,1.586,1.586,0,0
PLWPLN00,D,20220301,000000,2.223,2.223,2.223,2.223,0,0
PLWPLN00,D,20220302,000000,2.443,2.443,2.443,2.443,0,0
PLWPLN00,D,20220303,000000,2.317,2.317,2.317,2.317,0,0
PLWPLN00,D,20220304,000000,2.285,2.285,2.285,2.285,0,0
PLWPLN00,D,20220307,000000,2.292,2.292,2.292,2.292,0,0
PLWPLN00,D,20220308,000000,2.105,2.105,2.105,2.105,0,0
PLWPLN00,D,20220309,000000,2.725,2.725,2.725,2.725,0,0
PLWPLN00,D,20220310,000000,2.866,2.866,2.866,2.866,0,0
PLWPLN00,D,20220311,000000,2.8,2.8,2.8,2.8,0,0
PLWPLN00,D,20220314,000000,2.833,2.833,2.833,2.833,0,0
PLWPLN00,D,20220315,000000,2.866,2.866,2.866,2.866,0,0
PLWPLN00,D,20220316,000000,2.899,2.899,2.899,2.899,0,0
PLWPLN00,D,20220317,000000,2.869,2.869,2.869,2.869,0,0
PLWPLN00,D,20220318,000000,2.799,2.799,2.799,2.799,0,0
PLWPLN00,D,20220321,000000,2.761,2.761,2.761,2.761,0,0
PLWPLN00,D,20220322,000000,2.748,2.748,2.748,2.748,0,0
PLWPLN00,D,20220323,000000,2.853,2.853,2.853,2.853,0,0
PLWPLN00,D,20220324,000000,2.484,2.484,2.484,2.484,0,0
PLWPLN00,D,20220325,000000,2.421,2.421,2.421,2.421,0,0
PLWPLN00,D,20220328,000000,2.602,2.602,2.602,2.602,0,0
PLWPLN00,D,20220329,000000,2.32,2.32,2.32,2.32,0,0
PLWPLN00,D,20220330,000000,2.638,2.638,2.638,2.638,0,0
PLWPLN00,D,20220331,000000,2.312,2.312,2.312,2.312,0,0
PLWPLN00,D,20220401,000000,2.935,2.935,2.935,2.935,0,0
PLWPLN00,D,20220404,000000,3.125,3.125,3.125,3.125,0,0
PLWPLN00,D,20220405,000000,3.289,3.289,3.289,3.289,0,0
PLWPLN00,D,20220406,000000,3.365,3.365,3.365,3.365,0,0
PLWPLN00,D,20220407,000000,4.243,4.243,4.243,4.243,0,0
PLWPLN00,D,20220408,000000,4.115,4.115,4.115,4.115,0,0
PLWPLN00,D,20220411,000000,4.073,4.073,4.073,4.073,0,0
PLWPLN00,D,20220412,000000,3.999,3.999,3.999,3.999,0,0
PLWPLN00,D,20220413,000000,4.016,4.016,4.016,4.016,0,0
PLWPLN00,D,20220414,000000,4.027,4.027,4.027,4.027,0,0
PLWPLN00,D,20220415,000000,3.863,3.863,3.863,3.863,0,0
PLWPLN00,D,20220419,000000,3.949,3.949,3.949,3.949,0,0
PLWPLN00,D,20220420,000000,4.004,4.004,4.004,4.004,0,0
PLWPLN00,D,20220421,000000,3.946,3.946,3.946,3.946,0,0
PLWPLN00,D,20220422,000000,3.93,3.93,3.93,3.93,0,0
PLWPLN00,D,20220425,000000,3.916,3.916,3.916,3.916,0,0
PLWPLN00,D,20220426,000000,3.892,3.892,3.892,3.892,0,0
PLWPLN00,D,20220427,000000,4.053,4.053,4.053,4.053,0,0
PLWPLN00,D,20220428,000000,3.99,3.99,3.99,3.99,0,0
PLWPLN00,D,20220429,000000,3.521,3.521,3.521,3.521,0,0
PLWPLN00,D,20220502,000000,3.905,3.905,3.905,3.905,0,0
PLWPLN00,D,20220504,000000,4.282,4.282,4.282,4.282,0,0
PLWPLN00,D,20220505,000000,4.152,4.152,4.152,4.152,0,0
PLWPLN00,D,20220506,000000,4.747,4.747,4.747,4.747,0,0
PLWPLN00,D,20220509,000000,4.631,4.631,4.631,4.631,0,0
PLWPLN00,D,20220510,000000,4.673,4.673,4.673,4.673,0,0
PLWPLN00,D,20220511,000000,4.751,4.751,4.751,4.751,0,0
PLWPLN00,D,20220512,000000,4.686,4.686,4.686,4.686,0,0
PLWPLN00,D,20220513,000000,4.763,4.763,4.763,4.763,0,0
PLWPLN00,D,20220516,000000,4.667,4.667,4.667,4.667,0,0
PLWPLN00,D,20220517,000000,4.611,4.611,4.611,4.611,0,0
PLWPLN00,D,20220518,000000,4.617,4.617,4.617,4.617,0,0
PLWPLN00,D,20220519,000000,4.654,4.654,4.654,4.654,0,0
PLWPLN00,D,20220520,000000,4.593,4.593,4.593,4.593,0,0
PLWPLN00,D,20220523,000000,4.62,4.62,4.62,4.62,0,0
PLWPLN00,D,20220524,000000,4.814,4.814,4.814,4.814,0,0
PLWPLN00,D,20220525,000000,4.549,4.549,4.549,4.549,0,0
PLWPLN00,D,20220526,000000,4.701,4.701,4.701,4.701,0,0
PLWPLN00,D,20220527,000000,4.721,4.721,4.721,4.721,0,0
PLWPLN00,D,20220530,000000,4.579,4.579,4.579,4.579,0,0
PLWPLN00,D,20220531,000000,4.742,4.742,4.742,4.742,0,0
PLWPLN00,D,20220601,000000,4.745,4.745,4.745,4.745,0,0
PLWPLN00,D,20220602,000000,4.695,4.695,4.695,4.695,0,0
PLWPLN00,D,20220603,000000,5.005,5.005,5.005,5.005,0,0
PLWPLN00,D,20220606,000000,4.837,4.837,4.837,4.837,0,0
PLWPLN00,D,20220607,000000,4.819,4.819,4.819,4.819,0,0
PLWPLN00,D,20220608,000000,4.795,4.795,4.795,4.795,0,0
PLWPLN00,D,20220609,000000,5.322,5.322,5.322,5.322,0,0
PLWPLN00,D,20220610,000000,5.428,5.428,5.428,5.428,0,0
PLWPLN00,D,20220613,000000,5.435,5.435,5.435,5.435,0,0
PLWPLN00,D,20220614,000000,5.375,5.375,5.375,5.375,0,0
PLWPLN00,D,20220615,000000,5.463,5.463,5.463,5.463,0,0
PLWPLN00,D,20220617,000000,5.328,5.328,5.328,5.328,0,0
PLWPLN00,D,20220620,000000,5.007,5.007,5.007,5.007,0,0
PLWPLN00,D,20220621,000000,5.142,5.142,5.142,5.142,0,0
PLWPLN00,D,20220622,000000,5.296,5.296,5.296,5.296,0,0
PLWPLN00,D,20220623,000000,5.252,5.252,5.252,5.252,0,0
PLWPLN00,D,20220624,000000,5.102,5.102,5.102,5.102,0,0
PLWPLN00,D,20220627,000000,4.775,4.775,4.775,4.775,0,0
PLWPLN00,D,20220628,000000,5.332,5.332,5.332,5.332,0,0
PLWPLN00,D,20220629,000000,5.438,5.438,5.438,5.438,0,0
PLWPLN00,D,20220630,000000,5.173,5.173,5.173,5.173,0,0
PLWPLN00,D,20220701,000000,5.84,5.84,5.84,5.84,0,0
PLWPLN00,D,20220704,000000,5.789,5.789,5.789,5.789,0,0
PLWPLN00,D,20220705,000000,5.748,5.748,5.748,5.748,0,0
PLWPLN00,D,20220706,000000,5.826,5.826,5.826,5.826,0,0
PLWPLN00,D,20220707,000000,5.977,5.977,5.977,5.977,0,0
PLWPLN00,D,20220708,000000,6.129,6.129,6.129,6.129,0,0
PLWPLN00,D,20220711,000000,6.016,6.016,6.016,6.016,0,0
PLWPLN00,D,20220712,000000,6.034,6.034,6.034,6.034,0,0
PLWPLN00,D,20220713,000000,6.01,6.01,6.01,6.01,0,0
PLWPLN00,D,20220714,000000,6.095,6.095,6.095,6.095,0,0
PLWPLN00,D,20220715,000000,6.097,6.097,6.097,6.097,0,0
PLWPLN00,D,20220718,000000,5.9,5.9,5.9,5.9,0,0
PLWPLN00,D,20220719,000000,6.026,6.026,6.026,6.026,0,0
PLWPLN00,D,20220720,000000,6.057,6.057,6.057,6.057,0,0
PLWPLN00,D,20220721,000000,6.078,6.078,6.078,6.078,0,0
PLWPLN00,D,20220722,000000,6.101,6.101,6.101,6.101,0,0
PLWPLN00,D,20220725,000000,6.364,6.364,6.364,6.364,0,0
PLWPLN00,D,20220726,000000,6.082,6.082,6.082,6.082,0,0
PLWPLN00,D,20220727,000000,6.081,6.081,6.081,6.081,0,0
PLWPLN00,D,20220728,000000,6.075,6.075,6.075,6.075,0,0
PLWPLN00,D,20220729,000000,5.809,5.809,5.809,5.809,0,0
PLWPLN00,D,20220801,000000,6.326,6.326,6.326,6.326,0,0
PLWPLN00,D,20220802,000000,6.309,6.309,6.309,6.309,0,0
PLWPLN00,D,20220803,000000,6.413,6.413,6.413,6.413,0,0
PLWPLN00,D,20220804,000000,6.353,6.353,6.353,6.353,0,0
PLWPLN00,D,20220805,000000,6.059,6.059,6.059,6.059,0,0
PLWPLN00,D,20220808,000000,6.042,6.042,6.042,6.042,0,0
PLWPLN00,D,20220809,000000,6.007,6.007,6.007,6.007,0,0
PLWPLN00,D,20220810,000000,6.05,6.05,6.05,6.05,0,0
PLWPLN00,D,20220811,000000,6.074,6.074,6.074,6.074,0,0
PLWPLN00,D,20220812,000000,6.108,6.108,6.108,6.108,0,0
PLWPLN00,D,20220816,000000,6.197,6.197,6.197,6.197,0,0
PLWPLN00,D,20220817,000000,6.369,6.369,6.369,6.369,0,0
PLWPLN00,D,20220818,000000,6.289,6.289,6.289,6.289,0,0
PLWPLN00,D,20220819,000000,6.269,6.269,6.269,6.269,0,0
PLWPLN00,D,20220822,000000,6.151,6.151,6.151,6.151,0,0
PLWPLN00,D,20220823,000000,6.094,6.094,6.094,6.094,0,0
PLWPLN00,D,20220824,000000,6.085,6.085,6.085,6.085,0,0
PLWPLN00,D,20220825,000000,6.056,6.056,6.056,6.056,0,0
PLWPLN00,D,20220826,000000,6.01,6.01,6.01,6.01,0,0
PLWPLN00,D,20220829,000000,5.998,5.998,5.998,5.998,0,0
PLWPLN00,D,20220830,000000,6.33,6.33,6.33,6.33,0,0
PLWPLN00,D,20220831,000000,5.799,5.799,5.799,5.799,0,0
PLWPLN00,D,20220901,000000,6.361,6.361,6.361,6.361,0,0
PLWPLN00,D,20220902,000000,6.116,6.116,6.116,6.116,0,0
PLWPLN00,D,20220905,000000,6.283,6.283,6.283,6.283,0,0
PLWPLN00,D,20220906,000000,6.361,6.361,6.361,6.361,0,0
PLWPLN00,D,20220907,000000,6.267,6.267,6.267,6.267,0,0
PLWPLN00,D,20220908,000000,6.399,6.399,6.399,6.399,0,0
PLWPLN00,D,20220909,000000,6.363,6.363,6.363,6.363,0,0
PLWPLN00,D,20220912,000000,6.252,6.252,6.252,6.252,0,0
PLWPLN00,D,20220913,000000,6.195,6.195,6.195,6.195,0,0
PLWPLN00,D,20220914,000000,6.08,6.08,6.08,6.08,0,0
PLWPLN00,D,20220915,000000,6.226,6.226,6.226,6.226,0,0
PLWPLN00,D,20220916,000000,6.331,6.331,6.331,6.331,0,0
PLWPLN00,D,20220919,000000,6.538,6.538,6.538,6.538,0,0
PLWPLN00,D,20220920,000000,6.48,6.48,6.48,6.48,0,0
PLWPLN00,D,20220921,000000,6.426,6.426,6.426,6.426,0,0
PLWPLN00,D,20220922,000000,6.424,6.424,6.424,6.424,0,0
PLWPLN00,D,20220923,000000,6.172,6.172,6.172,6.172,0,0
PLWPLN00,D,20220926,000000,6.026,6.026,6.026,6.026,0,0
PLWPLN00,D,20220927,000000,6.26,6.26,6.26,6.26,0,0
PLWPLN00,D,20220928,000000,6.061,6.061,6.061,6.061,0,0
PLWPLN00,D,20220929,000000,5.952,5.952,5.952,5.952,0,0
PLWPLN00,D,20220930,000000,6.023,6.023,6.023,6.023,0,0
PLWPLN00,D,20221003,000000,6.268,6.268,6.268,6.268,0,0
PLWPLN00,D,20221004,000000,6.582,6.582,6.582,6.582,0,0
PLWPLN00,D,20221005,000000,6.537,6.537,6.537,6.537,0,0
PLWPLN00,D,20221006,000000,6.507,6.507,6.507,6.507,0,0
PLWPLN00,D,20221007,000000,6.231,6.231,6.231,6.231,0,0
PLWPLN00,D,20221010,000000,6.296,6.296,6.296,6.296,0,0
PLWPLN00,D,20221011,000000,6.391,6.391,6.391,6.391,0,0
PLWPLN00,D,20221012,000000,6.384,6.384,6.384,6.384,0,0
PLWPLN00,D,20221013,000000,6.357,6.357,6.357,6.357,0,0
PLWPLN00,D,20221014,000000,6.349,6.349,6.349,6.349,0,0
PLWPLN00,D,20221017,000000,6.448,6.448,6.448,6.448,0,0
PLWPLN00,D,20221018,000000,6.353,6.353,6.353,6.353,0,0
PLWPLN00,D,20221019,000000,6.24,6.24,6.24,6.24,0,0
PLWPLN00,D,20221020,000000,6.214,6.214,6.214,6.214,0,0
PLWPLN00,D,20221021,000000,6.222,6.222,6.222,6.222,0,0
PLWPLN00,D,20221024,000000,6.171,6.171,6.171,6.171,0,0
PLWPLN00,D,20221025,000000,6.088,6.088,6.088,6.088,0,0
PLWPLN00,D,20221026,000000,6.124,6.124,6.124,6.124,0,0
PLWPLN00,D,20221027,000000,6.206,6.206,6.206,6.206,0,0
PLWPLN00,D,20221028,000000,6.132,6.132,6.132,6.132,0,0
PLWPLN00,D,20221031,000000,6.006,6.006,6.006,6.006,0,0
PLWPLN00,D,20221102,000000,6.435,6.435,6.435,6.435,0,0
PLWPLN00,D,20221103,000000,6.524,6.524,6.524,6.524,0,0
PLWPLN00,D,20221104,000000,6.532,6.532,6.532,6.532,0,0
PLWPLN00,D,20221107,000000,6.554,6.554,6.554,6.554,0,0
PLWPLN00,D,20221108,000000,6.556,6.556,6.556,6.556,0,0
PLWPLN00,D,20221109,000000,6.507,6.507,6.507,6.507,0,0
PLWPLN00,D,20221110,000000,6.474,6.474,6.474,6.474,0,0
PLWPLN00,D,20221114,000000,6.252,6.252,6.252,6.252,0,0
PLWPLN00,D,20221115,000000,6.305,6.305,6.305,6.305,0,0
PLWPLN00,D,20221116,000000,6.204,6.204,6.204,6.204,0,0
PLWPLN00,D,20221117,000000,6.139,6.139,6.139,6.139,0,0
PLWPLN00,D,20221118,000000,6.092,6.092,6.092,6.092,0,0
PLWPLN00,D,20221121,000000,6.039,6.039,6.039,6.039,0,0
PLWPLN00,D,20221122,000000,6.102,6.102,6.102,6.102,0,0
PLWPLN00,D,20221123,000000,6.113,6.113,6.113,6.113,0,0
PLWPLN00,D,20221124,000000,6.008,6.008,6.008,6.008,0,0
PLWPLN00,D,20221125,000000,5.967,5.967,5.967,5.967,0,0
PLWPLN00,D,20221128,000000,5.943,5.943,5.943,5.943,0,0
PLWPLN00,D,20221129,000000,5.876,5.876,5.876,5.876,0,0
PLWPLN00,D,20221130,000000,6.006,6.006,6.006,6.006,0,0
PLWPLN00,D,20221201,000000,6.165,6.165,6.165,6.165,0,0
PLWPLN00,D,20221202,000000,6.267,6.267,6.267,6.267,0,0
PLWPLN00,D,20221205,000000,6.056,6.056,6.056,6.056,0,0
PLWPLN00,D,20221206,000000,6.068,6.068,6.068,6.068,0,0
PLWPLN00,D,20221207,000000,6.162,6.162,6.162,6.162,0,0
PLWPLN00,D,20221208,000000,5.978,5.978,5.978,5.978,0,0
PLWPLN00,D,20221209,000000,5.916,5.916,5.916,5.916,0,0
PLWPLN00,D,20221212,000000,5.924,5.924,5.924,5.924,0,0
PLWPLN00,D,20221213,000000,5.88,5.88,5.88,5.88,0,0
PLWPLN00,D,20221214,000000,5.999,5.999,5.999,5.999,0,0
PLWPLN00,D,20221215,000000,6.044,6.044,6.044,6.044,0,0
PLWPLN00,D,20221216,000000,6.002,6.002,6.002,6.002,0,0
PLWPLN00,D,20221219,000000,5.91,5.91,5.91,5.91,0,0
PLWPLN00,D,20221220,000000,5.893,5.893,5.893,5.893,0,0
PLWPLN00,D,20221221,000000,5.976,5.976,5.976,5.976,0,0
PLWPLN00,D,20221222,000000,5.835,5.835,5.835,5.835,0,0
PLWPLN00,D,20221223,000000,5.825,5.825,5.825,5.825,0,0
PLWPLN00,D,20221227,000000,5.897,5.897,5.897,5.897,0,0
PLWPLN00,D,20221228,000000,5.882,5.882,5.882,5.882,0,0
PLWPLN00,D,20221229,000000,5.707,5.707,5.707,5.707,0,0
PLWPLN00,D,20221230,000000,5.201,5.201,5.201,5.201,0,0
PLWPLN00,D,20230102,000000,5.484,5.484,5.484,5.484,0,0
PLWPLN00,D,20230103,000000,5.756,5.756,5.756,5.756,0,0
PLWPLN00,D,20230104,000000,5.881,5.881,5.881,5.881,0,0
PLWPLN00,D,20230105,000000,6.096,6.096,6.096,6.096,0,0
PLWPLN00,D,20230109,000000,5.786,5.786,5.786,5.786,0,0
PLWPLN00,D,20230110,000000,5.642,5.642,5.642,5.642,0,0
PLWPLN00,D,20230111,000000,5.865,5.865,5.865,5.865,0,0
PLWPLN00,D,20230112,000000,5.79,5.79,5.79,5.79,0,0
PLWPLN00,D,20230113,000000,5.703,5.703,5.703,5.703,0,0
PLWPLN00,D,20230116,000000,5.972,5.972,5.972,5.972,0,0
PLWPLN00,D,20230117,000000,5.975,5.975,5.975,5.975,0,0
PLWPLN00,D,20230118,000000,5.796,5.796,5.796,5.796,0,0
PLWPLN00,D,20230119,000000,5.798,5.798,5.798,5.798,0,0
PLWPLN00,D,20230120,000000,5.765,5.765,5.765,5.765,0,0
PLWPLN00,D,20230123,000000,5.946,5.946,5.946,5.946,0,0
PLWPLN00,D,20230124,000000,5.66,5.66,5.66,5.66,0,0
PLWPLN00,D,20230125,000000,5.783,5.783,5.783,5.783,0,0
PLWPLN00,D,20230126,000000,6.012,6.012,6.012,6.012,0,0
PLWPLN00,D,20230127,000000,5.898,5.898,5.898,5.898,0,0
PLWPLN00,D,20230130,000000,5.791,5.791,5.791,5.791,0,0
PLWPLN00,D,20230131,000000,5.643,5.643,5.643,5.643,0,0
PLWPLN00,D,20230201,000000,5.748,5.748,5.748,5.748,0,0
PLWPLN00,D,20230202,000000,5.633,5.633,5.633,5.633,0,0
PLWPLN00,D,20230203,000000,5.875,5.875,5.875,5.875,0,0
PLWPLN00,D,20230206,000000,6.149,6.149,6.149,6.149,0,0
PLWPLN00,D,20230207,000000,5.827,5.827,5.827,5.827,0,0
PLWPLN00,D,20230208,000000,5.89,5.89,5.89,5.89,0,0
PLWPLN00,D,20230209,000000,5.984,5.984,5.984,5.984,0,0
PLWPLN00,D,20230210,000000,6.069,6.069,6.069,6.069,0,0
PLWPLN00,D,20230213,000000,5.809,5.809,5.809,5.809,0,0
PLWPLN00,D,20230214,000000,5.905,5.905,5.905,5.905,0,0
PLWPLN00,D,20230215,000000,5.799,5.799,5.799,5.799,0,0
PLWPLN00,D,20230216,000000,5.947,5.947,5.947,5.947,0,0
PLWPLN00,D,20230217,000000,6.028,6.028,6.028,6.028,0,0
PLWPLN00,D,20230220,000000,6.142,6.142,6.142,6.142,0,0
PLWPLN00,D,20230221,000000,6.02,6.02,6.02,6.02,0,0
PLWPLN00,D,20230222,000000,6.052,6.052,6.052,6.052,0,0
PLWPLN00,D,20230223,000000,5.662,5.662,5.662,5.662,0,0
PLWPLN00,D,20230224,000000,5.638,5.638,5.638,5.638,0,0
PLWPLN00,D,20230227,000000,5.823,5.823,5.823,5.823,0,0
PLWPLN00,D,20230228,000000,5.574,5.574,5.574,5.574,0,0
PLWPLN00,D,20230301,000000,5.743,5.743,5.743,5.743,0,0
PLWPLN00,D,20230302,000000,5.603,5.603,5.603,5.603,0,0
PLWPLN00,D,20230303,000000,5.796,5.796,5.796,5.796,0,0
PLWPLN00,D,20230306,000000,5.549,5.549,5.549,5.549,0,0
PLWPLN00,D,20230307,000000,5.46,5.46,5.46,5.46,0,0
PLWPLN00,D,20230308,000000,5.802,5.802,5.802,5.802,0,0
PLWPLN00,D,20230309,000000,5.816,5.816,5.816,5.816,0,0
PLWPLN00,D,20230310,000000,5.808,5.808,5.808,5.808,0,0
PLWPLN00,D,20230313,000000,5.611,5.611,5.611,5.611,0,0
PLWPLN00,D,20230314,000000,5.743,5.743,5.743,5.743,0,0
PLWPLN00,D,20230315,000000,5.68,5.68,5.68,5.68,0,0
PLWPLN00,D,20230316,000000,6.004,6.004,6.004,6.004,0,0
PLWPLN00,D,20230317,000000,5.849,5.849,5.849,5.849,0,0
PLWPLN00,D,20230320,000000,5.656,5.656,5.656,5.656,0,0
PLWPLN00,D,20230321,000000,5.914,5.914,5.914,5.914,0,0
PLWPLN00,D,20230322,000000,5.966,5.966,5.966,5.966,0,0
PLWPLN00,D,20230323,000000,5.731,5.731,5.731,5.731,0,0
PLWPLN00,D,20230324,000000,5.584,5.584,5.584,5.584,0,0
PLWPLN00,D,20230327,000000,5.845,5.845,5.845,5.845,0,0
PLWPLN00,D,20230328,000000,5.956,5.956,5.956,5.956,0,0
PLWPLN00,D,20230329,000000,5.965,5.965,5.965,5.965,0,0
PLWPLN00,D,20230330,000000,5.793,5.793,5.793,5.793,0,0
PLWPLN00,D,20230331,000000,5.234,5.234,5.234,5.234,0,0
PLWPLN00,D,20230403,000000,5.935,5.935,5.935,5.935,0,0
PLWPLN00,D,20230404,000000,5.651,5.651,5.651,5.651,0,0
PLWPLN00,D,20230405,000000,5.715,5.715,5.715,5.715,0,0
PLWPLN00,D,20230406,000000,5.729,5.729,5.729,5.729,0,0
PLWPLN00,D,20230407,000000,5.397,5.397,5.397,5.397,0,0
PLWPLN00,D,20230411,000000,5.932,5.932,5.932,5.932,0,0
PLWPLN00,D,20230412,000000,5.934,5.934,5.934,5.934,0,0
PLWPLN00,D,20230413,000000,5.932,5.932,5.932,5.932,0,0
PLWPLN00,D,20230414,000000,5.849,5.849,5.849,5.849,0,0
PLWPLN00,D,20230417,000000,5.877,5.877,5.877,5.877,0,0
PLWPLN00,D,20230418,000000,6.135,6.135,6.135,6.135,0,0
PLWPLN00,D,20230419,000000,6.017,6.017,6.017,6.017,0,0
PLWPLN00,D,20230420,000000,5.896,5.896,5.896,5.896,0,0
PLWPLN00,D,20230421,000000,6.193,6.193,6.193,6.193,0,0
PLWPLN00,D,20230424,000000,5.978,5.978,5.978,5.978,0,0
PLWPLN00,D,20230425,000000,5.417,5.417,5.417,5.417,0,0
PLWPLN00,D,20230426,000000,6.262,6.262,6.262,6.262,0,0
PLWPLN00,D,20230427,000000,6.013,6.013,6.013,6.013,0,0
PLWPLN00,D,20230428,000000,5.124,5.124,5.124,5.124,0,0
PLWPLN00,D,20230502,000000,6.006,6.006,6.006,6.006,0,0
PLWPLN00,D,20230504,000000,5.639,5.639,5.639,5.639,0,0
PLWPLN00,D,20230505,000000,5.852,5.852,5.852,5.852,0,0
PLWPLN00,D,20230508,000000,5.845,5.845,5.845,5.845,0,0
PLWPLN00,D,20230509,000000,5.826,5.826,5.826,5.826,0,0
PLWPLN00,D,20230510,000000,5.901,5.901,5.901,5.901,0,0
PLWPLN00,D,20230511,000000,6.173,6.173,6.173,6.173,0,0
PLWPLN00,D,20230512,000000,6.203,6.203,6.203,6.203,0,0
PLWPLN00,D,20230515,000000,5.977,5.977,5.977,5.977,0,0
PLWPLN00,D,20230516,000000,5.922,5.922,5.922,5.922,0,0
PLWPLN00,D,20230517,000000,6.03,6.03,6.03,6.03,0,0
PLWPLN00,D,20230518,000000,5.762,5.762,5.762,5.762,0,0
PLWPLN00,D,20230519,000000,6.07,6.07,6.07,6.07,0,0
PLWPLN00,D,20230522,000000,6.1,6.1,6.1,6.1,0,0
PLWPLN00,D,20230523,000000,6.052,6.052,6.052,6.052,0,0
PLWPLN00,D,20230524,000000,6.01,6.01,6.01,6.01,0,0
PLWPLN00,D,20230525,000000,5.779,5.779,5.779,5.779,0,0
PLWPLN00,D,20230526,000000,5.581,5.581,5.581,5.581,0,0
PLWPLN00,D,20230529,000000,5.713,5.713,5.713,5.713,0,0
PLWPLN00,D,20230530,000000,5.713,5.713,5.713,5.713,0,0
PLWPLN00,D,20230531,000000,5.486,5.486,5.486,5.486,0,0
PLWPLN00,D,20230601,000000,5.751,5.751,5.751,5.751,0,0
PLWPLN00,D,20230602,000000,5.89,5.89,5.89,5.89,0,0
PLWPLN00,D,20230605,000000,5.763,5.763,5.763,5.763,0,0
PLWPLN00,D,20230606,000000,5.962,5.962,5.962,5.962,0,0
PLWPLN00,D,20230607,000000,6.072,6.072,6.072,6.072,0,0
PLWPLN00,D,20230609,000000,6.299,6.299,6.299,6.299,0,0
PLWPLN00,D,20230612,000000,6.16,6.16,6.16,6.16,0,0
PLWPLN00,D,20230613,000000,6.087,6.087,6.087,6.087,0,0
PLWPLN00,D,20230614,000000,5.96,5.96,5.96,5.96,0,0
PLWPLN00,D,20230615,000000,6.147,6.147,6.147,6.147,0,0
PLWPLN00,D,20230616,000000,5.83,5.83,5.83,5.83,0,0
PLWPLN00,D,20230619,000000,6.012,6.012,6.012,6.012,0,0
PLWPLN00,D,20230620,000000,6.01,6.01,6.01,6.01,0,0
PLWPLN00,D,20230621,000000,5.961,5.961,5.961,5.961,0,0
PLWPLN00,D,20230622,000000,6.062,6.062,6.062,6.062,0,0
PLWPLN00,D,20230623,000000,5.741,5.741,5.741,5.741,0,0
PLWPLN00,D,20230626,000000,5.807,5.807,5.807,5.807,0,0
PLWPLN00,D,20230627,000000,5.8,5.8,5.8,5.8,0,0
PLWPLN00,D,20230628,000000,5.904,5.904,5.904,5.904,0,0
PLWPLN00,D,20230629,000000,5.946,5.946,5.946,5.946,0,0
PLWPLN00,D,20230630,000000,5.432,5.432,5.432,5.432,0,0
PLWPLN00,D,20230703,000000,5.89,5.89,5.89,5.89,0,0
PLWPLN00,D,20230704,000000,6.218,6.218,6.218,6.218,0,0
PLWPLN00,D,20230705,000000,5.996,5.996,5.996,5.996,0,0
PLWPLN00,D,20230706,000000,5.99,5.99,5.99,5.99,0,0
PLWPLN00,D,20230707,000000,6.151,6.151,6.151,6.151,0,0
PLWPLN00,D,20230710,000000,6.255,6.255,6.255,6.255,0,0
PLWPLN00,D,20230711,000000,6.422,6.422,6.422,6.422,0,0
PLWPLN00,D,20230712,000000,6.487,6.487,6.487,6.487,0,0
PLWPLN00,D,20230713,000000,6.612,6.612,6.612,6.612,0,0
PLWPLN00,D,20230714,000000,6.442,6.442,6.442,6.442,0,0
PLWPLN00,D,20230717,000000,6.364,6.364,6.364,6.364,0,0
PLWPLN00,D,20230718,000000,6.435,6.435,6.435,6.435,0,0
PLWPLN00,D,20230719,000000,6.456,6.456,6.456,6.456,0,0
PLWPLN00,D,20230720,000000,6.371,6.371,6.371,6.371,0,0
PLWPLN00,D,20230721,000000,6.307,6.307,6.307,6.307,0,0
PLWPLN00,D,20230724,000000,6.183,6.183,6.183,6.183,0,0
PLWPLN00,D,20230725,000000,6.325,6.325,6.325,6.325,0,0
PLWPLN00,D,20230726,000000,6.378,6.378,6.378,6.378,0,0
PLWPLN00,D,20230727,000000,6.316,6.316,6.316,6.316,0,0
PLWPLN00,D,20230728,000000,6.13,6.13,6.13,6.13,0,0
PLWPLN00,D,20230731,000000,5.383,5.383,5.383,5.383,0,0
PLWPLN00,D,20230801,000000,6.261,6.261,6.261,6.261,0,0
PLWPLN00,D,20230802,000000,5.955,5.955,5.955,5.955,0,0
PLWPLN00,D,20230803,000000,6.247,6.247,6.247,6.247,0,0
PLWPLN00,D,20230804,000000,6.381,6.381,6.381,6.381,0,0
PLWPLN00,D,20230807,000000,6.008,6.008,6.008,6.008,0,0
PLWPLN00,D,20230808,000000,5.931,5.931,5.931,5.931,0,0
PLWPLN00,D,20230809,000000,5.69,5.69,5.69,5.69,0,0
PLWPLN00,D,20230810,000000,5.885,5.885,5.885,5.885,0,0
PLWPLN00,D,20230811,000000,6.305,6.305,6.305,6.305,0,0
PLWPLN00,D,20230814,000000,6.296,6.296,6.296,6.296,0,0
PLWPLN00,D,20230816,000000,6.416,6.416,6.416,6.416,0,0
PLWPLN00,D,20230817,000000,5.96,5.96,5.96,5.96,0,0
PLWPLN00,D,20230818,000000,6.203,6.203,6.203,6.203,0,0
PLWPLN00,D,20230821,000000,6.347,6.347,6.347,6.347,0,0
PLWPLN00,D,20230822,000000,6.479,6.479,6.479,6.479,0,0
PLWPLN00,D,20230823,000000,6.249,6.249,6.249,6.249,0,0
PLWPLN00,D,20230824,000000,6.042,6.042,6.042,6.042,0,0
PLWPLN00,D,20230825,000000,5.961,5.961,5.961,5.961,0,0
PLWPLN00,D,20230828,000000,6.159,6.159,6.159,6.159,0,0
PLWPLN00,D,20230829,000000,6.091,6.091,6.091,6.091,0,0
PLWPLN00,D,20230830,000000,6.091,6.091,6.091,6.091,0,0
PLWPLN00,D,20230831,000000,5.204,5.204,5.204,5.204,0,0
PLWPLN00,D,20230901,000000,6.343,6.343,6.343,6.343,0,0
PLWPLN00,D,20230904,000000,6.27,6.27,6.27,6.27,0,0
PLWPLN00,D,20230905,000000,6.065,6.065,6.065,6.065,0,0
PLWPLN00,D,20230906,000000,5.916,5.916,5.916,5.916,0,0
PLWPLN00,D,20230907,000000,5.407,5.407,5.407,5.407,0,0
PLWPLN00,D,20230908,000000,5.28,5.28,5.28,5.28,0,0
PLWPLN00,D,20230911,000000,5.552,5.552,5.552,5.552,0,0
PLWPLN00,D,20230912,000000,5.34,5.34,5.34,5.34,0,0
PLWPLN00,D,20230913,000000,5.237,5.237,5.237,5.237,0,0
PLWPLN00,D,20230914,000000,5.147,5.147,5.147,5.147,0,0
PLWPLN00,D,20230915,000000,5.202,5.202,5.202,5.202,0,0
PLWPLN00,D,20230918,000000,5.422,5.422,5.422,5.422,0,0
PLWPLN00,D,20230919,000000,5.541,5.541,5.541,5.541,0,0
PLWPLN00,D,20230920,000000,5.536,5.536,5.536,5.536,0,0
PLWPLN00,D,20230921,000000,5.499,5.499,5.499,5.499,0,0
PLWPLN00,D,20230922,000000,5.456,5.456,5.456,5.456,0,0
PLWPLN00,D,20230925,000000,5.361,5.361,5.361,5.361,0,0
PLWPLN00,D,20230926,000000,5.39,5.39,5.39,5.39,0,0
PLWPLN00,D,20230927,000000,5.346,5.346,5.346,5.346,0,0
PLWPLN00,D,20230928,000000,5.257,5.257,5.257,5.257,0,0
PLWPLN00,D,20230929,000000,4.076,4.076,4.076,4.076,0,0
PLWPLN00,D,20231002,000000,5.323,5.323,5.323,5.323,0,0
PLWPLN00,D,20231003,000000,5.218,5.218,5.218,5.218,0,0
PLWPLN00,D,20231004,000000,5.102,5.102,5.102,5.102,0,0
PLWPLN00,D,20231005,000000,4.794,4.794,4.794,4.794,0,0
PLWPLN00,D,20231006,000000,5.049,5.049,5.049,5.049,0,0
PLWPLN00,D,20231009,000000,4.897,4.897,4.897,4.897,0,0
PLWPLN00,D,20231010,000000,5.463,5.463,5.463,5.463,0,0
PLWPLN00,D,20231011,000000,5.509,5.509,5.509,5.509,0,0
PLWPLN00,D,20231012,000000,5.472,5.472,5.472,5.472,0,0
PLWPLN00,D,20231013,000000,5.374,5.374,5.374,5.374,0,0
PLWPLN00,D,20231016,000000,5.278,5.278,5.278,5.278,0,0
PLWPLN00,D,20231017,000000,5.007,5.007,5.007,5.007,0,0
PLWPLN00,D,20231018,000000,4.581,4.581,4.581,4.581,0,0
PLWPLN00,D,20231019,000000,4.545,4.545,4.545,4.545,0,0
PLWPLN00,D,20231020,000000,4.772,4.772,4.772,4.772,0,0
PLWPLN00,D,20231023,000000,4.934,4.934,4.934,4.934,0,0
PLWPLN00,D,20231024,000000,5.022,5.022,5.022,5.022,0,0
PLWPLN00,D,20231025,000000,5.263,5.263,5.263,5.263,0,0
PLWPLN00,D,20231026,000000,5.112,5.112,5.112,5.112,0,0
PLWPLN00,D,20231027,000000,4.886,4.886,4.886,4.886,0,0
PLWPLN00,D,20231030,000000,5.283,5.283,5.283,5.283,0,0
PLWPLN00,D,20231031,000000,3.974,3.974,3.974,3.974,0,0
PLWPLN00,D,20231102,000000,4.381,4.381,4.381,4.381,0,0
PLWPLN00,D,20231103,000000,4.912,4.912,4.912,4.912,0,0
PLWPLN00,D,20231106,000000,4.947,4.947,4.947,4.947,0,0
PLWPLN00,D,20231107,000000,4.744,4.744,4.744,4.744,0,0
PLWPLN00,D,20231108,000000,4.654,4.654,4.654,4.654,0,0
PLWPLN00,D,20231109,000000,5.001,5.001,5.001,5.001,0,0
PLWPLN00,D,20231110,000000,4.967,4.967,4.967,4.967,0,0
PLWPLN00,D,20231113,000000,4.769,4.769,4.769,4.769,0,0
PLWPLN00,D,20231114,000000,4.797,4.797,4.797,4.797,0,0
PLWPLN00,D,20231115,000000,4.754,4.754,4.754,4.754,0,0
PLWPLN00,D,20231116,000000,5.115,5.115,5.115,5.115,0,0
PLWPLN00,D,20231117,000000,4.904,4.904,4.904,4.904,0,0
PLWPLN00,D,20231120,000000,5.033,5.033,5.033,5.033,0,0
PLWPLN00,D,20231121,000000,4.888,4.888,4.888,4.888,0,0
PLWPLN00,D,20231122,000000,5.035,5.035,5.035,5.035,0,0
PLWPLN00,D,20231123,000000,5.036,5.036,5.036,5.036,0,0
PLWPLN00,D,20231124,000000,4.74,4.74,4.74,4.74,0,0
PLWPLN00,D,20231127,000000,4.828,4.828,4.828,4.828,0,0
PLWPLN00,D,20231128,000000,5.095,5.095,5.095,5.095,0,0
PLWPLN00,D,20231129,000000,4.505,4.505,4.505,4.505,0,0
PLWPLN00,D,20231130,000000,4.058,4.058,4.058,4.058,0,0
PLWPLN00,D,20231201,000000,4.978,4.978,4.978,4.978,0,0
PLWPLN00,D,20231204,000000,4.798,4.798,4.798,4.798,0,0
PLWPLN00,D,20231205,000000,4.807,4.807,4.807,4.807,0,0
PLWPLN00,D,20231206,000000,4.864,4.864,4.864,4.864,0,0
PLWPLN00,D,20231207,000000,5.022,5.022,5.022,5.022,0,0
PLWPLN00,D,20231208,000000,4.806,4.806,4.806,4.806,0,0
PLWPLN00,D,20231211,000000,4.651,4.651,4.651,4.651,0,0
PLWPLN00,D,20231212,000000,5.095,5.095,5.095,5.095,0,0
PLWPLN00,D,20231213,000000,5.3,5.3,5.3,5.3,0,0
PLWPLN00,D,20231214,000000,5.068,5.068,5.068,5.068,0,0
PLWPLN00,D,20231215,000000,5.144,5.144,5.144,5.144,0,0
PLWPLN00,D,20231218,000000,5.1,5.1,5.1,5.1,0,0
PLWPLN00,D,20231219,000000,4.825,4.825,4.825,4.825,0,0
PLWPLN00,D,20231220,000000,5.031,5.031,5.031,5.031,0,0
PLWPLN00,D,20231221,000000,5.066,5.066,5.066,5.066,0,0
PLWPLN00,D,20231222,000000,5.001,5.001,5.001,5.001,0,0
PLWPLN00,D,20231227,000000,4.975,4.975,4.975,4.975,0,0
PLWPLN00,D,20231228,000000,4.406,4.406,4.406,4.406,0,0
PLWPLN00,D,20231229,000000,2.043,2.043,2.043,2.043,0,0
PLWPLN00,D,20240102,000000,4.88,4.88,4.88,4.88,0,0
PLWPLN00,D,20240103,000000,4.901,4.901,4.901,4.901,0,0
PLWPLN00,D,20240104,000000,4.794,4.794,4.794,4.794,0,0
PLWPLN00,D,20240105,000000,4.848,4.848,4.848,4.848,0,0
PLWPLN00,D,20240108,000000,4.822,4.822,4.822,4.822,0,0
PLWPLN00,D,20240109,000000,5.026,5.026,5.026,5.026,0,0
PLWPLN00,D,20240110,000000,4.964,4.964,4.964,4.964,0,0
PLWPLN00,D,20240111,000000,4.581,4.581,4.581,4.581,0,0
PLWPLN00,D,20240112,000000,4.956,4.956,4.956,4.956,0,0
PLWPLN00,D,20240115,000000,4.583,4.583,4.583,4.583,0,0
PLWPLN00,D,20240116,000000,4.561,4.561,4.561,4.561,0,0
PLWPLN00,D,20240117,000000,4.6,4.6,4.6,4.6,0,0
PLWPLN00,D,20240118,000000,4.828,4.828,4.828,4.828,0,0
PLWPLN00,D,20240119,000000,4.909,4.909,4.909,4.909,0,0
PLWPLN00,D,20240122,000000,4.933,4.933,4.933,4.933,0,0
PLWPLN00,D,20240123,000000,4.874,4.874,4.874,4.874,0,0
PLWPLN00,D,20240124,000000,5.075,5.075,5.075,5.075,0,0
PLWPLN00,D,20240125,000000,5.392,5.392,5.392,5.392,0,0
PLWPLN00,D,20240126,000000,4.896,4.896,4.896,4.896,0,0
PLWPLN00,D,20240129,000000,5.204,5.204,5.204,5.204,0,0
PLWPLN00,D,20240130,000000,5.051,5.051,5.051,5.051,0,0
PLWPLN00,D,20240131,000000,4.162,4.162,4.162,4.162,0,0
PLWPLN00,D,20240201,000000,4.915,4.915,4.915,4.915,0,0
PLWPLN00,D,20240202,000000,4.894,4.894,4.894,4.894,0,0
PLWPLN00,D,20240205,000000,4.939,4.939,4.939,4.939,0,0
PLWPLN00,D,20240206,000000,4.858,4.858,4.858,4.858,0,0
PLWPLN00,D,20240207,000000,4.838,4.838,4.838,4.838,0,0
PLWPLN00,D,20240208,000000,4.956,4.956,4.956,4.956,0,0
PLWPLN00,D,20240209,000000,5.166,5.166,5.166,5.166,0,0
PLWPLN00,D,20240212,000000,5.016,5.016,5.016,5.016,0,0
PLWPLN00,D,20240213,000000,5.213,5.213,5.213,5.213,0,0
PLWPLN00,D,20240214,000000,5.008,5.008,5.008,5.008,0,0
PLWPLN00,D,20240215,000000,4.933,4.933,4.933,4.933,0,0
PLWPLN00,D,20240216,000000,5.245,5.245,5.245,5.245,0,0
PLWPLN00,D,20240219,000000,5.108,5.108,5.108,5.108,0,0
PLWPLN00,D,20240220,000000,5.2,5.2,5.2,5.2,0,0
PLWPLN00,D,20240221,000000,5.326,5.326,5.326,5.326,0,0
PLWPLN00,D,20240222,000000,5.272,5.272,5.272,5.272,0,0
PLWPLN00,D,20240223,000000,5.01,5.01,5.01,5.01,0,0
PLWPLN00,D,20240226,000000,4.651,4.651,4.651,4.651,0,0
PLWPLN00,D,20240227,000000,4.999,4.999,4.999,4.999,0,0
PLWPLN00,D,20240228,000000,5.04,5.04,5.04,5.04,0,0
PLWPLN00,D,20240229,000000,4.231,4.231,4.231,4.231,0,0
PLWPLN00,D,20240301,000000,5.112,5.112,5.112,5.112,0,0
PLWPLN00,D,20240304,000000,5.289,5.289,5.289,5.289,0,0
PLWPLN00,D,20240305,000000,4.911,4.911,4.911,4.911,0,0
PLWPLN00,D,20240306,000000,4.827,4.827,4.827,4.827,0,0
PLWPLN00,D,20240307,000000,4.799,4.799,4.799,4.799,0,0
PLWPLN00,D,20240308,000000,5.019,5.019,5.019,5.019,0,0
PLWPLN00,D,20240311,000000,5.057,5.057,5.057,5.057,0,0
PLWPLN00,D,20240312,000000,4.571,4.571,4.571,4.571,0,0
PLWPLN00,D,20240313,000000,5.138,5.138,5.138,5.138,0,0
PLWPLN00,D,20240314,000000,5.114,5.114,5.114,5.114,0,0
PLWPLN00,D,20240315,000000,5.095,5.095,5.095,5.095,0,0
PLWPLN00,D,20240318,000000,4.953,4.953,4.953,4.953,0,0
PLWPLN00,D,20240319,000000,5.14,5.14,5.14,5.14,0,0
PLWPLN00,D,20240320,000000,5.142,5.142,5.142,5.142,0,0
PLWPLN00,D,20240321,000000,4.926,4.926,4.926,4.926,0,0
PLWPLN00,D,20240322,000000,5.149,5.149,5.149,5.149,0,0
PLWPLN00,D,20240325,000000,5.13,5.13,5.13,5.13,0,0
PLWPLN00,D,20240326,000000,4.799,4.799,4.799,4.799,0,0
PLWPLN00,D,20240327,000000,4.741,4.741,4.741,4.741,0,0
PLWPLN00,D,20240328,000000,4.874,4.874,4.874,4.874,0,0
PLWPLN00,D,20240329,000000,3.816,3.816,3.816,3.816,0,0
PLWPLN00,D,20240402,000000,5.235,5.235,5.235,5.235,0,0
PLWPLN00,D,20240403,000000,4.942,4.942,4.942,4.942,0,0
PLWPLN00,D,20240404,000000,5.385,5.385,5.385,5.385,0,0
PLWPLN00,D,20240405,000000,5.194,5.194,5.194,5.194,0,0
PLWPLN00,D,20240408,000000,5.417,5.417,5.417,5.417,0,0
PLWPLN00,D,20240409,000000,5.396,5.396,5.396,5.396,0,0
PLWPLN00,D,20240410,000000,5.388,5.388,5.388,5.388,0,0
PLWPLN00,D,20240411,000000,5.26,5.26,5.26,5.26,0,0
PLWPLN00,D,20240412,000000,5.386,5.386,5.386,5.386,0,0
PLWPLN00,D,20240415,000000,5.456,5.456,5.456,5.456,0,0
PLWPLN00,D,20240416,000000,5.297,5.297,5.297,5.297,0,0
PLWPLN00,D,20240417,000000,5.501,5.501,5.501,5.501,0,0
PLWPLN00,D,20240418,000000,5.502,5.502,5.502,5.502,0,0
PLWPLN00,D,20240419,000000,5.409,5.409,5.409,5.409,0,0
PLWPLN00,D,20240422,000000,5.39,5.39,5.39,5.39,0,0
PLWPLN00,D,20240423,000000,5.375,5.375,5.375,5.375,0,0
PLWPLN00,D,20240424,000000,5.432,5.432,5.432,5.432,0,0
PLWPLN00,D,20240425,000000,5.414,5.414,5.414,5.414,0,0
PLWPLN00,D,20240426,000000,5.163,5.163,5.163,5.163,0,0
PLWPLN00,D,20240429,000000,5.057,5.057,5.057,5.057,0,0
PLWPLN00,D,20240430,000000,4.41,4.41,4.41,4.41,0,0
PLWPLN00,D,20240502,000000,5.382,5.382,5.382,5.382,0,0
PLWPLN00,D,20240506,000000,5.246,5.246,5.246,5.246,0,0
PLWPLN00,D,20240507,000000,5.306,5.306,5.306,5.306,0,0
PLWPLN00,D,20240508,000000,5.098,5.098,5.098,5.098,0,0
PLWPLN00,D,20240509,000000,5.164,5.164,5.164,5.164,0,0
PLWPLN00,D,20240510,000000,5.205,5.205,5.205,5.205,0,0
PLWPLN00,D,20240513,000000,5.407,5.407,5.407,5.407,0,0
PLWPLN00,D,20240514,000000,5.284,5.284,5.284,5.284,0,0
PLWPLN00,D,20240515,000000,5.487,5.487,5.487,5.487,0,0
PLWPLN00,D,20240516,000000,5.328,5.328,5.328,5.328,0,0
PLWPLN00,D,20240517,000000,5.345,5.345,5.345,5.345,0,0
PLWPLN00,D,20240520,000000,5.226,5.226,5.226,5.226,0,0
PLWPLN00,D,20240521,000000,5.372,5.372,5.372,5.372,0,0
PLWPLN00,D,20240522,000000,5.233,5.233,5.233,5.233,0,0
PLWPLN00,D,20240523,000000,5.358,5.358,5.358,5.358,0,0
PLWPLN00,D,20240524,000000,5.07,5.07,5.07,5.07,0,0
PLWPLN00,D,20240527,000000,5.148,5.148,5.148,5.148,0,0
PLWPLN00,D,20240528,000000,4.936,4.936,4.936,4.936,0,0
PLWPLN00,D,20240529,000000,4.671,4.671,4.671,4.671,0,0
PLWPLN00,D,20240531,000000,4.377,4.377,4.377,4.377,0,0
PLWPLN00,D,20240603,000000,4.69,4.69,4.69,4.69,0,0
PLWPLN00,D,20240604,000000,4.927,4.927,4.927,4.927,0,0
PLWPLN00,D,20240605,000000,5.146,5.146,5.146,5.146,0,0
PLWPLN00,D,20240606,000000,5.306,5.306,5.306,5.306,0,0
PLWPLN00,D,20240607,000000,5.329,5.329,5.329,5.329,0,0
PLWPLN00,D,20240610,000000,5.364,5.364,5.364,5.364,0,0
PLWPLN00,D,20240611,000000,5.323,5.323,5.323,5.323,0,0
PLWPLN00,D,20240612,000000,5.357,5.357,5.357,5.357,0,0
PLWPLN00,D,20240613,000000,5.437,5.437,5.437,5.437,0,0
PLWPLN00,D,20240614,000000,5.186,5.186,5.186,5.186,0,0
PLWPLN00,D,20240617,000000,5.147,5.147,5.147,5.147,0,0
PLWPLN00,D,20240618,000000,5.163,5.163,5.163,5.163,0,0
PLWPLN00,D,20240619,000000,5.064,5.064,5.064,5.064,0,0
PLWPLN00,D,20240620,000000,5.251,5.251,5.251,5.251,0,0
PLWPLN00,D,20240621,000000,5.254,5.254,5.254,5.254,0,0
PLWPLN00,D,20240624,000000,5.032,5.032,5.032,5.032,0,0
PLWPLN00,D,20240625,000000,4.856,4.856,4.856,4.856,0,0
PLWPLN00,D,20240626,000000,5.455,5.455,5.455,5.455,0,0
PLWPLN00,D,20240627,000000,5.383,5.383,5.383,5.383,0,0
PLWPLN00,D,20240628,000000,3.866,3.866,3.866,3.866,0,0
PLWPLN00,D,20240701,000000,4.857,4.857,4.857,4.857,0,0
PLWPLN00,D,20240702,000000,4.804,4.804,4.804,4.804,0,0
PLWPLN00,D,20240703,000000,5.193,5.193,5.193,5.193,0,0
PLWPLN00,D,20240704,000000,5.326,5.326,5.326,5.326,0,0
PLWPLN00,D,20240705,000000,5.125,5.125,5.125,5.125,0,0
PLWPLN00,D,20240708,000000,5.391,5.391,5.391,5.391,0,0
PLWPLN00,D,20240709,000000,5.032,5.032,5.032,5.032,0,0
PLWPLN00,D,20240710,000000,4.928,4.928,4.928,4.928,0,0
PLWPLN00,D,20240711,000000,4.995,4.995,4.995,4.995,0,0
PLWPLN00,D,20240712,000000,5.117,5.117,5.117,5.117,0,0
PLWPLN00,D,20240715,000000,5.076,5.076,5.076,5.076,0,0
PLWPLN00,D,20240716,000000,5.215,5.215,5.215,5.215,0,0
PLWPLN00,D,20240717,000000,5.151,5.151,5.151,5.151,0,0
PLWPLN00,D,20240718,000000,5.22,5.22,5.22,5.22,0,0
PLWPLN00,D,20240719,000000,5.144,5.144,5.144,5.144,0,0
PLWPLN00,D,20240722,000000,5.042,5.042,5.042,5.042,0,0
PLWPLN00,D,20240723,000000,5.206,5.206,5.206,5.206,0,0
PLWPLN00,D,20240724,000000,5.213,5.213,5.213,5.213,0,0
PLWPLN00,D,20240725,000000,5.437,5.437,5.437,5.437,0,0
PLWPLN00,D,20240726,000000,5.197,5.197,5.197,5.197,0,0
PLWPLN00,D,20240729,000000,5.222,5.222,5.222,5.222,0,0
PLWPLN00,D,20240730,000000,4.735,4.735,4.735,4.735,0,0
PLWPLN00,D,20240731,000000,3.753,3.753,3.753,3.753,0,0
PLWPLN00,D,20240801,000000,5.075,5.075,5.075,5.075,0,0
PLWPLN00,D,20240802,000000,5.378,5.378,5.378,5.378,0,0
PLWPLN00,D,20240805,000000,5.391,5.391,5.391,5.391,0,0
PLWPLN00,D,20240806,000000,5.392,5.392,5.392,5.392,0,0
PLWPLN00,D,20240807,000000,5.461,5.461,5.461,5.461,0,0
PLWPLN00,D,20240808,000000,5.538,5.538,5.538,5.538,0,0
PLWPLN00,D,20240809,000000,5.463,5.463,5.463,5.463,0,0
PLWPLN00,D,20240812,000000,5.393,5.393,5.393,5.393,0,0
PLWPLN00,D,20240813,000000,5.409,5.409,5.409,5.409,0,0
PLWPLN00,D,20240814,000000,5.481,5.481,5.481,5.481,0,0
PLWPLN00,D,20240816,000000,5.536,5.536,5.536,5.536,0,0
PLWPLN00,D,20240819,000000,5.403,5.403,5.403,5.403,0,0
PLWPLN00,D,20240820,000000,5.456,5.456,5.456,5.456,0,0
PLWPLN00,D,20240821,000000,5.423,5.423,5.423,5.423,0,0
PLWPLN00,D,20240822,000000,5.44,5.44,5.44,5.44,0,0
PLWPLN00,D,20240823,000000,5.357,5.357,5.357,5.357,0,0
PLWPLN00,D,20240826,000000,5.385,5.385,5.385,5.385,0,0
PLWPLN00,D,20240827,000000,5.256,5.256,5.256,5.256,0,0
PLWPLN00,D,20240828,000000,5.264,5.264,5.264,5.264,0,0
PLWPLN00,D,20240829,000000,5.678,5.678,5.678,5.678,0,0
PLWPLN00,D,20240830,000000,4.1,4.1,4.1,4.1,0,0
PLWPLN00,D,20240902,000000,5.027,5.027,5.027,5.027,0,0
PLWPLN00,D,20240903,000000,5.037,5.037,5.037,5.037,0,0
PLWPLN00,D,20240904,000000,5.351,5.351,5.351,5.351,0,0
PLWPLN00,D,20240905,000000,5.208,5.208,5.208,5.208,0,0
PLWPLN00,D,20240906,000000,5.089,5.089,5.089,5.089,0,0
PLWPLN00,D,20240909,000000,5.219,5.219,5.219,5.219,0,0
PLWPLN00,D,20240910,000000,5.31,5.31,5.31,5.31,0,0
PLWPLN00,D,20240911,000000,5.287,5.287,5.287,5.287,0,0
PLWPLN00,D,20240912,000000,5.546,5.546,5.546,5.546,0,0
PLWPLN00,D,20240913,000000,5.439,5.439,5.439,5.439,0,0
PLWPLN00,D,20240916,000000,5.368,5.368,5.368,5.368,0,0
PLWPLN00,D,20240917,000000,5.33,5.33,5.33,5.33,0,0
PLWPLN00,D,20240918,000000,5.295,5.295,5.295,5.295,0,0
PLWPLN00,D,20240919,000000,5.332,5.332,5.332,5.332,0,0
PLWPLN00,D,20240920,000000,5.167,5.167,5.167,5.167,0,0
PLWPLN00,D,20240923,000000,5.156,5.156,5.156,5.156,0,0
PLWPLN00,D,20240924,000000,5.058,5.058,5.058,5.058,0,0
PLWPLN00,D,20240925,000000,5.217,5.217,5.217,5.217,0,0
PLWPLN00,D,20240926,000000,5.218,5.218,5.218,5.218,0,0
PLWPLN00,D,20240927,000000,4.532,4.532,4.532,4.532,0,0
PLWPLN00,D,20240930,000000,3.978,3.978,3.978,3.978,0,0
PLWPLN00,D,20241001,000000,4.852,4.852,4.852,4.852,0,0
PLWPLN00,D,20241002,000000,4.99,4.99,4.99,4.99,0,0
PLWPLN00,D,20241003,000000,4.836,4.836,4.836,4.836,0,0
PLWPLN00,D,20241004,000000,5.079,5.079,5.079,5.079,0,0
PLWPLN00,D,20241007,000000,5.217,5.217,5.217,5.217,0,0
PLWPLN00,D,20241008,000000,5.177,5.177,5.177,5.177,0,0
PLWPLN00,D,20241009,000000,5.3,5.3,5.3,5.3,0,0
PLWPLN00,D,20241010,000000,5.265,5.265,5.265,5.265,0,0
PLWPLN00,D,20241011,000000,5.176,5.176,5.176,5.176,0,0
PLWPLN00,D,20241014,000000,5.058,5.058,5.058,5.058,0,0
PLWPLN00,D,20241015,000000,5.457,5.457,5.457,5.457,0,0
PLWPLN00,D,20241016,000000,5.383,5.383,5.383,5.383,0,0
PLWPLN00,D,20241017,000000,5.271,5.271,5.271,5.271,0,0
PLWPLN00,D,20241018,000000,4.991,4.991,4.991,4.991,0,0
PLWPLN00,D,20241021,000000,5.04,5.04,5.04,5.04,0,0
PLWPLN00,D,20241022,000000,4.78,4.78,4.78,4.78,0,0
PLWPLN00,D,20241023,000000,4.788,4.788,4.788,4.788,0,0
PLWPLN00,D,20241024,000000,5.325,5.325,5.325,5.325,0,0
PLWPLN00,D,20241025,000000,5.301,5.301,5.301,5.301,0,0
PLWPLN00,D,20241028,000000,5.428,5.428,5.428,5.428,0,0
PLWPLN00,D,20241029,000000,5.396,5.396,5.396,5.396,0,0
PLWPLN00,D,20241030,000000,5.15,5.15,5.15,5.15,0,0
PLWPLN00,D,20241031,000000,3.816,3.816,3.816,3.816,0,0
PLWPLN00,D,20241104,000000,5.464,5.464,5.464,5.464,0,0
PLWPLN00,D,20241105,000000,5.205,5.205,5.205,5.205,0,0
PLWPLN00,D,20241106,000000,5.235,5.235,5.235,5.235,0,0
PLWPLN00,D,20241107,000000,5.356,5.356,5.356,5.356,0,0
PLWPLN00,D,20241108,000000,5.541,5.541,5.541,5.541,0,0
PLWPLN00,D,20241112,000000,5.51,5.51,5.51,5.51,0,0
PLWPLN00,D,20241113,000000,5.429,5.429,5.429,5.429,0,0
PLWPLN00,D,20241114,000000,5.543,5.543,5.543,5.543,0,0
PLWPLN00,D,20241115,000000,5.388,5.388,5.388,5.388,0,0
PLWPLN00,D,20241118,000000,5.307,5.307,5.307,5.307,0,0
PLWPLN00,D,20241119,000000,5.317,5.317,5.317,5.317,0,0
PLWPLN00,D,20241120,000000,5.419,5.419,5.419,5.419,0,0
PLWPLN00,D,20241121,000000,5.428,5.428,5.428,5.428,0,0
PLWPLN00,D,20241122,000000,5.278,5.278,5.278,5.278,0,0
PLWPLN00,D,20241125,000000,5.461,5.461,5.461,5.461,0,0
PLWPLN00,D,20241126,000000,5.483,5.483,5.483,5.483,0,0
PLWPLN00,D,20241127,000000,5.435,5.435,5.435,5.435,0,0
PLWPLN00,D,20241128,000000,5.272,5.272,5.272,5.272,0,0
PLWPLN00,D,20241129,000000,4.038,4.038,4.038,4.038,0,0
PLWPLN00,D,20241202,000000,5.045,5.045,5.045,5.045,0,0
PLWPLN00,D,20241203,000000,5.257,5.257,5.257,5.257,0,0
PLWPLN00,D,20241204,000000,5.385,5.385,5.385,5.385,0,0
PLWPLN00,D,20241205,000000,5.15,5.15,5.15,5.15,0,0
PLWPLN00,D,20241206,000000,5.232,5.232,5.232,5.232,0,0
PLWPLN00,D,20241209,000000,5.009,5.009,5.009,5.009,0,0
PLWPLN00,D,20241210,000000,5.118,5.118,5.118,5.118,0,0
PLWPLN00,D,20241211,000000,4.981,4.981,4.981,4.981,0,0
PLWPLN00,D,20241212,000000,5.209,5.209,5.209,5.209,0,0
PLWPLN00,D,20241213,000000,5.03,5.03,5.03,5.03,0,0
PLWPLN00,D,20241216,000000,4.803,4.803,4.803,4.803,0,0
PLWPLN00,D,20241217,000000,5.215,5.215,5.215,5.215,0,0
PLWPLN00,D,20241218,000000,5.078,5.078,5.078,5.078,0,0
PLWPLN00,D,20241219,000000,5.04,5.04,5.04,5.04,0,0
PLWPLN00,D,20241220,000000,5.049,5.049,5.049,5.049,0,0
PLWPLN00,D,20241223,000000,5.186,5.186,5.186,5.186,0,0
PLWPLN00,D,20241224,000000,5.225,5.225,5.225,5.225,0,0
PLWPLN00,D,20241227,000000,4.63,4.63,4.63,4.63,0,0
PLWPLN00,D,20241230,000000,4.597,4.597,4.597,4.597,0,0
PLWPLN00,D,20241231,000000,3.53,3.53,3.53,3.53,0,0
PLWPLN00,D,20250102,000000,5.163,5.163,5.163,5.163,0,0
PLWPLN00,D,20250103,000000,4.896,4.896,4.896,4.896,0,0
PLWPLN00,D,20250107,000000,5.394,5.394,5.394,5.394,0,0
PLWPLN00,D,20250108,000000,4.809,4.809,4.809,4.809,0,0
PLWPLN00,D,20250109,000000,5.17,5.17,5.17,5.17,0,0
PLWPLN00,D,20250110,000000,5.065,5.065,5.065,5.065,0,0
PLWPLN00,D,20250113,000000,5.366,5.366,5.366,5.366,0,0
PLWPLN00,D,20250114,000000,4.955,4.955,4.955,4.955,0,0
PLWPLN00,D,20250115,000000,5.328,5.328,5.328,5.328,0,0
PLWPLN00,D,20250116,000000,5.543,5.543,5.543,5.543,0,0
PLWPLN00,D,20250117,000000,5.329,5.329,5.329,5.329,0,0
PLWPLN00,D,20250120,000000,5.4,5.4,5.4,5.4,0,0
PLWPLN00,D,20250121,000000,4.96,4.96,4.96,4.96,0,0
PLWPLN00,D,20250122,000000,5.31,5.31,5.31,5.31,0,0
PLWPLN00,D,20250123,000000,5.009,5.009,5.009,5.009,0,0
PLWPLN00,D,20250124,000000,5.23,5.23,5.23,5.23,0,0
PLWPLN00,D,20250127,000000,5.413,5.413,5.413,5.413,0,0
PLWPLN00,D,20250128,000000,4.754,4.754,4.754,4.754,0,0
PLWPLN00,D,20250129,000000,5.228,5.228,5.228,5.228,0,0
PLWPLN00,D,20250130,000000,5.046,5.046,5.046,5.046,0,0
PLWPLN00,D,20250131,000000,3.814,3.814,3.814,3.814,0,0
PLWPLN00,D,20250203,000000,5.256,5.256,5.256,5.256,0,0
PLWPLN00,D,20250204,000000,5.101,5.101,5.101,5.101,0,0
PLWPLN00,D,20250205,000000,5.042,5.042,5.042,5.042,0,0
PLWPLN00,D,20250206,000000,5.349,5.349,5.349,5.349,0,0
PLWPLN00,D,20250207,000000,4.881,4.881,4.881,4.881,0,0
PLWPLN00,D,20250210,000000,5.152,5.152,5.152,5.152,0,0
PLWPLN00,D,20250211,000000,5.096,5.096,5.096,5.096,0,0
PLWPLN00,D,20250212,000000,4.97,4.97,4.97,4.97,0,0
PLWPLN00,D,20250213,000000,4.789,4.789,4.789,4.789,0,0
PLWPLN00,D,20250214,000000,4.913,4.913,4.913,4.913,0,0
PLWPLN00,D,20250217,000000,5.134,5.134,5.134,5.134,0,0
PLWPLN00,D,20250218,000000,5.413,5.413,5.413,5.413,0,0
PLWPLN00,D,20250219,000000,4.696,4.696,4.696,4.696,0,0
PLWPLN00,D,20250220,000000,5.073,5.073,5.073,5.073,0,0
PLWPLN00,D,20250221,000000,4.768,4.768,4.768,4.768,0,0
PLWPLN00,D,20250224,000000,5.208,5.208,5.208,5.208,0,0
PLWPLN00,D,20250225,000000,4.973,4.973,4.973,4.973,0,0
PLWPLN00,D,20250226,000000,4.745,4.745,4.745,4.745,0,0
PLWPLN00,D,20250227,000000,4.974,4.974,4.974,4.974,0,0
PLWPLN00,D,20250228,000000,3.729,3.729,3.729,3.729,0,0
PLWPLN00,D,20250303,000000,5.089,5.089,5.089,5.089,0,0
PLWPLN00,D,20250304,000000,5.075,5.075,5.075,5.075,0,0
PLWPLN00,D,20250305,000000,4.887,4.887,4.887,4.887,0,0
PLWPLN00,D,20250306,000000,5.041,5.041,5.041,5.041,0,0
PLWPLN00,D,20250307,000000,4.556,4.556,4.556,4.556,0,0
PLWPLN00,D,20250310,000000,5.184,5.184,5.184,5.184,0,0
PLWPLN00,D,20250311,000000,4.843,4.843,4.843,4.843,0,0
PLWPLN00,D,20250312,000000,5.096,5.096,5.096,5.096,0,0
PLWPLN00,D,20250313,000000,4.747,4.747,4.747,4.747,0,0
PLWPLN00,D,20250314,000000,4.506,4.506,4.506,4.506,0,0
PLWPLN00,D,20250317,000000,5.153,5.153,5.153,5.153,0,0
PLWPLN00,D,20250318,000000,4.854,4.854,4.854,4.854,0,0
PLWPLN00,D,20250319,000000,4.933,4.933,4.933,4.933,0,0
PLWPLN00,D,20250320,000000,4.879,4.879,4.879,4.879,0,0
PLWPLN00,D,20250321,000000,5.088,5.088,5.088,5.088,0,0
PLWPLN00,D,20250324,000000,5.064,5.064,5.064,5.064,0,0
PLWPLN00,D,20250325,000000,4.836,4.836,4.836,4.836,0,0
PLWPLN00,D,20250326,000000,4.914,4.914,4.914,4.914,0,0
PLWPLN00,D,20250327,000000,5.17,5.17,5.17,5.17,0,0
PLWPLN00,D,20250328,000000,4.677,4.677,4.677,4.677,0,0
PLWPLN00,D,20250331,000000,3.721,3.721,3.721,3.721,0,0
PLWPLN00,D,20250401,000000,5.047,5.047,5.047,5.047,0,0
PLWPLN00,D,20250402,000000,4.997,4.997,4.997,4.997,0,0
PLWPLN00,D,20250403,000000,4.977,4.977,4.977,4.977,0,0
PLWPLN00,D,20250404,000000,4.863,4.863,4.863,4.863,0,0
PLWPLN00,D,20250407,000000,4.861,4.861,4.861,4.861,0,0
PLWPLN00,D,20250408,000000,5.239,5.239,5.239,5.239,0,0
PLWPLN00,D,20250409,000000,5.253,5.253,5.253,5.253,0,0
PLWPLN00,D,20250410,000000,5.182,5.182,5.182,5.182,0,0
PLWPLN00,D,20250411,000000,5.249,5.249,5.249,5.249,0,0
PLWPLN00,D,20250414,000000,5.142,5.142,5.142,5.142,0,0
PLWPLN00,D,20250415,000000,5.246,5.246,5.246,5.246,0,0
PLWPLN00,D,20250416,000000,5.105,5.105,5.105,5.105,0,0
PLWPLN00,D,20250417,000000,5.351,5.351,5.351,5.351,0,0
PLWPLN00,D,20250418,000000,5.261,5.261,5.261,5.261,0,0
PLWPLN00,D,20250422,000000,5.452,5.452,5.452,5.452,0,0
PLWPLN00,D,20250423,000000,5.344,5.344,5.344,5.344,0,0
PLWPLN00,D,20250424,000000,5.373,5.373,5.373,5.373,0,0
PLWPLN00,D,20250425,000000,5.346,5.346,5.346,5.346,0,0
PLWPLN00,D,20250428,000000,5.465,5.465,5.465,5.465,0,0
PLWPLN00,D,20250429,000000,5.339,5.339,5.339,5.339,0,0
PLWPLN00,D,20250430,000000,4.969,4.969,4.969,4.969,0,0
PLWPLN00,D,20250502,000000,5.418,5.418,5.418,5.418,0,0
PLWPLN00,D,20250505,000000,5.285,5.285,5.285,5.285,0,0
PLWPLN00,D,20250506,000000,5.132,5.132,5.132,5.132,0,0
PLWPLN00,D,20250507,000000,5.243,5.243,5.243,5.243,0,0
PLWPLN00,D,20250508,000000,5.16,5.16,5.16,5.16,0,0
PLWPLN00,D,20250509,000000,5.485,5.485,5.485,5.485,0,0
PLWPLN00,D,20250512,000000,4.719,4.719,4.719,4.719,0,0
PLWPLN00,D,20250513,000000,4.78,4.78,4.78,4.78,0,0
PLWPLN00,D,20250514,000000,4.775,4.775,4.775,4.775,0,0
PLWPLN00,D,20250515,000000,4.841,4.841,4.841,4.841,0,0
PLWPLN00,D,20250516,000000,4.826,4.826,4.826,4.826,0,0
PLWPLN00,D,20250519,000000,4.605,4.605,4.605,4.605,0,0
PLWPLN00,D,20250520,000000,4.878,4.878,4.878,4.878,0,0
PLWPLN00,D,20250521,000000,4.856,4.856,4.856,4.856,0,0
PLWPLN00,D,20250522,000000,4.757,4.757,4.757,4.757,0,0
PLWPLN00,D,20250523,000000,4.779,4.779,4.779,4.779,0,0
PLWPLN00,D,20250526,000000,4.658,4.658,4.658,4.658,0,0
PLWPLN00,D,20250527,000000,4.741,4.741,4.741,4.741,0,0
PLWPLN00,D,20250528,000000,4.555,4.555,4.555,4.555,0,0
PLWPLN00,D,20250529,000000,4.461,4.461,4.461,4.461,0,0
PLWPLN00,D,20250530,000000,3.574,3.574,3.574,3.574,0,0
PLWPLN00,D,20250602,000000,4.893,4.893,4.893,4.893,0,0
PLWPLN00,D,20250603,000000,4.755,4.755,4.755,4.755,0,0
PLWPLN00,D,20250604,000000,4.74,4.74,4.74,4.74,0,0
PLWPLN00,D,20250605,000000,4.684,4.684,4.684,4.684,0,0
PLWPLN00,D,20250606,000000,4.35,4.35,4.35,4.35,0,0
PLWPLN00,D,20250609,000000,4.468,4.468,4.468,4.468,0,0
PLWPLN00,D,20250610,000000,4.591,4.591,4.591,4.591,0,0
PLWPLN00,D,20250611,000000,4.524,4.524,4.524,4.524,0,0
PLWPLN00,D,20250612,000000,4.799,4.799,4.799,4.799,0,0
PLWPLN00,D,20250613,000000,4.43,4.43,4.43,4.43,0,0
PLWPLN00,D,20250616,000000,4.699,4.699,4.699,4.699,0,0
PLWPLN00,D,20250617,000000,4.677,4.677,4.677,4.677,0,0
PLWPLN00,D,20250618,000000,4.756,4.756,4.756,4.756,0,0
PLWPLN00,D,20250620,000000,4.709,4.709,4.709,4.709,0,0
PLWPLN00,D,20250623,000000,4.581,4.581,4.581,4.581,0,0
PLWPLN00,D,20250624,000000,4.645,4.645,4.645,4.645,0,0
PLWPLN00,D,20250625,000000,4.425,4.425,4.425,4.425,0,0
PLWPLN00,D,20250626,000000,4.483,4.483,4.483,4.483,0,0
PLWPLN00,D,20250627,000000,4.788,4.788,4.788,4.788,0,0
PLWPLN00,D,20250630,000000,3.816,3.816,3.816,3.816,0,0
PLWPLN00,D,20250701,000000,4.658,4.658,4.658,4.658,0,0
PLWPLN00,D,20250702,000000,4.359,4.359,4.359,4.359,0,0
PLWPLN00,D,20250703,000000,4.584,4.584,4.584,4.584,0,0
PLWPLN00,D,20250704,000000,4.464,4.464,4.464,4.464,0,0
PLWPLN00,D,20250707,000000,4.674,4.674,4.674,4.674,0,0
PLWPLN00,D,20250708,000000,4.703,4.703,4.703,4.703,0,0
PLWPLN00,D,20250709,000000,4.729,4.729,4.729,4.729,0,0
PLWPLN00,D,20250710,000000,4.664,4.664,4.664,4.664,0,0
PLWPLN00,D,20250711,000000,4.523,4.523,4.523,4.523,0,0
PLWPLN00,D,20250714,000000,4.589,4.589,4.589,4.589,0,0
PLWPLN00,D,20250715,000000,4.647,4.647,4.647,4.647,0,0
PLWPLN00,D,20250716,000000,4.601,4.601,4.601,4.601,0,0
PLWPLN00,D,20250717,000000,4.695,4.695,4.695,4.695,0,0
PLWPLN00,D,20250718,000000,4.329,4.329,4.329,4.329,0,0
PLWPLN00,D,20250721,000000,4.708,4.708,4.708,4.708,0,0
PLWPLN00,D,20250722,000000,4.598,4.598,4.598,4.598,0,0
PLWPLN00,D,20250723,000000,4.634,4.634,4.634,4.634,0,0
PLWPLN00,D,20250724,000000,4.334,4.334,4.334,4.334,0,0
PLWPLN00,D,20250725,000000,4.347,4.347,4.347,4.347,0,0
PLWPLN00,D,20250728,000000,4.538,4.538,4.538,4.538,0,0
PLWPLN00,D,20250729,000000,4.37,4.37,4.37,4.37,0,0
PLWPLN00,D,20250730,000000,4.341,4.341,4.341,4.341,0,0
PLWPLN00,D,20250731,000000,3.486,3.486,3.486,3.486,0,0
PLWPLN00,D,20250801,000000,4.539,4.539,4.539,4.539,0,0
PLWPLN00,D,20250804,000000,4.514,4.514,4.514,4.514,0,0
PLWPLN00,D,20250805,000000,4.308,4.308,4.308,4.308,0,0
PLWPLN00,D,20250806,000000,4.309,4.309,4.309,4.309,0,0
PLWPLN00,D,20250807,000000,4.428,4.428,4.428,4.428,0,0
PLWPLN00,D,20250808,000000,4.537,4.537,4.537,4.537,0,0
PLWPLN00,D,20250811,000000,4.51,4.51,4.51,4.51,0,0
PLWPLN00,D,20250812,000000,4.284,4.284,4.284,4.284,0,0
PLWPLN00,D,20250813,000000,4.337,4.337,4.337,4.337,0,0
PLWPLN00,D,20250814,000000,4.647,4.647,4.647,4.647,0,0
PLWPLN00,D,20250818,000000,4.655,4.655,4.655,4.655,0,0
PLWPLN00,D,20250819,000000,4.599,4.599,4.599,4.599,0,0
PLWPLN00,D,20250820,000000,4.522,4.522,4.522,4.522,0,0
PLWPLN00,D,20250821,000000,4.775,4.775,4.775,4.775,0,0
PLWPLN00,D,20250822,000000,4.7,4.7,4.7,4.7,0,0
PLWPLN00,D,20250825,000000,4.637,4.637,4.637,4.637,0,0
PLWPLN00,D,20250826,000000,4.482,4.482,4.482,4.482,0,0
PLWPLN00,D,20250827,000000,4.635,4.635,4.635,4.635,0,0
PLWPLN00,D,20250828,000000,4.51,4.51,4.51,4.51,0,0
PLWPLN00,D,20250829,000000,3.281,3.281,3.281,3.281,0,0
PLWPLN00,D,20250901,000000,4.423,4.423,4.423,4.423,0,0
PLWPLN00,D,20250902,000000,4.39,4.39,4.39,4.39,0,0
PLWPLN00,D,20250903,000000,4.231,4.231,4.231,4.231,0,0
PLWPLN00,D,20250904,000000,4.041,4.041,4.041,4.041,0,0
PLWPLN00,D,20250905,000000,3.992,3.992,3.992,3.992,0,0
PLWPLN00,D,20250908,000000,4.015,4.015,4.015,4.015,0,0
PLWPLN00,D,20250909,000000,4.074,4.074,4.074,4.074,0,0
PLWPLN00,D,20250910,000000,4.314,4.314,4.314,4.314,0,0
PLWPLN00,D,20250911,000000,4.212,4.212,4.212,4.212,0,0
PLWPLN00,D,20250912,000000,4.328,4.328,4.328,4.328,0,0
PLWPLN00,D,20250915,000000,4.26,4.26,4.26,4.26,0,0
PLWPLN00,D,20250916,000000,4.324,4.324,4.324,4.324,0,0
PLWPLN00,D,20250917,000000,4.321,4.321,4.321,4.321,0,0
PLWPLN00,D,20250918,000000,4.298,4.298,4.298,4.298,0,0
PLWPLN00,D,20250919,000000,4.109,4.109,4.109,4.109,0,0
PLWPLN00,D,20250922,000000,4.185,4.185,4.185,4.185,0,0
PLWPLN00,D,20250923,000000,4.179,4.179,4.179,4.179,0,0
PLWPLN00,D,20250924,000000,4.203,4.203,4.203,4.203,0,0
PLWPLN00,D,20250925,000000,4.146,4.146,4.146,4.146,0,0
PLWPLN00,D,20250926,000000,4.404,4.404,4.404,4.404,0,0
PLWPLN00,D,20250929,000000,4.229,4.229,4.229,4.229,0,0
PLWPLN00,D,20250930,000000,3.41,3.41,3.41,3.41,0,0
PLWPLN00,D,20251001,000000,4.16,4.16,4.16,4.16,0,0
PLWPLN00,D,20251002,000000,4.305,4.305,4.305,4.305,0,0
PLWPLN00,D,20251003,000000,4.236,4.236,4.236,4.236,0,0
PLWPLN00,D,20251006,000000,4.139,4.139,4.139,4.139,0,0
PLWPLN00,D,20251007,000000,4.033,4.033,4.033,4.033,0,0
PLWPLN00,D,20251008,000000,4.03,4.03,4.03,4.03,0,0
PLWPLN00,D,20251009,000000,3.951,3.951,3.951,3.951,0,0
PLWPLN00,D,20251010,000000,3.796,3.796,3.796,3.796,0,0
PLWPLN00,D,20251013,000000,3.988,3.988,3.988,3.988,0,0
PLWPLN00,D,20251014,000000,4.101,4.101,4.101,4.101,0,0
PLWPLN00,D,20251015,000000,4.047,4.047,4.047,4.047,0,0
PLWPLN00,D,20251016,000000,4.117,4.117,4.117,4.117,0,0
PLWPLN00,D,20251017,000000,4.028,4.028,4.028,4.028,0,0
PLWPLN00,D,20251020,000000,3.965,3.965,3.965,3.965,0,0
PLWPLN00,D,20251021,000000,3.956,3.956,3.956,3.956,0,0
PLWPLN00,D,20251022,000000,3.873,3.873,3.873,3.873,0,0
PLWPLN00,D,20251023,000000,3.75,3.75,3.75,3.75,0,0
PLWPLN00,D,20251024,000000,3.737,3.737,3.737,3.737,0,0
PLWPLN00,D,20251027,000000,4.037,4.037,4.037,4.037,0,0
PLWPLN00,D,20251028,000000,4.042,4.042,4.042,4.042,0,0
PLWPLN00,D,20251029,000000,4.006,4.006,4.006,4.006,0,0
PLWPLN00,D,20251030,000000,3.85,3.85,3.85,3.85,0,0
PLWPLN00,D,20251031,000000,2.944,2.944,2.944,2.944,0,0
PLWPLN00,D,20251103,000000,3.978,3.978,3.978,3.978,0,0
PLWPLN00,D,20251104,000000,4.087,4.087,4.087,4.087,0,0
PLWPLN00,D,20251105,000000,3.879,3.879,3.879,3.879,0,0
PLWPLN00,D,20251106,000000,3.91,3.91,3.91,3.91,0,0
PLWPLN00,D,20251107,000000,3.987,3.987,3.987,3.987,0,0
PLWPLN00,D,20251110,000000,4.004,4.004,4.004,4.004,0,0
PLWPLN00,D,20251112,000000,3.876,3.876,3.876,3.876,0,0
PLWPLN00,D,20251113,000000,3.921,3.921,3.921,3.921,0,0
PLWPLN00,D,20251114,000000,3.911,3.911,3.911,3.911,0,0
PLWPLN00,D,20251117,000000,3.898,3.898,3.898,3.898,0,0
PLWPLN00,D,20251118,000000,3.83,3.83,3.83,3.83,0,0
PLWPLN00,D,20251119,000000,3.83,3.83,3.83,3.83,0,0
PLWPLN00,D,20251120,000000,3.856,3.856,3.856,3.856,0,0
PLWPLN00,D,20251121,000000,3.518,3.518,3.518,3.518,0,0
PLWPLN00,D,20251124,000000,3.636,3.636,3.636,3.636,0,0
PLWPLN00,D,20251125,000000,3.649,3.649,3.649,3.649,0,0
PLWPLN00,D,20251126,000000,3.551,3.551,3.551,3.551,0,0
PLWPLN00,D,20251127,000000,3.601,3.601,3.601,3.601,0,0
PLWPLN00,D,20251128,000000,2.712,2.712,2.712,2.712,0,0
PLWPLN00,D,20251201,000000,3.811,3.811,3.811,3.811,0,0
PLWPLN00,D,20251202,000000,3.673,3.673,3.673,3.673,0,0
PLWPLN00,D,20251203,000000,3.714,3.714,3.714,3.714,0,0
PLWPLN00,D,20251204,000000,3.401,3.401,3.401,3.401,0,0
PLWPLN00,D,20251205,000000,3.422,3.422,3.422,3.422,0,0
PLWPLN00,D,20251208,000000,3.415,3.415,3.415,3.415,0,0
PLWPLN00,D,20251209,000000,3.372,3.372,3.372,3.372,0,0
PLWPLN00,D,20251210,000000,3.431,3.431,3.431,3.431,0,0
PLWPLN00,D,20251211,000000,3.433,3.433,3.433,3.433,0,0
PLWPLN00,D,20251212,000000,3.551,3.551,3.551,3.551,0,0
PLWPLN00,D,20251215,000000,3.411,3.411,3.411,3.411,0,0
PLWPLN00,D,20251216,000000,3.487,3.487,3.487,3.487,0,0
PLWPLN00,D,20251217,000000,3.522,3.522,3.522,3.522,0,0
PLWPLN00,D,20251218,000000,3.185,3.185,3.185,3.185,0,0
PLWPLN00,D,20251219,000000,3.287,3.287,3.287,3.287,0,0
PLWPLN00,D,20251222,000000,3.136,3.136,3.136,3.136,0,0
PLWPLN00,D,20251223,000000,3.078,3.078,3.078,3.078,0,0
PLWPLN00,D,20251229,000000,3.189,3.189,3.189,3.189,0,0
PLWPLN00,D,20251230,000000,3.22,3.22,3.22,3.22,0,0
PLWPLN00,D,20251231,000000,2.277,2.277,2.277,2.277,0,0
PLWPLN00,D,20260102,000000,3.332,3.332,3.332,3.332,0,0
PLWPLN00,D,20260105,000000,3.121,3.121,3.121,3.121,0,0
PLWPLN00,D,20260107,000000,3.41,3.41,3.41,3.41,0,0
PLWPLN00,D,20260108,000000,3.153,3.153,3.153,3.153,0,0
PLWPLN00,D,20260109,000000,3.456,3.456,3.456,3.456,0,0
PLWPLN00,D,20260112,000000,3.514,3.514,3.514,3.514,0,0
PLWPLN00,D,20260113,000000,3.468,3.468,3.468,3.468,0,0
PLWPLN00,D,20260114,000000,3.52,3.52,3.52,3.52,0,0
PLWPLN00,D,20260115,000000,3.545,3.545,3.545,3.545,0,0
PLWPLN00,D,20260116,000000,3.543,3.543,3.543,3.543,0,0
PLWPLN00,D,20260119,000000,3.375,3.375,3.375,3.375,0,0
PLWPLN00,D,20260120,000000,3.165,3.165,3.165,3.165,0,0
PLWPLN00,D,20260121,000000,3.312,3.312,3.312,3.312,0,0
PLWPLN00,D,20260122,000000,3.475,3.475,3.475,3.475,0,0
PLWPLN00,D,20260123,000000,3.388,3.388,3.388,3.388,0,0
PLWPLN00,D,20260126,000000,3.614,3.614,3.614,3.614,0,0
PLWPLN00,D,20260127,000000,3.606,3.606,3.606,3.606,0,0
PLWPLN00,D,20260128,000000,3.452,3.452,3.452,3.452,0,0
PLWPLN00,D,20260129,000000,3.25,3.25,3.25,3.25,0,0
PLWPLN00,D,20260130,000000,2.388,2.388,2.388,2.388,0,0
PLWPLN00,D,20260202,000000,2.983,2.983,2.983,2.983,0,0
PLWPLN00,D,20260203,000000,3.357,3.357,3.357,3.357,0,0
PLWPLN00,D,20260204,000000,3.436,3.436,3.436,3.436,0,0
PLWPLN00,D,20260205,000000,3.342,3.342,3.342,3.342,0,0
PLWPLN00,D,20260206,000000,3.111,3.111,3.111,3.111,0,0
PLWPLN00,D,20260209,000000,3.252,3.252,3.252,3.252,0,0
