<TICKER>,<PER>,<DATE>,<TIME>,<OPEN>,<HIGH>,<LOW>,<CLOSE>,<VOL>,<OPENINT>
10YCAP.B,D,20240321,000000,98.09,98.09,97.84,97.84,0,0
10YCAP.B,D,20240322,000000,97.84,98.38,97.84,98.38,0,0
10YCAP.B,D,20240325,000000,98.38,98.46,98.11,98.11,0,0
10YCAP.B,D,20240326,000000,98.05,98.05,97.7,97.7,0,0
10YCAP.B,D,20240327,000000,97.99,98.12,97.99,98.12,0,0
10YCAP.B,D,20240328,000000,98.47,98.47,98.47,98.47,0,0
10YCAP.B,D,20240401,000000,95.99,95.99,94.92,94.92,0,0
10YCAP.B,D,20240402,000000,94.92,95.03,94.7,94.7,0,0
10YCAP.B,D,20240403,000000,94.86,94.86,94.67,94.67,0,0
10YCAP.B,D,20240404,000000,95.03,95.15,95.03,95.15,0,0
10YCAP.B,D,20240405,000000,95.36,95.54,95.36,95.54,0,0
10YCAP.B,D,20240408,000000,95.54,95.54,94.97,94.97,0,0
10YCAP.B,D,20240409,000000,94.76,95.11,94.76,95.11,0,0
10YCAP.B,D,20240410,000000,95.29,95.29,94.57,94.57,0,0
10YCAP.B,D,20240411,000000,94.17,94.17,93.99,93.99,0,0
10YCAP.B,D,20240412,000000,93.88,93.88,93.88,93.88,0,0
10YCAP.B,D,20240415,000000,93.88,94.55,93.73,93.73,0,0
10YCAP.B,D,20240416,000000,93.82,93.86,93.82,93.86,0,0
10YCAP.B,D,20240417,000000,93.92,93.94,93.92,93.94,0,0
10YCAP.B,D,20240418,000000,94.14,94.14,93.87,93.87,0,0
10YCAP.B,D,20240419,000000,93.74,93.97,93.74,93.97,0,0
10YCAP.B,D,20240422,000000,93.97,93.97,93.65,93.65,0,0
10YCAP.B,D,20240423,000000,93.75,93.81,93.75,93.81,0,0
10YCAP.B,D,20240424,000000,93.66,93.66,93.35,93.35,0,0
10YCAP.B,D,20240425,000000,93.37,93.37,92.93,92.93,0,0
10YCAP.B,D,20240426,000000,92.82,93.24,92.82,93.24,0,0
10YCAP.B,D,20240429,000000,93.24,93.61,93.24,93.61,0,0
10YCAP.B,D,20240430,000000,93.76,93.76,93.33,93.33,0,0
10YCAP.B,D,20240501,000000,93.24,93.24,93.24,93.24,0,0
10YCAP.B,D,20240502,000000,93.24,93.76,93.24,93.76,0,0
10YCAP.B,D,20240503,000000,93.87,94.1,93.87,94.1,0,0
10YCAP.B,D,20240506,000000,94.1,94.15,94.1,94.15,0,0
10YCAP.B,D,20240507,000000,94.91,95.26,94.91,95.26,0,0
10YCAP.B,D,20240508,000000,95.13,95.13,94.76,94.76,0,0
10YCAP.B,D,20240509,000000,94.74,94.74,94.63,94.63,0,0
10YCAP.B,D,20240510,000000,94.77,94.77,94.3,94.3,0,0
10YCAP.B,D,20240513,000000,94.3,94.35,94.3,94.35,0,0
10YCAP.B,D,20240514,000000,94.32,94.32,94.22,94.22,0,0
10YCAP.B,D,20240515,000000,94.33,95.08,94.33,95.08,0,0
10YCAP.B,D,20240516,000000,95.08,95.3,95.08,95.25,0,0
10YCAP.B,D,20240517,000000,95.32,95.32,95.04,95.04,0,0
10YCAP.B,D,20240521,000000,94.85,95.34,94.85,95.34,0,0
10YCAP.B,D,20240522,000000,95.2,95.2,94.98,94.98,0,0
10YCAP.B,D,20240523,000000,95.09,95.09,94.77,94.77,0,0
10YCAP.B,D,20240524,000000,94.87,94.87,94.87,94.87,0,0
10YCAP.B,D,20240527,000000,94.87,94.87,94.86,94.86,0,0
10YCAP.B,D,20240528,000000,94.86,94.86,94.75,94.75,0,0
10YCAP.B,D,20240529,000000,94.24,94.24,93.79,93.79,0,0
10YCAP.B,D,20240530,000000,93.73,94,93.73,94.0,0,0
10YCAP.B,D,20240531,000000,94.2,94.88,94.2,94.88,0,0
10YCAP.B,D,20240603,000000,94.88,95.45,94.82,95.45,0,0
10YCAP.B,D,20240604,000000,95.81,96.19,95.81,96.19,0,0
10YCAP.B,D,20240605,000000,96.25,96.55,96.25,96.55,0,0
10YCAP.B,D,20240606,000000,96.77,96.77,96.63,96.63,0,0
10YCAP.B,D,20240607,000000,96.73,96.73,96.12,96.12,0,0
10YCAP.B,D,20240610,000000,96.12,96.13,95.83,95.83,0,0
10YCAP.B,D,20240611,000000,95.78,95.9,95.78,95.9,0,0
10YCAP.B,D,20240612,000000,96.0,96.14,96,96.14,0,0
10YCAP.B,D,20240613,000000,96.73,97,96.73,97.0,0,0
10YCAP.B,D,20240614,000000,97.25,97.73,97.25,97.73,0,0
10YCAP.B,D,20240617,000000,97.73,97.73,97.22,97.22,0,0
10YCAP.B,D,20240618,000000,97.38,97.66,97.38,97.66,0,0
10YCAP.B,D,20240619,000000,97.8,97.8,97.7,97.7,0,0
10YCAP.B,D,20240620,000000,97.7,97.7,96.93,96.93,0,0
10YCAP.B,D,20240621,000000,97.12,97.33,97.12,97.33,0,0
10YCAP.B,D,20240624,000000,97.33,97.33,97.07,97.07,0,0
10YCAP.B,D,20240625,000000,97.21,97.21,96.76,96.76,0,0
10YCAP.B,D,20240626,000000,96.83,96.83,96.83,96.83,0,0
10YCAP.B,D,20240627,000000,95.92,96.1,95.92,96.1,0,0
10YCAP.B,D,20240628,000000,96.06,96.2,96.06,96.2,0,0
10YCAP.B,D,20240702,000000,95.81,95.81,95,95.0,0,0
10YCAP.B,D,20240703,000000,94.99,95.31,94.99,95.31,0,0
10YCAP.B,D,20240704,000000,95.45,95.45,95.07,95.07,0,0
10YCAP.B,D,20240705,000000,95.03,95.68,95.03,95.68,0,0
10YCAP.B,D,20240708,000000,95.68,95.91,95.68,95.91,0,0
10YCAP.B,D,20240709,000000,95.91,96.07,95.91,96.06,0,0
10YCAP.B,D,20240710,000000,95.93,96.1,95.93,96.1,0,0
10YCAP.B,D,20240711,000000,96.08,96.53,96.08,96.53,0,0
10YCAP.B,D,20240712,000000,96.39,96.58,96.39,96.58,0,0
10YCAP.B,D,20240715,000000,96.58,96.58,96.54,96.54,0,0
10YCAP.B,D,20240716,000000,96.53,96.94,96.53,96.94,0,0
10YCAP.B,D,20240717,000000,97.07,97.07,96.92,96.92,0,0
10YCAP.B,D,20240718,000000,97.12,97.12,97.12,97.12,0,0
10YCAP.B,D,20240719,000000,96.84,96.84,96.82,96.82,0,0
10YCAP.B,D,20240722,000000,96.82,96.92,96.7,96.92,0,0
10YCAP.B,D,20240723,000000,96.59,96.74,96.59,96.74,0,0
10YCAP.B,D,20240724,000000,96.74,97.07,96.74,97.07,0,0
10YCAP.B,D,20240725,000000,96.7,97.21,96.7,97.21,0,0
10YCAP.B,D,20240726,000000,96.89,97.36,96.89,97.36,0,0
10YCAP.B,D,20240729,000000,97.36,97.58,97.34,97.58,0,0
10YCAP.B,D,20240730,000000,97.59,97.8,97.59,97.8,0,0
10YCAP.B,D,20240731,000000,98.05,98.16,98.05,98.16,0,0
10YCAP.B,D,20240801,000000,98.65,98.65,98.65,98.65,0,0
10YCAP.B,D,20240802,000000,99.07,99.92,99.07,99.92,0,0
10YCAP.B,D,20240806,000000,99.89,99.89,99.5,99.5,0,0
10YCAP.B,D,20240807,000000,99.01,99.01,98.6,98.6,0,0
10YCAP.B,D,20240808,000000,98.7,98.7,98.53,98.53,0,0
10YCAP.B,D,20240809,000000,98.57,98.95,98.57,98.95,0,0
10YCAP.B,D,20240812,000000,98.95,99.05,98.95,99.0,0,0
10YCAP.B,D,20240813,000000,99.3,99.61,99.3,99.61,0,0
10YCAP.B,D,20240814,000000,99.73,100.01,99.73,100.01,0,0
10YCAP.B,D,20240815,000000,99.79,99.79,99.33,99.33,0,0
10YCAP.B,D,20240816,000000,99.33,99.33,99.33,99.33,0,0
10YCAP.B,D,20240819,000000,99.33,99.69,99.33,99.37,0,0
10YCAP.B,D,20240820,000000,99.45,99.81,99.45,99.81,0,0
10YCAP.B,D,20240821,000000,99.94,99.94,99.83,99.83,0,0
10YCAP.B,D,20240822,000000,99.85,99.85,99.57,99.57,0,0
10YCAP.B,D,20240823,000000,99.4,99.62,99.4,99.62,0,0
10YCAP.B,D,20240826,000000,99.62,99.74,99.62,99.62,0,0
10YCAP.B,D,20240827,000000,99.55,99.55,99.22,99.22,0,0
10YCAP.B,D,20240828,000000,99.49,99.49,99.37,99.37,0,0
10YCAP.B,D,20240829,000000,99.26,99.26,98.85,98.85,0,0
10YCAP.B,D,20240830,000000,98.9,98.95,98.9,98.95,0,0
10YCAP.B,D,20240903,000000,98.69,98.69,98.69,98.69,0,0
10YCAP.B,D,20240904,000000,99.48,99.65,99.48,99.65,0,0
10YCAP.B,D,20240905,000000,100.06,100.2,100.06,100.2,0,0
10YCAP.B,D,20240906,000000,100.24,100.24,100.05,100.05,0,0
10YCAP.B,D,20240910,000000,99.94,100.52,99.94,100.52,0,0
10YCAP.B,D,20240911,000000,100.87,100.91,100.87,100.91,0,0
10YCAP.B,D,20240912,000000,100.71,100.74,100.71,100.74,0,0
10YCAP.B,D,20240913,000000,100.73,100.88,100.73,100.88,0,0
10YCAP.B,D,20240916,000000,100.88,101.05,100.82,101.05,0,0
10YCAP.B,D,20240917,000000,101.12,101.12,100.96,100.96,0,0
10YCAP.B,D,20240918,000000,100.92,100.92,100.82,100.82,0,0
10YCAP.B,D,20240919,000000,100.62,100.62,100.43,100.43,0,0
10YCAP.B,D,20240920,000000,100.64,100.64,100.3,100.3,0,0
10YCAP.B,D,20240923,000000,100.3,100.41,100.3,100.41,0,0
10YCAP.B,D,20240924,000000,100.46,100.46,100.46,100.46,0,0
10YCAP.B,D,20240925,000000,100.38,100.38,99.92,99.92,0,0
10YCAP.B,D,20240926,000000,99.9,99.9,99.9,99.9,0,0
10YCAP.B,D,20240927,000000,99.86,100.22,99.86,100.22,0,0
10YCAP.B,D,20241001,000000,100.41,100.6,100.41,100.6,0,0
10YCAP.B,D,20241002,000000,100.49,100.49,99.85,99.85,0,0
10YCAP.B,D,20241003,000000,99.79,99.79,99.79,99.79,0,0
10YCAP.B,D,20241004,000000,99.21,99.21,99.21,99.21,0,0
10YCAP.B,D,20241007,000000,99.21,99.21,97.88,97.88,0,0
10YCAP.B,D,20241008,000000,98.03,98.03,97.91,97.91,0,0
10YCAP.B,D,20241009,000000,98.08,98.08,97.88,97.88,0,0
10YCAP.B,D,20241010,000000,97.89,98,97.89,98.0,0,0
10YCAP.B,D,20241011,000000,98.15,98.15,98.15,98.15,0,0
10YCAP.B,D,20241015,000000,98.24,98.24,98.24,98.24,0,0
10YCAP.B,D,20241016,000000,98.82,99.27,98.82,99.27,0,0
10YCAP.B,D,20241017,000000,99.19,99.19,99.19,99.19,0,0
10YCAP.B,D,20241018,000000,98.69,98.69,98.69,98.69,0,0
10YCAP.B,D,20241021,000000,98.69,98.98,98.69,98.98,0,0
10YCAP.B,D,20241022,000000,98.09,98.09,98.09,98.09,0,0
10YCAP.B,D,20241023,000000,98.08,98.08,98.08,98.08,0,0
10YCAP.B,D,20241024,000000,97.86,97.87,97.86,97.87,0,0
10YCAP.B,D,20241025,000000,98.03,98.03,98.03,98.03,0,0
10YCAP.B,D,20241028,000000,98.03,98.03,97.93,97.93,0,0
10YCAP.B,D,20241029,000000,97.79,97.79,97.79,97.79,0,0
10YCAP.B,D,20241030,000000,97.98,98.12,97.98,98.12,0,0
10YCAP.B,D,20241031,000000,98.12,98.12,97.86,97.86,0,0
10YCAP.B,D,20241101,000000,97.86,98.22,97.73,97.73,0,0
10YCAP.B,D,20241104,000000,97.73,97.73,97.66,97.66,0,0
10YCAP.B,D,20241105,000000,98.09,98.09,98.09,98.09,0,0
10YCAP.B,D,20241106,000000,98.09,98.09,97.97,97.97,0,0
10YCAP.B,D,20241107,000000,97.49,97.49,97.49,97.49,0,0
10YCAP.B,D,20241108,000000,97.49,98.65,97.49,98.65,0,0
10YCAP.B,D,20241112,000000,98.54,98.54,98.54,98.54,0,0
10YCAP.B,D,20241113,000000,97.83,97.83,97.83,97.83,0,0
10YCAP.B,D,20241114,000000,97.68,97.85,97.43,97.85,0,0
10YCAP.B,D,20241115,000000,97.7,97.7,97.7,97.7,0,0
10YCAP.B,D,20241118,000000,97.7,97.8,97.7,97.8,0,0
10YCAP.B,D,20241119,000000,97.75,97.75,97.66,97.66,0,0
10YCAP.B,D,20241120,000000,97.66,97.66,97.21,97.21,0,0
10YCAP.B,D,20241121,000000,96.9,96.9,96.79,96.79,0,0
10YCAP.B,D,20241122,000000,96.33,96.33,96.33,96.33,0,0
10YCAP.B,D,20241125,000000,96.33,97.27,96.33,97.27,0,0
10YCAP.B,D,20241126,000000,97.52,97.52,97.52,97.52,0,0
10YCAP.B,D,20241127,000000,97.52,97.75,97.52,97.75,0,0
10YCAP.B,D,20241128,000000,98.02,98.32,98.02,98.32,0,0
10YCAP.B,D,20241129,000000,98.32,98.32,98.31,98.31,0,0
10YCAP.B,D,20241202,000000,98.31,100.87,98.31,100.87,0,0
10YCAP.B,D,20241203,000000,100.87,101.44,100.87,101.44,0,0
10YCAP.B,D,20241204,000000,101.07,101.07,101.07,101.07,0,0
10YCAP.B,D,20241205,000000,101.4,101.4,101.4,101.4,0,0
10YCAP.B,D,20241206,000000,101.43,101.43,101.43,101.43,0,0
10YCAP.B,D,20241209,000000,101.43,102.23,101.43,101.94,0,0
10YCAP.B,D,20241210,000000,101.69,101.69,101.69,101.69,0,0
10YCAP.B,D,20241211,000000,101.86,101.86,101.86,101.86,0,0
10YCAP.B,D,20241212,000000,101.3,101.3,101.3,101.3,0,0
10YCAP.B,D,20241213,000000,100.83,100.83,100.7,100.7,0,0
10YCAP.B,D,20241216,000000,100.7,100.7,100.4,100.4,0,0
10YCAP.B,D,20241217,000000,100.55,100.97,100.55,100.97,0,0
10YCAP.B,D,20241218,000000,100.92,100.92,100.92,100.92,0,0
10YCAP.B,D,20241219,000000,100.24,100.24,99.4,99.4,0,0
10YCAP.B,D,20241220,000000,99.2,99.68,99.2,99.68,0,0
10YCAP.B,D,20241223,000000,99.68,99.78,99.68,99.78,0,0
10YCAP.B,D,20241227,000000,99.64,99.64,99.64,99.64,0,0
10YCAP.B,D,20241230,000000,99.64,99.64,99.45,99.45,0,0
10YCAP.B,D,20250102,000000,99.45,100.2,99.45,100.2,0,0
10YCAP.B,D,20250103,000000,100.27,100.27,100.27,100.27,0,0
10YCAP.B,D,20250106,000000,100.27,100.27,100.19,100.19,0,0
10YCAP.B,D,20250107,000000,100.13,100.13,100.13,100.13,0,0
10YCAP.B,D,20250108,000000,99.6,99.6,99.6,99.6,0,0
10YCAP.B,D,20250109,000000,99.3,99.32,99.3,99.32,0,0
10YCAP.B,D,20250110,000000,99.2,99.2,98.48,98.48,0,0
10YCAP.B,D,20250113,000000,98.48,98.48,98.2,98.2,0,0
10YCAP.B,D,20250114,000000,97.87,97.87,97.87,97.87,0,0
10YCAP.B,D,20250115,000000,97.59,97.59,97.59,97.59,0,0
10YCAP.B,D,20250116,000000,98.6,98.6,98.6,98.6,0,0
10YCAP.B,D,20250117,000000,99.24,99.24,99.24,99.24,0,0
10YCAP.B,D,20250120,000000,99.24,99.63,99.24,99.63,0,0
10YCAP.B,D,20250121,000000,99.71,99.71,99.71,99.71,0,0
10YCAP.B,D,20250122,000000,99.91,99.91,99.91,99.91,0,0
10YCAP.B,D,20250123,000000,99.56,99.56,99.38,99.38,0,0
10YCAP.B,D,20250124,000000,99.39,99.39,99.39,99.39,0,0
10YCAP.B,D,20250127,000000,99.39,99.8,99.39,99.8,0,0
10YCAP.B,D,20250128,000000,99.8,100.43,99.8,100.43,0,0
10YCAP.B,D,20250129,000000,100.43,100.63,100.43,100.63,0,0
10YCAP.B,D,20250130,000000,100.66,100.66,100.66,100.66,0,0
10YCAP.B,D,20250131,000000,101.09,101.59,101.09,101.59,0,0
10YCAP.B,D,20250203,000000,101.59,101.59,101.56,101.56,0,0
10YCAP.B,D,20250204,000000,101.97,101.97,101.97,101.97,0,0
10YCAP.B,D,20250205,000000,102.02,102.02,102.02,102.02,0,0
10YCAP.B,D,20250206,000000,102.54,102.54,102.54,102.54,0,0
10YCAP.B,D,20250207,000000,102.45,102.45,102.45,102.45,0,0
10YCAP.B,D,20250210,000000,102.45,102.45,102.36,102.36,0,0
10YCAP.B,D,20250211,000000,101.6,101.6,101.6,101.6,0,0
10YCAP.B,D,20250212,000000,101.28,101.28,101.28,101.28,0,0
10YCAP.B,D,20250213,000000,100.59,100.59,100.59,100.59,0,0
10YCAP.B,D,20250214,000000,101.13,101.13,101.13,101.13,0,0
10YCAP.B,D,20250218,000000,101.29,101.29,101.29,101.29,0,0
10YCAP.B,D,20250219,000000,100.49,100.49,100.49,100.49,0,0
10YCAP.B,D,20250220,000000,100.64,100.64,100.64,100.64,0,0
10YCAP.B,D,20250221,000000,100.33,100.77,100.33,100.77,0,0
10YCAP.B,D,20250224,000000,100.77,101.08,100.69,101.08,0,0
10YCAP.B,D,20250225,000000,101.5,102.17,101.5,102.17,0,0
10YCAP.B,D,20250226,000000,102.16,102.16,101.99,101.99,0,0
10YCAP.B,D,20250227,000000,102.27,102.42,102.27,102.42,0,0
10YCAP.B,D,20250228,000000,102.4,102.73,102.4,102.73,0,0
10YCAP.B,D,20250303,000000,102.73,102.73,102.53,102.53,0,0
10YCAP.B,D,20250304,000000,103.53,103.53,103.53,103.53,0,0
10YCAP.B,D,20250305,000000,102.92,102.92,102.92,102.92,0,0
10YCAP.B,D,20250306,000000,102.37,102.37,102.37,102.37,0,0
10YCAP.B,D,20250307,000000,101.52,101.84,101.52,101.84,0,0
10YCAP.B,D,20250310,000000,101.84,101.84,101.84,101.84,0,0
10YCAP.B,D,20250311,000000,102.23,102.23,102.23,102.23,0,0
10YCAP.B,D,20250312,000000,102.05,102.05,102.05,102.05,0,0
10YCAP.B,D,20250313,000000,101.49,101.49,101.49,101.49,0,0
10YCAP.B,D,20250314,000000,101.69,101.69,101.69,101.69,0,0
10YCAP.B,D,20250317,000000,101.69,102.24,101.41,102.24,0,0
10YCAP.B,D,20250318,000000,102.0,102.0,102.0,102.0,0,0
10YCAP.B,D,20250319,000000,101.89,101.89,101.89,101.89,0,0
10YCAP.B,D,20250320,000000,102.1,102.32,102.1,102.32,0,0
10YCAP.B,D,20250321,000000,102.05,102.05,102.05,102.05,0,0
10YCAP.B,D,20250324,000000,102.05,102.12,102.05,102.12,0,0
10YCAP.B,D,20250325,000000,101.58,101.58,101.56,101.56,0,0
10YCAP.B,D,20250326,000000,101.43,101.43,101.43,101.43,0,0
10YCAP.B,D,20250327,000000,101.0,101.0,101.0,101.0,0,0
10YCAP.B,D,20250328,000000,101.3,101.3,101.3,101.3,0,0
10YCAP.B,D,20250331,000000,101.3,102.4,101.3,102.4,0,0
10YCAP.B,D,20250401,000000,102.38,102.61,102.38,102.61,0,0
10YCAP.B,D,20250402,000000,102.7,102.95,102.7,102.95,0,0
10YCAP.B,D,20250403,000000,102.8,103.01,102.8,103.01,0,0
10YCAP.B,D,20250404,000000,103.54,103.54,103.54,103.54,0,0
10YCAP.B,D,20250407,000000,103.54,103.54,102.18,102.18,0,0
10YCAP.B,D,20250408,000000,101.59,101.59,100.81,100.81,0,0
10YCAP.B,D,20250409,000000,100.96,100.96,100.96,100.96,0,0
10YCAP.B,D,20250410,000000,100.39,100.39,100.39,100.39,0,0
10YCAP.B,D,20250411,000000,100.17,100.17,100.12,100.12,0,0
10YCAP.B,D,20250414,000000,100.12,100.47,99.88,100.47,0,0
10YCAP.B,D,20250415,000000,101.08,101.15,101.08,101.15,0,0
10YCAP.B,D,20250416,000000,101.17,101.17,100.88,100.88,0,0
10YCAP.B,D,20250417,000000,101.42,101.42,101.41,101.41,0,0
10YCAP.B,D,20250421,000000,100.94,100.94,100.71,100.71,0,0
10YCAP.B,D,20250422,000000,100.11,100.47,100.11,100.47,0,0
10YCAP.B,D,20250423,000000,100.48,100.69,100.48,100.69,0,0
10YCAP.B,D,20250424,000000,100.07,100.3,100.07,100.3,0,0
10YCAP.B,D,20250425,000000,100.5,100.69,100.5,100.69,0,0
10YCAP.B,D,20250428,000000,100.69,100.69,100.56,100.56,0,0
10YCAP.B,D,20250429,000000,100.77,100.83,100.77,100.83,0,0
10YCAP.B,D,20250430,000000,100.97,100.97,100.97,100.97,0,0
10YCAP.B,D,20250502,000000,100.97,101.27,100.97,101.27,0,0
10YCAP.B,D,20250505,000000,101.27,101.27,100.5,100.5,0,0
10YCAP.B,D,20250506,000000,100.53,100.53,100.45,100.45,0,0
10YCAP.B,D,20250507,000000,100.87,101.15,100.87,101.15,0,0
10YCAP.B,D,20250508,000000,101.24,101.24,100.72,100.72,0,0
10YCAP.B,D,20250509,000000,100.39,100.79,100.39,100.79,0,0
10YCAP.B,D,20250512,000000,100.79,100.79,100.25,100.25,0,0
10YCAP.B,D,20250513,000000,100.35,100.35,100.3,100.3,0,0
10YCAP.B,D,20250514,000000,100.34,100.34,100.15,100.15,0,0
10YCAP.B,D,20250515,000000,99.91,100.37,99.91,100.37,0,0
10YCAP.B,D,20250516,000000,100.87,100.92,100.87,100.92,0,0
10YCAP.B,D,20250520,000000,100.62,100.62,99.57,99.57,0,0
10YCAP.B,D,20250521,000000,99.64,99.64,99.16,99.16,0,0
10YCAP.B,D,20250522,000000,98.91,98.91,98.91,98.91,0,0
10YCAP.B,D,20250523,000000,99.02,99.39,99.02,99.39,0,0
10YCAP.B,D,20250526,000000,99.39,99.49,99.12,99.49,0,0
10YCAP.B,D,20250527,000000,99.52,99.75,99.52,99.75,0,0
10YCAP.B,D,20250528,000000,99.97,99.97,99.59,99.59,0,0
10YCAP.B,D,20250529,000000,100.07,100.1,100.07,100.1,0,0
10YCAP.B,D,20250530,000000,100.38,100.38,100.32,100.32,0,0
10YCAP.B,D,20250602,000000,100.32,100.38,100.22,100.22,0,0
10YCAP.B,D,20250603,000000,100.2,100.2,100,100.0,0,0
10YCAP.B,D,20250604,000000,99.81,100.11,99.81,100.11,0,0
10YCAP.B,D,20250605,000000,100.13,100.13,99.91,99.91,0,0
10YCAP.B,D,20250606,000000,99.98,99.98,99.47,99.47,0,0
10YCAP.B,D,20250609,000000,99.47,99.89,98.95,98.95,0,0
10YCAP.B,D,20250610,000000,99.15,99.43,99.15,99.43,0,0
10YCAP.B,D,20250611,000000,99.23,99.25,99.23,99.25,0,0
10YCAP.B,D,20250612,000000,99.2,99.59,99.2,99.59,0,0
10YCAP.B,D,20250613,000000,99.36,99.36,99.28,99.28,0,0
10YCAP.B,D,20250616,000000,99.28,99.38,99,99.0,0,0
10YCAP.B,D,20250617,000000,98.82,98.84,98.82,98.84,0,0
10YCAP.B,D,20250618,000000,99.08,99.15,99.08,99.15,0,0
10YCAP.B,D,20250619,000000,99.33,99.34,99.33,99.34,0,0
10YCAP.B,D,20250620,000000,99.34,99.39,99.34,99.39,0,0
10YCAP.B,D,20250623,000000,99.39,99.82,99.39,99.82,0,0
10YCAP.B,D,20250624,000000,99.81,99.81,99.74,99.74,0,0
10YCAP.B,D,20250625,000000,99.84,99.84,99.36,99.36,0,0
10YCAP.B,D,20250626,000000,99.42,99.52,99.42,99.52,0,0
10YCAP.B,D,20250627,000000,99.54,99.59,99.54,99.59,0,0
10YCAP.B,D,20250630,000000,99.59,99.8,99.59,99.8,0,0
10YCAP.B,D,20250702,000000,100.05,100.05,99.36,99.36,0,0
10YCAP.B,D,20250703,000000,99.35,99.35,99.2,99.2,0,0
10YCAP.B,D,20250704,000000,99.15,99.61,99.15,99.61,0,0
10YCAP.B,D,20250707,000000,99.61,99.61,99.03,99.03,0,0
10YCAP.B,D,20250708,000000,99.03,99.03,98.74,98.74,0,0
10YCAP.B,D,20250709,000000,98.82,98.95,98.82,98.95,0,0
10YCAP.B,D,20250710,000000,99.28,99.28,98.83,98.83,0,0
10YCAP.B,D,20250711,000000,98.97,98.97,98.97,98.97,0,0
10YCAP.B,D,20250714,000000,98.49,98.49,98.09,98.09,0,0
10YCAP.B,D,20250715,000000,98.11,98.11,97.57,97.57,0,0
10YCAP.B,D,20250716,000000,97.45,97.65,97.45,97.65,0,0
10YCAP.B,D,20250717,000000,97.63,97.72,97.63,97.72,0,0
10YCAP.B,D,20250718,000000,97.72,97.72,97.72,97.72,0,0
10YCAP.B,D,20250721,000000,97.72,98.09,97.66,98.09,0,0
10YCAP.B,D,20250722,000000,98.09,98.29,98.09,98.29,0,0
10YCAP.B,D,20250723,000000,98.24,98.24,98.06,98.06,0,0
10YCAP.B,D,20250724,000000,97.83,97.83,97.67,97.67,0,0
10YCAP.B,D,20250725,000000,97.84,97.94,97.84,97.94,0,0
10YCAP.B,D,20250728,000000,97.94,98.07,97.94,98.04,0,0
10YCAP.B,D,20250729,000000,98.01,98.01,98.01,98.01,0,0
10YCAP.B,D,20250730,000000,98.43,98.43,98.22,98.22,0,0
10YCAP.B,D,20250731,000000,98.39,98.47,98.39,98.47,0,0
10YCAP.B,D,20250801,000000,98.56,99.12,98.56,99.12,0,0
10YCAP.B,D,20250805,000000,99.16,99.26,99.16,99.26,0,0
10YCAP.B,D,20250806,000000,99.15,99.15,99.11,99.11,0,0
10YCAP.B,D,20250807,000000,98.97,99.2,98.97,99.2,0,0
10YCAP.B,D,20250808,000000,99.08,99.19,99.08,99.19,0,0
10YCAP.B,D,20250811,000000,99.19,99.31,99.18,99.31,0,0
10YCAP.B,D,20250812,000000,99.09,99.09,99.05,99.05,0,0
10YCAP.B,D,20250813,000000,98.8,99.07,98.8,99.07,0,0
10YCAP.B,D,20250814,000000,99.07,99.07,98.93,98.93,0,0
10YCAP.B,D,20250815,000000,98.94,98.94,98.67,98.67,0,0
10YCAP.B,D,20250818,000000,98.67,98.67,98.45,98.45,0,0
10YCAP.B,D,20250819,000000,98.33,98.45,98.33,98.45,0,0
10YCAP.B,D,20250820,000000,98.69,98.71,98.69,98.71,0,0
10YCAP.B,D,20250821,000000,98.69,98.69,98.58,98.58,0,0
10YCAP.B,D,20250822,000000,98.44,98.44,98.44,98.44,0,0
10YCAP.B,D,20250825,000000,98.44,98.81,98.44,98.81,0,0
10YCAP.B,D,20250826,000000,98.48,98.48,98.45,98.45,0,0
10YCAP.B,D,20250827,000000,98.56,98.56,98.4,98.4,0,0
10YCAP.B,D,20250828,000000,98.67,98.67,98.67,98.67,0,0
10YCAP.B,D,20250829,000000,98.85,98.85,98.85,98.85,0,0
10YCAP.B,D,20250902,000000,97.66,98.75,97.66,98.75,0,0
10YCAP.B,D,20250903,000000,98.73,99.16,98.73,99.16,0,0
10YCAP.B,D,20250904,000000,99.2,99.42,99.2,99.42,0,0
10YCAP.B,D,20250905,000000,99.51,100.12,99.51,100.12,0,0
10YCAP.B,D,20250908,000000,100.12,100.47,100.12,100.47,0,0
10YCAP.B,D,20250909,000000,100.6,100.6,100.48,100.48,0,0
10YCAP.B,D,20250910,000000,100.47,100.7,100.47,100.7,0,0
10YCAP.B,D,20250911,000000,100.88,100.97,100.88,100.97,0,0
10YCAP.B,D,20250912,000000,100.99,100.99,100.67,100.67,0,0
10YCAP.B,D,20250915,000000,100.67,100.76,100.67,100.76,0,0
10YCAP.B,D,20250916,000000,100.94,100.94,100.94,100.94,0,0
10YCAP.B,D,20250917,000000,101.08,101.18,101.08,101.18,0,0
10YCAP.B,D,20250918,000000,100.76,100.76,100.63,100.63,0,0
10YCAP.B,D,20250919,000000,100.77,100.77,100.77,100.77,0,0
10YCAP.B,D,20250922,000000,100.63,100.67,100.63,100.67,0,0
10YCAP.B,D,20250923,000000,100.72,100.87,100.72,100.87,0,0
10YCAP.B,D,20250924,000000,100.8,100.8,100.61,100.61,0,0
10YCAP.B,D,20250925,000000,100.7,100.7,100.52,100.52,0,0
10YCAP.B,D,20250926,000000,100.53,100.53,100.53,100.53,0,0
10YCAP.B,D,20250929,000000,100.53,100.79,100.48,100.79,0,0
10YCAP.B,D,20250930,000000,100.89,100.89,100.89,100.89,0,0
10YCAP.B,D,20251001,000000,100.89,100.89,100.89,100.89,0,0
10YCAP.B,D,20251002,000000,100.88,100.9,100.88,100.9,0,0
10YCAP.B,D,20251003,000000,100.95,100.95,100.95,100.95,0,0
10YCAP.B,D,20251006,000000,100.95,100.95,100.63,100.63,0,0
10YCAP.B,D,20251007,000000,100.64,100.64,100.61,100.61,0,0
10YCAP.B,D,20251008,000000,100.61,100.97,100.61,100.97,0,0
10YCAP.B,D,20251009,000000,100.84,100.84,100.75,100.75,0,0
10YCAP.B,D,20251010,000000,100.73,100.73,100.66,100.66,0,0
10YCAP.B,D,20251013,000000,100.66,100.99,100.66,100.99,0,0
10YCAP.B,D,20251014,000000,100.99,101.06,100.99,101.06,0,0
10YCAP.B,D,20251015,000000,101.14,101.45,101.14,101.45,0,0
10YCAP.B,D,20251016,000000,101.35,101.35,101.35,101.35,0,0
10YCAP.B,D,20251017,000000,101.72,101.72,101.61,101.61,0,0
10YCAP.B,D,20251020,000000,101.61,101.61,101.57,101.57,0,0
10YCAP.B,D,20251021,000000,101.88,101.88,101.88,101.88,0,0
10YCAP.B,D,20251022,000000,101.69,101.69,101.66,101.66,0,0
10YCAP.B,D,20251023,000000,101.83,101.83,101.64,101.64,0,0
10YCAP.B,D,20251024,000000,101.58,101.58,101.58,101.58,0,0
10YCAP.B,D,20251027,000000,101.58,101.64,101.58,101.64,0,0
10YCAP.B,D,20251028,000000,101.93,101.93,101.93,101.93,0,0
10YCAP.B,D,20251029,000000,101.96,101.96,101.96,101.96,0,0
10YCAP.B,D,20251030,000000,101.07,101.07,101.07,101.07,0,0
10YCAP.B,D,20251031,000000,101.25,101.31,101.25,101.31,0,0
10YCAP.B,D,20251103,000000,101.31,101.35,101.31,101.35,0,0
10YCAP.B,D,20251104,000000,101.12,101.19,101.12,101.19,0,0
10YCAP.B,D,20251105,000000,101.19,101.31,101.19,101.31,0,0
10YCAP.B,D,20251106,000000,101.0,101.0,101.0,101.0,0,0
10YCAP.B,D,20251107,000000,101.46,101.46,101.46,101.46,0,0
10YCAP.B,D,20251110,000000,101.46,101.46,100.9,100.93,0,0
10YCAP.B,D,20251111,000000,100.94,100.94,100.94,100.94,0,0
10YCAP.B,D,20251112,000000,100.94,100.94,100.94,100.94,0,0
10YCAP.B,D,20251113,000000,101.14,101.14,101.14,101.14,0,0
10YCAP.B,D,20251114,000000,100.85,100.85,100.85,100.85,0,0
10YCAP.B,D,20251117,000000,100.85,100.85,100.5,100.5,0,0
10YCAP.B,D,20251118,000000,100.46,100.46,100.46,100.46,0,0
10YCAP.B,D,20251119,000000,100.31,100.31,100.31,100.31,0,0
10YCAP.B,D,20251120,000000,100.27,100.27,100.27,100.27,0,0
10YCAP.B,D,20251121,000000,100.52,100.52,100.52,100.52,0,0
10YCAP.B,D,20251124,000000,100.52,100.82,100.52,100.82,0,0
10YCAP.B,D,20251125,000000,100.82,100.94,100.82,100.94,0,0
10YCAP.B,D,20251126,000000,101.11,101.11,101.11,101.11,0,0
10YCAP.B,D,20251127,000000,101.19,101.19,101.19,101.19,0,0
10YCAP.B,D,20251128,000000,101.27,101.27,101.27,101.27,0,0
10YCAP.B,D,20251201,000000,101.27,101.27,101.07,101.07,0,0
10YCAP.B,D,20251202,000000,100.29,100.29,100.29,100.29,0,0
10YCAP.B,D,20251203,000000,100.34,100.34,100.34,100.34,0,0
10YCAP.B,D,20251204,000000,100.54,100.54,100.54,100.54,0,0
10YCAP.B,D,20251205,000000,100.24,100.24,100.24,100.24,0,0
10YCAP.B,D,20251208,000000,100.24,100.24,99.01,99.01,0,0
10YCAP.B,D,20251209,000000,98.92,98.92,98.69,98.69,0,0
10YCAP.B,D,20251210,000000,98.62,98.82,98.62,98.82,0,0
10YCAP.B,D,20251211,000000,98.94,98.94,98.94,98.94,0,0
10YCAP.B,D,20251212,000000,98.91,98.91,98.91,98.91,0,0
10YCAP.B,D,20251215,000000,98.91,98.91,98.79,98.79,0,0
10YCAP.B,D,20251216,000000,99.05,99.05,99,99.0,0,0
10YCAP.B,D,20251217,000000,99.15,99.15,99.15,99.15,0,0
10YCAP.B,D,20251218,000000,98.91,98.91,98.91,98.91,0,0
10YCAP.B,D,20251219,000000,99.12,99.12,98.21,98.21,0,0
10YCAP.B,D,20251222,000000,98.21,98.21,98.11,98.11,0,0
10YCAP.B,D,20251223,000000,98.23,98.45,98.23,98.45,0,0
10YCAP.B,D,20251225,000000,98.45,98.45,98.45,98.45,0,0
10YCAP.B,D,20251226,000000,98.45,98.45,98.45,98.45,0,0
10YCAP.B,D,20251229,000000,98.45,98.75,98.45,98.75,0,0
10YCAP.B,D,20251230,000000,98.86,98.86,98.56,98.56,0,0
10YCAP.B,D,20260101,000000,98.56,98.56,98.56,98.56,0,0
10YCAP.B,D,20260102,000000,98.56,98.56,98.27,98.27,0,0
10YCAP.B,D,20260105,000000,98.27,98.42,98.19,98.42,0,0
10YCAP.B,D,20260106,000000,98.6,98.6,98.6,98.6,0,0
10YCAP.B,D,20260107,000000,98.51,98.51,98.51,98.51,0,0
10YCAP.B,D,20260108,000000,98.79,98.79,98.79,98.79,0,0
10YCAP.B,D,20260109,000000,98.74,98.74,98.74,98.74,0,0
10YCAP.B,D,20260112,000000,98.74,98.87,98.74,98.87,0,0
10YCAP.B,D,20260113,000000,98.77,98.77,98.77,98.77,0,0
10YCAP.B,D,20260114,000000,98.71,98.86,98.71,98.86,0,0
10YCAP.B,D,20260115,000000,99.09,99.09,99.09,99.09,0,0
10YCAP.B,D,20260116,000000,99.15,99.15,99.15,99.15,0,0
10YCAP.B,D,20260119,000000,99.15,99.15,98.97,98.97,0,0
10YCAP.B,D,20260120,000000,98.84,98.84,98.64,98.64,0,0
10YCAP.B,D,20260121,000000,98.55,98.55,98.55,98.55,0,0
10YCAP.B,D,20260122,000000,98.63,98.63,98.63,98.63,0,0
10YCAP.B,D,20260123,000000,98.74,98.74,98.54,98.54,0,0
10YCAP.B,D,20260126,000000,98.54,98.62,98.54,98.62,0,0
10YCAP.B,D,20260127,000000,98.98,98.98,98.98,98.98,0,0
10YCAP.B,D,20260128,000000,98.62,98.62,98.62,98.62,0,0
10YCAP.B,D,20260129,000000,98.53,98.53,98.53,98.53,0,0
10YCAP.B,D,20260130,000000,98.63,98.63,98.61,98.61,0,0
10YCAP.B,D,20260202,000000,98.61,98.61,98.6,98.6,0,0
10YCAP.B,D,20260203,000000,98.52,98.52,98.52,98.52,0,0
10YCAP.B,D,20260204,000000,98.44,98.44,98.44,98.44,0,0
10YCAP.B,D,20260205,000000,98.47,98.47,98.47,98.47,0,0
10YCAP.B,D,20260206,000000,98.81,98.81,98.81,98.81,0,0
10YCAP.B,D,20260209,000000,98.81,98.81,98.75,98.75,0,0
10YCAP.B,D,20260210,000000,98.79,98.79,98.79,98.79,0,0
