<TICKER>,<PER>,<DATE>,<TIME>,<OPEN>,<HIGH>,<LOW>,<CLOSE>,<VOL>,<OPENINT>
10YUSP.B,D,20240321,000000,98.117188,98.117188,97.703125,97.703125,0,0
10YUSP.B,D,20240322,000000,98.085938,98.273438,98.085938,98.273438,0,0
10YUSP.B,D,20240325,000000,98.273438,98.273438,97.988281,97.988281,0,0
10YUSP.B,D,20240326,000000,98.078125,98.078125,97.929688,97.929688,0,0
10YUSP.B,D,20240327,000000,98.101562,98.359375,98.101562,98.359375,0,0
10YUSP.B,D,20240328,000000,98.195312,98.195312,98.195312,98.195312,0,0
10YUSP.B,D,20240401,000000,98.386719,98.484375,97.375,97.375,0,0
10YUSP.B,D,20240402,000000,97.375,97.445312,97.078125,97.078125,0,0
10YUSP.B,D,20240403,000000,96.917969,96.957031,96.917969,96.957031,0,0
10YUSP.B,D,20240404,000000,97.09375,97.445312,97.09375,97.445312,0,0
10YUSP.B,D,20240405,000000,97.484375,97.484375,97.15625,97.15625,0,0
10YUSP.B,D,20240408,000000,97.15625,97.15625,96.5625,96.617188,0,0
10YUSP.B,D,20240409,000000,96.851562,97.082031,96.851562,97.082031,0,0
10YUSP.B,D,20240410,000000,97.101562,97.101562,96.046875,96.046875,0,0
10YUSP.B,D,20240411,000000,95.585938,95.585938,95.515625,95.515625,0,0
10YUSP.B,D,20240412,000000,95.789062,95.789062,95.789062,95.789062,0,0
10YUSP.B,D,20240415,000000,95.789062,95.789062,95.101562,95.101562,0,0
10YUSP.B,D,20240416,000000,95.046875,95.046875,94.722656,94.722656,0,0
10YUSP.B,D,20240417,000000,94.929688,95.046875,94.929688,95.046875,0,0
10YUSP.B,D,20240418,000000,95.503906,95.503906,95.085938,95.085938,0,0
10YUSP.B,D,20240419,000000,95.351562,95.351562,95.15625,95.15625,0,0
10YUSP.B,D,20240422,000000,95.15625,95.15625,94.976562,95.023438,0,0
10YUSP.B,D,20240423,000000,95.15625,95.414062,95.15625,95.414062,0,0
10YUSP.B,D,20240424,000000,95.121094,95.121094,94.855469,94.855469,0,0
10YUSP.B,D,20240425,000000,94.976562,94.976562,94.460938,94.460938,0,0
10YUSP.B,D,20240426,000000,94.746094,94.855469,94.746094,94.855469,0,0
10YUSP.B,D,20240429,000000,94.855469,95.117188,94.855469,95.117188,0,0
10YUSP.B,D,20240430,000000,95.054688,95.054688,94.828125,94.828125,0,0
10YUSP.B,D,20240501,000000,94.742188,94.742188,94.742188,94.742188,0,0
10YUSP.B,D,20240502,000000,94.742188,95.3125,94.742188,95.3125,0,0
10YUSP.B,D,20240503,000000,95.449219,96.023438,95.449219,96.023438,0,0
10YUSP.B,D,20240506,000000,96.023438,96.023438,95.96875,95.96875,0,0
10YUSP.B,D,20240507,000000,96.421875,96.574219,96.421875,96.574219,0,0
10YUSP.B,D,20240508,000000,96.304688,96.304688,96.222656,96.222656,0,0
10YUSP.B,D,20240509,000000,98.90625,99.132812,98.90625,99.132812,0,0
10YUSP.B,D,20240510,000000,99.394531,99.394531,99.078125,99.078125,0,0
10YUSP.B,D,20240513,000000,99.078125,99.226562,99.078125,99.226562,0,0
10YUSP.B,D,20240514,000000,99.210938,99.320312,99.210938,99.320312,0,0
10YUSP.B,D,20240515,000000,99.609375,99.929688,99.609375,99.929688,0,0
10YUSP.B,D,20240516,000000,99.929688,100.367188,99.929688,100.132812,0,0
10YUSP.B,D,20240517,000000,99.953125,99.953125,99.789062,99.789062,0,0
10YUSP.B,D,20240520,000000,99.789062,99.789062,99.496094,99.496094,0,0
10YUSP.B,D,20240521,000000,99.496094,99.75,99.496094,99.75,0,0
10YUSP.B,D,20240522,000000,99.46875,99.535156,99.46875,99.535156,0,0
10YUSP.B,D,20240523,000000,99.492188,99.492188,99.0625,99.0625,0,0
10YUSP.B,D,20240524,000000,99.242188,99.242188,99.199219,99.199219,0,0
10YUSP.B,D,20240528,000000,99.414062,99.414062,99.1875,99.1875,0,0
10YUSP.B,D,20240529,000000,98.523438,98.523438,98.335938,98.335938,0,0
10YUSP.B,D,20240530,000000,98.273438,98.46875,98.273438,98.46875,0,0
10YUSP.B,D,20240531,000000,98.546875,99.066406,98.546875,99.066406,0,0
10YUSP.B,D,20240603,000000,99.066406,99.761719,99.066406,99.761719,0,0
10YUSP.B,D,20240604,000000,99.976562,100.261719,99.976562,100.261719,0,0
10YUSP.B,D,20240605,000000,100.171875,100.234375,100.171875,100.234375,0,0
10YUSP.B,D,20240606,000000,100.570312,100.613281,100.570312,100.613281,0,0
10YUSP.B,D,20240607,000000,100.585938,100.585938,99.625,99.625,0,0
10YUSP.B,D,20240610,000000,99.625,99.625,99.300781,99.300781,0,0
10YUSP.B,D,20240611,000000,99.429688,99.453125,99.429688,99.453125,0,0
10YUSP.B,D,20240612,000000,99.78125,100.808594,99.78125,100.808594,0,0
10YUSP.B,D,20240613,000000,100.4375,100.761719,100.4375,100.761719,0,0
10YUSP.B,D,20240614,000000,101.160156,101.359375,101.160156,101.359375,0,0
10YUSP.B,D,20240617,000000,101.359375,101.359375,100.804688,100.804688,0,0
10YUSP.B,D,20240618,000000,100.679688,101.1875,100.679688,101.1875,0,0
10YUSP.B,D,20240620,000000,101.0,101,100.863281,100.863281,0,0
10YUSP.B,D,20240621,000000,101.15625,101.15625,100.847656,100.847656,0,0
10YUSP.B,D,20240624,000000,100.847656,101.042969,100.847656,101.042969,0,0
10YUSP.B,D,20240625,000000,101.074219,101.074219,100.964844,100.964844,0,0
10YUSP.B,D,20240626,000000,100.816406,100.816406,100.816406,100.816406,0,0
10YUSP.B,D,20240627,000000,100.28125,100.707031,100.28125,100.707031,0,0
10YUSP.B,D,20240628,000000,100.628906,100.628906,100.328125,100.328125,0,0
10YUSP.B,D,20240701,000000,100.328125,100.328125,99.195312,99.195312,0,0
10YUSP.B,D,20240702,000000,99.402344,99.519531,99.402344,99.519531,0,0
10YUSP.B,D,20240703,000000,99.527344,100.261719,99.527344,100.261719,0,0
10YUSP.B,D,20240705,000000,100.195312,100.578125,100.195312,100.578125,0,0
10YUSP.B,D,20240708,000000,100.578125,100.730469,100.578125,100.710938,0,0
10YUSP.B,D,20240709,000000,100.710938,100.710938,100.644531,100.671875,0,0
10YUSP.B,D,20240710,000000,100.695312,100.695312,100.671875,100.671875,0,0
10YUSP.B,D,20240711,000000,100.675781,101.578125,100.675781,101.578125,0,0
10YUSP.B,D,20240712,000000,101.222656,101.398438,101.222656,101.398438,0,0
10YUSP.B,D,20240715,000000,101.398438,101.398438,101.125,101.125,0,0
10YUSP.B,D,20240716,000000,101.542969,101.542969,101.394531,101.394531,0,0
10YUSP.B,D,20240717,000000,101.613281,101.613281,101.558594,101.558594,0,0
10YUSP.B,D,20240718,000000,101.558594,101.558594,101.558594,101.558594,0,0
10YUSP.B,D,20240719,000000,101.335938,101.335938,101.183594,101.183594,0,0
10YUSP.B,D,20240722,000000,101.183594,101.285156,101.183594,101.261719,0,0
10YUSP.B,D,20240723,000000,101.058594,101.128906,101.058594,101.128906,0,0
10YUSP.B,D,20240724,000000,101.164062,101.164062,101.085938,101.085938,0,0
10YUSP.B,D,20240725,000000,101.121094,101.230469,101.121094,101.230469,0,0
10YUSP.B,D,20240726,000000,100.972656,101.394531,100.972656,101.394531,0,0
10YUSP.B,D,20240729,000000,101.394531,101.65625,101.394531,101.5625,0,0
10YUSP.B,D,20240730,000000,101.5625,101.625,101.5625,101.625,0,0
10YUSP.B,D,20240731,000000,101.949219,102.085938,101.949219,102.085938,0,0
10YUSP.B,D,20240801,000000,102.550781,102.550781,102.550781,102.550781,0,0
10YUSP.B,D,20240802,000000,103.359375,104.472656,103.359375,104.472656,0,0
10YUSP.B,D,20240805,000000,104.472656,104.960938,104.472656,104.8125,0,0
10YUSP.B,D,20240806,000000,104.179688,104.179688,104.148438,104.148438,0,0
10YUSP.B,D,20240807,000000,103.601562,103.601562,103.484375,103.484375,0,0
10YUSP.B,D,20240808,000000,99.746094,99.746094,98.949219,98.949219,0,0
10YUSP.B,D,20240809,000000,99.230469,99.511719,99.230469,99.511719,0,0
10YUSP.B,D,20240812,000000,99.511719,99.511719,99.511719,99.511719,0,0
10YUSP.B,D,20240813,000000,99.726562,100.042969,99.726562,100.042969,0,0
10YUSP.B,D,20240814,000000,100.191406,100.472656,100.191406,100.472656,0,0
10YUSP.B,D,20240815,000000,100.316406,100.316406,99.550781,99.550781,0,0
10YUSP.B,D,20240816,000000,99.742188,99.742188,99.742188,99.742188,0,0
10YUSP.B,D,20240819,000000,99.742188,100.074219,99.742188,100.011719,0,0
10YUSP.B,D,20240820,000000,100.058594,100.261719,100.058594,100.261719,0,0
10YUSP.B,D,20240821,000000,100.460938,100.460938,100.382812,100.382812,0,0
10YUSP.B,D,20240822,000000,100.65625,100.65625,100.175781,100.175781,0,0
10YUSP.B,D,20240823,000000,100.152344,100.660156,100.152344,100.660156,0,0
10YUSP.B,D,20240826,000000,100.660156,100.78125,100.496094,100.496094,0,0
10YUSP.B,D,20240827,000000,100.449219,100.449219,100.105469,100.105469,0,0
10YUSP.B,D,20240828,000000,100.414062,100.414062,100.351562,100.351562,0,0
10YUSP.B,D,20240829,000000,100.402344,100.402344,100.042969,100.042969,0,0
10YUSP.B,D,20240830,000000,100.132812,100.132812,100.074219,100.074219,0,0
10YUSP.B,D,20240903,000000,99.742188,99.742188,99.742188,99.742188,0,0
10YUSP.B,D,20240904,000000,100.554688,100.554688,100.484375,100.484375,0,0
10YUSP.B,D,20240905,000000,100.878906,101.09375,100.878906,101.09375,0,0
10YUSP.B,D,20240906,000000,101.421875,101.421875,101.046875,101.046875,0,0
10YUSP.B,D,20240909,000000,101.046875,101.164062,101.046875,101.164062,0,0
10YUSP.B,D,20240910,000000,101.257812,101.257812,101.257812,101.257812,0,0
10YUSP.B,D,20240911,000000,102.183594,102.183594,101.945312,101.945312,0,0
10YUSP.B,D,20240912,000000,101.660156,101.667969,101.660156,101.667969,0,0
10YUSP.B,D,20240913,000000,101.925781,101.925781,101.710938,101.710938,0,0
10YUSP.B,D,20240916,000000,101.710938,101.898438,101.710938,101.839844,0,0
10YUSP.B,D,20240917,000000,102.148438,102.148438,101.867188,101.867188,0,0
10YUSP.B,D,20240918,000000,101.808594,101.808594,101.585938,101.585938,0,0
10YUSP.B,D,20240919,000000,101.507812,101.507812,101.113281,101.113281,0,0
10YUSP.B,D,20240920,000000,101.339844,101.339844,101.035156,101.035156,0,0
10YUSP.B,D,20240923,000000,101.035156,101.109375,101.035156,101.109375,0,0
10YUSP.B,D,20240924,000000,100.84375,100.84375,100.84375,100.84375,0,0
10YUSP.B,D,20240925,000000,101.132812,101.132812,100.753906,100.753906,0,0
10YUSP.B,D,20240926,000000,100.796875,100.796875,100.796875,100.796875,0,0
10YUSP.B,D,20240927,000000,100.890625,100.898438,100.890625,100.898438,0,0
10YUSP.B,D,20240930,000000,100.898438,100.953125,100.839844,100.953125,0,0
10YUSP.B,D,20241001,000000,100.921875,101.414062,100.921875,101.414062,0,0
10YUSP.B,D,20241002,000000,100.96875,100.96875,100.523438,100.523438,0,0
10YUSP.B,D,20241003,000000,100.589844,100.589844,100.589844,100.589844,0,0
10YUSP.B,D,20241004,000000,100.273438,100.273438,100.273438,100.273438,0,0
10YUSP.B,D,20241007,000000,100.273438,100.273438,98.851562,98.851562,0,0
10YUSP.B,D,20241008,000000,98.902344,98.902344,98.757812,98.757812,0,0
10YUSP.B,D,20241009,000000,98.796875,98.796875,98.636719,98.636719,0,0
10YUSP.B,D,20241010,000000,98.363281,98.363281,98.359375,98.359375,0,0
10YUSP.B,D,20241011,000000,98.375,98.375,98.375,98.375,0,0
10YUSP.B,D,20241014,000000,98.375,98.375,98.179688,98.179688,0,0
10YUSP.B,D,20241015,000000,98.355469,98.355469,98.355469,98.355469,0,0
10YUSP.B,D,20241016,000000,98.859375,98.992188,98.859375,98.992188,0,0
10YUSP.B,D,20241017,000000,98.6875,98.6875,98.6875,98.6875,0,0
10YUSP.B,D,20241018,000000,98.097656,98.097656,98.097656,98.097656,0,0
10YUSP.B,D,20241021,000000,98.097656,98.257812,98.097656,98.257812,0,0
10YUSP.B,D,20241022,000000,97.34375,97.34375,97.34375,97.34375,0,0
10YUSP.B,D,20241023,000000,97.246094,97.246094,97.246094,97.246094,0,0
10YUSP.B,D,20241024,000000,97.390625,97.398438,97.390625,97.398438,0,0
10YUSP.B,D,20241025,000000,97.515625,97.515625,97.515625,97.515625,0,0
10YUSP.B,D,20241028,000000,97.515625,97.515625,96.8125,96.8125,0,0
10YUSP.B,D,20241029,000000,96.570312,96.570312,96.570312,96.570312,0,0
10YUSP.B,D,20241030,000000,97.125,97.125,96.820312,96.820312,0,0
10YUSP.B,D,20241031,000000,96.820312,96.820312,96.773438,96.773438,0,0
10YUSP.B,D,20241101,000000,96.773438,96.773438,96.367188,96.367188,0,0
10YUSP.B,D,20241104,000000,96.367188,96.589844,96.367188,96.589844,0,0
10YUSP.B,D,20241105,000000,96.5625,96.5625,96.5625,96.5625,0,0
10YUSP.B,D,20241106,000000,96.5625,98.777344,96.5625,98.777344,0,0
10YUSP.B,D,20241107,000000,98.695312,98.695312,98.695312,98.695312,0,0
10YUSP.B,D,20241108,000000,98.695312,99.789062,98.695312,99.789062,0,0
10YUSP.B,D,20241112,000000,99.546875,99.546875,99.171875,99.171875,0,0
10YUSP.B,D,20241113,000000,98.664062,98.664062,98.664062,98.664062,0,0
10YUSP.B,D,20241114,000000,98.664062,98.664062,98.289062,98.539062,0,0
10YUSP.B,D,20241115,000000,98.476562,98.476562,98.25,98.25,0,0
10YUSP.B,D,20241118,000000,98.25,98.492188,98.25,98.492188,0,0
10YUSP.B,D,20241119,000000,99.007812,99.023438,99.007812,99.023438,0,0
10YUSP.B,D,20241120,000000,99.023438,99.023438,98.609375,98.804688,0,0
10YUSP.B,D,20241121,000000,98.820312,98.925781,98.820312,98.925781,0,0
10YUSP.B,D,20241122,000000,98.8125,98.8125,98.8125,98.8125,0,0
10YUSP.B,D,20241125,000000,98.8125,99.640625,98.8125,99.640625,0,0
10YUSP.B,D,20241126,000000,99.609375,99.609375,99.609375,99.609375,0,0
10YUSP.B,D,20241127,000000,99.609375,99.765625,99.609375,99.765625,0,0
10YUSP.B,D,20241129,000000,99.914062,100.242188,99.914062,100.242188,0,0
10YUSP.B,D,20241202,000000,100.242188,100.433594,100.148438,100.148438,0,0
10YUSP.B,D,20241203,000000,100.148438,100.324219,100.148438,100.324219,0,0
10YUSP.B,D,20241204,000000,100.039062,100.039062,100.039062,100.039062,0,0
10YUSP.B,D,20241205,000000,100.355469,100.355469,100.355469,100.355469,0,0
10YUSP.B,D,20241206,000000,100.53125,100.53125,100.53125,100.53125,0,0
10YUSP.B,D,20241209,000000,100.53125,100.6875,100.480469,100.480469,0,0
10YUSP.B,D,20241210,000000,100.335938,100.335938,100.335938,100.335938,0,0
10YUSP.B,D,20241211,000000,100.140625,100.140625,100.140625,100.140625,0,0
10YUSP.B,D,20241212,000000,99.664062,99.664062,99.664062,99.664062,0,0
10YUSP.B,D,20241213,000000,99.394531,99.394531,99.007812,99.007812,0,0
10YUSP.B,D,20241216,000000,99.007812,99.007812,98.917969,98.953125,0,0
10YUSP.B,D,20241217,000000,98.691406,98.929688,98.691406,98.929688,0,0
10YUSP.B,D,20241218,000000,98.851562,98.851562,98.851562,98.851562,0,0
10YUSP.B,D,20241219,000000,97.882812,97.882812,97.503906,97.503906,0,0
10YUSP.B,D,20241220,000000,97.554688,97.960938,97.554688,97.960938,0,0
10YUSP.B,D,20241223,000000,97.960938,97.960938,97.679688,97.679688,0,0
10YUSP.B,D,20241226,000000,97.679688,97.679688,97.15625,97.15625,0,0
10YUSP.B,D,20241227,000000,97.203125,97.203125,97.203125,97.203125,0,0
10YUSP.B,D,20241230,000000,97.203125,97.289062,97.203125,97.289062,0,0
10YUSP.B,D,20250102,000000,97.289062,97.640625,97.289062,97.640625,0,0
10YUSP.B,D,20250103,000000,97.625,97.625,97.625,97.625,0,0
10YUSP.B,D,20250106,000000,97.625,97.625,97.105469,97.105469,0,0
10YUSP.B,D,20250107,000000,97.011719,97.011719,97.011719,97.011719,0,0
10YUSP.B,D,20250108,000000,96.664062,96.664062,96.664062,96.664062,0,0
10YUSP.B,D,20250109,000000,96.644531,96.773438,96.644531,96.773438,0,0
10YUSP.B,D,20250110,000000,96.523438,96.523438,96.257812,96.257812,0,0
10YUSP.B,D,20250113,000000,96.257812,96.257812,95.773438,95.867188,0,0
10YUSP.B,D,20250114,000000,95.945312,95.945312,95.945312,95.945312,0,0
10YUSP.B,D,20250115,000000,95.882812,95.882812,95.882812,95.882812,0,0
10YUSP.B,D,20250116,000000,96.765625,96.765625,96.765625,96.765625,0,0
10YUSP.B,D,20250117,000000,97.265625,97.265625,97.265625,97.265625,0,0
10YUSP.B,D,20250121,000000,97.414062,97.414062,97.414062,97.414062,0,0
10YUSP.B,D,20250122,000000,97.515625,97.515625,97.515625,97.515625,0,0
10YUSP.B,D,20250123,000000,97.195312,97.195312,96.828125,96.828125,0,0
10YUSP.B,D,20250124,000000,97.066406,97.066406,97.066406,97.066406,0,0
10YUSP.B,D,20250127,000000,97.066406,97.734375,97.066406,97.734375,0,0
10YUSP.B,D,20250128,000000,97.734375,97.734375,97.539062,97.539062,0,0
10YUSP.B,D,20250129,000000,97.914062,97.914062,97.851562,97.851562,0,0
10YUSP.B,D,20250130,000000,97.976562,97.976562,97.976562,97.976562,0,0
10YUSP.B,D,20250131,000000,97.84375,97.921875,97.84375,97.921875,0,0
10YUSP.B,D,20250203,000000,97.921875,97.921875,97.648438,97.648438,0,0
10YUSP.B,D,20250204,000000,97.480469,97.480469,97.480469,97.480469,0,0
10YUSP.B,D,20250205,000000,98.148438,98.148438,98.148438,98.148438,0,0
10YUSP.B,D,20250206,000000,98.476562,98.476562,98.476562,98.476562,0,0
10YUSP.B,D,20250207,000000,98.53125,98.53125,98.53125,98.53125,0,0
10YUSP.B,D,20250210,000000,98.53125,98.53125,98.148438,98.148438,0,0
10YUSP.B,D,20250211,000000,97.929688,97.929688,97.929688,97.929688,0,0
10YUSP.B,D,20250212,000000,97.71875,97.71875,97.71875,97.71875,0,0
10YUSP.B,D,20250213,000000,100.203125,100.203125,100.203125,100.203125,0,0
10YUSP.B,D,20250214,000000,100.65625,100.65625,100.65625,100.65625,0,0
10YUSP.B,D,20250218,000000,100.890625,100.890625,100.890625,100.890625,0,0
10YUSP.B,D,20250219,000000,100.460938,100.460938,100.460938,100.460938,0,0
10YUSP.B,D,20250220,000000,100.796875,100.796875,100.796875,100.796875,0,0
10YUSP.B,D,20250221,000000,101.136719,101.328125,101.136719,101.328125,0,0
10YUSP.B,D,20250224,000000,101.328125,101.71875,101.328125,101.71875,0,0
10YUSP.B,D,20250225,000000,102.242188,102.664062,102.242188,102.664062,0,0
10YUSP.B,D,20250226,000000,102.539062,102.5625,102.539062,102.5625,0,0
10YUSP.B,D,20250227,000000,102.585938,102.6875,102.585938,102.6875,0,0
10YUSP.B,D,20250228,000000,103.0625,103.15625,103.0625,103.15625,0,0
10YUSP.B,D,20250303,000000,103.15625,103.445312,103.15625,103.445312,0,0
10YUSP.B,D,20250304,000000,103.703125,103.703125,103.703125,103.703125,0,0
10YUSP.B,D,20250305,000000,103.421875,103.421875,103.421875,103.421875,0,0
10YUSP.B,D,20250306,000000,102.449219,102.449219,102.449219,102.449219,0,0
10YUSP.B,D,20250307,000000,103.027344,103.027344,102.996094,102.996094,0,0
10YUSP.B,D,20250310,000000,102.996094,102.996094,102.996094,102.996094,0,0
10YUSP.B,D,20250311,000000,103.375,103.375,103.375,103.375,0,0
10YUSP.B,D,20250312,000000,102.875,102.875,102.875,102.875,0,0
10YUSP.B,D,20250313,000000,102.476562,102.476562,102.476562,102.476562,0,0
10YUSP.B,D,20250314,000000,102.625,102.625,102.625,102.625,0,0
10YUSP.B,D,20250317,000000,102.625,102.796875,102.625,102.796875,0,0
10YUSP.B,D,20250318,000000,102.488281,102.488281,102.488281,102.488281,0,0
10YUSP.B,D,20250319,000000,102.671875,102.671875,102.671875,102.671875,0,0
10YUSP.B,D,20250320,000000,103.171875,103.199219,103.171875,103.199219,0,0
10YUSP.B,D,20250321,000000,103.199219,103.199219,103.199219,103.199219,0,0
10YUSP.B,D,20250324,000000,103.199219,103.199219,102.777344,102.777344,0,0
10YUSP.B,D,20250325,000000,102.226562,102.441406,102.226562,102.441406,0,0
10YUSP.B,D,20250326,000000,102.414062,102.414062,102.414062,102.414062,0,0
10YUSP.B,D,20250327,000000,101.964844,101.964844,101.964844,101.964844,0,0
10YUSP.B,D,20250328,000000,102.332031,102.332031,102.332031,102.332031,0,0
10YUSP.B,D,20250331,000000,102.332031,103.320312,102.332031,103.304688,0,0
10YUSP.B,D,20250401,000000,103.5625,103.667969,103.5625,103.667969,0,0
10YUSP.B,D,20250402,000000,103.679688,103.8125,103.679688,103.8125,0,0
10YUSP.B,D,20250403,000000,104.421875,104.804688,104.421875,104.804688,0,0
10YUSP.B,D,20250404,000000,105.515625,105.515625,105.515625,105.515625,0,0
10YUSP.B,D,20250407,000000,105.515625,105.566406,104.339844,104.339844,0,0
10YUSP.B,D,20250408,000000,103.761719,103.761719,103.433594,103.433594,0,0
10YUSP.B,D,20250409,000000,102.078125,102.078125,102.078125,102.078125,0,0
10YUSP.B,D,20250410,000000,102.671875,102.671875,102.671875,102.671875,0,0
10YUSP.B,D,20250411,000000,101.414062,101.414062,100.488281,100.488281,0,0
10YUSP.B,D,20250414,000000,100.488281,101.714844,100.488281,101.714844,0,0
10YUSP.B,D,20250415,000000,101.980469,102.144531,101.980469,102.144531,0,0
10YUSP.B,D,20250416,000000,102.597656,102.597656,102.199219,102.199219,0,0
10YUSP.B,D,20250417,000000,102.425781,102.652344,102.425781,102.652344,0,0
10YUSP.B,D,20250421,000000,102.367188,102.367188,102.042969,102.042969,0,0
10YUSP.B,D,20250422,000000,101.621094,101.839844,101.621094,101.839844,0,0
10YUSP.B,D,20250423,000000,102.160156,102.3125,102.160156,102.3125,0,0
10YUSP.B,D,20250424,000000,102.039062,102.453125,102.039062,102.453125,0,0
10YUSP.B,D,20250425,000000,102.574219,102.773438,102.574219,102.773438,0,0
10YUSP.B,D,20250428,000000,102.773438,103.082031,102.773438,103.082031,0,0
10YUSP.B,D,20250429,000000,103.0625,103.53125,103.0625,103.53125,0,0
10YUSP.B,D,20250430,000000,103.726562,103.726562,103.726562,103.726562,0,0
10YUSP.B,D,20250502,000000,103.726562,103.726562,103.242188,103.242188,0,0
10YUSP.B,D,20250505,000000,103.242188,103.242188,102.179688,102.179688,0,0
10YUSP.B,D,20250506,000000,102.0625,102.089844,102.0625,102.089844,0,0
10YUSP.B,D,20250507,000000,99.363281,99.683594,99.363281,99.683594,0,0
10YUSP.B,D,20250508,000000,99.628906,99.628906,99.445312,99.445312,0,0
10YUSP.B,D,20250509,000000,98.910156,99.117188,98.910156,99.117188,0,0
10YUSP.B,D,20250512,000000,99.117188,99.117188,98.417969,98.472656,0,0
10YUSP.B,D,20250513,000000,98.335938,98.335938,98.195312,98.195312,0,0
10YUSP.B,D,20250514,000000,98.222656,98.222656,98.097656,98.097656,0,0
10YUSP.B,D,20250515,000000,97.875,98.109375,97.875,98.109375,0,0
10YUSP.B,D,20250516,000000,98.695312,98.734375,98.695312,98.734375,0,0
10YUSP.B,D,20250519,000000,98.734375,98.734375,97.871094,97.871094,0,0
10YUSP.B,D,20250520,000000,98.5,98.5,98.046875,98.046875,0,0
10YUSP.B,D,20250521,000000,97.804688,97.804688,97.796875,97.796875,0,0
10YUSP.B,D,20250522,000000,97.34375,97.34375,97.339844,97.339844,0,0
10YUSP.B,D,20250523,000000,97.882812,97.882812,97.84375,97.84375,0,0
10YUSP.B,D,20250527,000000,98.367188,98.367188,98.175781,98.175781,0,0
10YUSP.B,D,20250528,000000,98.273438,98.273438,98.171875,98.171875,0,0
10YUSP.B,D,20250529,000000,97.796875,98.367188,97.796875,98.367188,0,0
10YUSP.B,D,20250530,000000,98.578125,98.664062,98.578125,98.664062,0,0
10YUSP.B,D,20250602,000000,98.664062,98.664062,98.476562,98.539062,0,0
10YUSP.B,D,20250603,000000,98.632812,98.632812,98.554688,98.554688,0,0
10YUSP.B,D,20250604,000000,98.304688,98.921875,98.304688,98.921875,0,0
10YUSP.B,D,20250605,000000,99.015625,99.179688,99.015625,99.179688,0,0
10YUSP.B,D,20250606,000000,98.949219,98.949219,98.273438,98.273438,0,0
10YUSP.B,D,20250609,000000,98.273438,98.273438,98.117188,98.117188,0,0
10YUSP.B,D,20250610,000000,98.382812,98.382812,98.296875,98.296875,0,0
10YUSP.B,D,20250611,000000,98.117188,98.351562,98.117188,98.351562,0,0
10YUSP.B,D,20250612,000000,98.765625,99.007812,98.765625,99.007812,0,0
10YUSP.B,D,20250613,000000,99.175781,99.175781,98.757812,98.757812,0,0
10YUSP.B,D,20250616,000000,98.757812,98.757812,98.421875,98.648438,0,0
10YUSP.B,D,20250617,000000,98.515625,98.539062,98.515625,98.539062,0,0
10YUSP.B,D,20250618,000000,98.828125,99.171875,98.828125,99.171875,0,0
10YUSP.B,D,20250620,000000,98.929688,98.929688,98.644531,98.644531,0,0
10YUSP.B,D,20250623,000000,98.644531,99.453125,98.644531,99.453125,0,0
10YUSP.B,D,20250624,000000,99.367188,99.53125,99.367188,99.53125,0,0
10YUSP.B,D,20250625,000000,99.757812,99.757812,99.335938,99.335938,0,0
10YUSP.B,D,20250626,000000,99.804688,99.851562,99.804688,99.851562,0,0
10YUSP.B,D,20250627,000000,99.90625,99.90625,99.761719,99.761719,0,0
10YUSP.B,D,20250630,000000,99.761719,99.976562,99.761719,99.855469,0,0
10YUSP.B,D,20250701,000000,100.453125,100.453125,99.945312,99.945312,0,0
10YUSP.B,D,20250702,000000,99.804688,99.804688,99.65625,99.65625,0,0
10YUSP.B,D,20250703,000000,99.933594,99.933594,99.3125,99.3125,0,0
10YUSP.B,D,20250707,000000,99.3125,99.3125,98.921875,98.921875,0,0
10YUSP.B,D,20250708,000000,98.800781,98.800781,98.601562,98.601562,0,0
10YUSP.B,D,20250709,000000,98.824219,98.976562,98.824219,98.976562,0,0
10YUSP.B,D,20250710,000000,99.257812,99.257812,99.0625,99.0625,0,0
10YUSP.B,D,20250711,000000,99.0,99.0,99.0,99.0,0,0
10YUSP.B,D,20250714,000000,98.789062,98.789062,98.605469,98.648438,0,0
10YUSP.B,D,20250715,000000,98.671875,98.671875,98.257812,98.257812,0,0
10YUSP.B,D,20250716,000000,98.132812,98.503906,98.132812,98.503906,0,0
10YUSP.B,D,20250717,000000,98.207031,98.445312,98.207031,98.445312,0,0
10YUSP.B,D,20250718,000000,98.507812,98.507812,98.507812,98.507812,0,0
10YUSP.B,D,20250721,000000,98.507812,99.132812,98.507812,99.132812,0,0
10YUSP.B,D,20250722,000000,98.96875,99.289062,98.96875,99.289062,0,0
10YUSP.B,D,20250723,000000,98.992188,99.039062,98.992188,99.039062,0,0
10YUSP.B,D,20250724,000000,98.773438,98.773438,98.726562,98.726562,0,0
10YUSP.B,D,20250725,000000,98.710938,98.738281,98.710938,98.738281,0,0
10YUSP.B,D,20250728,000000,98.738281,98.992188,98.738281,98.792969,0,0
10YUSP.B,D,20250729,000000,98.6875,98.6875,98.6875,98.6875,0,0
10YUSP.B,D,20250730,000000,99.375,99.375,99.140625,99.140625,0,0
10YUSP.B,D,20250731,000000,99.203125,99.210938,99.203125,99.210938,0,0
10YUSP.B,D,20250801,000000,98.9375,99.21875,98.9375,99.21875,0,0
10YUSP.B,D,20250804,000000,99.21875,100.199219,99.21875,100.199219,0,0
10YUSP.B,D,20250805,000000,100.328125,100.453125,100.328125,100.453125,0,0
10YUSP.B,D,20250806,000000,100.15625,100.15625,100.148438,100.148438,0,0
10YUSP.B,D,20250807,000000,100.109375,100.164062,100.109375,100.164062,0,0
10YUSP.B,D,20250808,000000,100.015625,100.015625,99.773438,99.773438,0,0
10YUSP.B,D,20250811,000000,99.773438,99.945312,99.773438,99.847656,0,0
10YUSP.B,D,20250812,000000,99.753906,99.753906,99.570312,99.570312,0,0
10YUSP.B,D,20250813,000000,99.90625,100.121094,99.90625,100.121094,0,0
10YUSP.B,D,20250814,000000,100.273438,100.273438,99.898438,99.898438,0,0
10YUSP.B,D,20250815,000000,99.726562,99.726562,99.601562,99.601562,0,0
10YUSP.B,D,20250818,000000,99.601562,99.65625,99.324219,99.324219,0,0
10YUSP.B,D,20250819,000000,99.234375,99.316406,99.234375,99.316406,0,0
10YUSP.B,D,20250820,000000,99.40625,99.6875,99.40625,99.6875,0,0
10YUSP.B,D,20250821,000000,99.539062,99.539062,99.410156,99.410156,0,0
10YUSP.B,D,20250822,000000,99.320312,99.320312,99.320312,99.320312,0,0
10YUSP.B,D,20250825,000000,99.320312,99.859375,99.320312,99.859375,0,0
10YUSP.B,D,20250826,000000,99.570312,99.71875,99.570312,99.71875,0,0
10YUSP.B,D,20250827,000000,99.890625,99.890625,99.722656,99.722656,0,0
10YUSP.B,D,20250828,000000,100.238281,100.238281,100.238281,100.238281,0,0
10YUSP.B,D,20250829,000000,100.242188,100.242188,100.242188,100.242188,0,0
10YUSP.B,D,20250902,000000,98.957031,99.773438,98.957031,99.773438,0,0
10YUSP.B,D,20250903,000000,99.648438,100.257812,99.648438,100.257812,0,0
10YUSP.B,D,20250904,000000,100.359375,100.375,100.359375,100.375,0,0
10YUSP.B,D,20250905,000000,100.679688,101.382812,100.679688,101.382812,0,0
10YUSP.B,D,20250908,000000,101.382812,101.523438,101.382812,101.523438,0,0
10YUSP.B,D,20250909,000000,101.441406,101.449219,101.441406,101.449219,0,0
10YUSP.B,D,20250910,000000,101.359375,101.542969,101.359375,101.542969,0,0
10YUSP.B,D,20250911,000000,101.625,101.894531,101.625,101.894531,0,0
10YUSP.B,D,20250912,000000,101.765625,101.765625,101.523438,101.523438,0,0
10YUSP.B,D,20250915,000000,101.523438,101.523438,101.425781,101.425781,0,0
10YUSP.B,D,20250916,000000,101.796875,101.796875,101.796875,101.796875,0,0
10YUSP.B,D,20250917,000000,101.820312,101.824219,101.820312,101.824219,0,0
10YUSP.B,D,20250918,000000,101.640625,101.640625,101.054688,101.054688,0,0
10YUSP.B,D,20250919,000000,100.984375,100.984375,100.984375,100.984375,0,0
10YUSP.B,D,20250922,000000,100.941406,100.996094,100.941406,100.996094,0,0
10YUSP.B,D,20250923,000000,100.9375,100.9375,100.875,100.875,0,0
10YUSP.B,D,20250924,000000,101.179688,101.179688,100.882812,100.882812,0,0
10YUSP.B,D,20250925,000000,100.882812,100.882812,100.535156,100.535156,0,0
10YUSP.B,D,20250926,000000,100.585938,100.585938,100.585938,100.585938,0,0
10YUSP.B,D,20250929,000000,100.585938,100.859375,100.585938,100.832031,0,0
10YUSP.B,D,20250930,000000,100.914062,100.929688,100.914062,100.929688,0,0
10YUSP.B,D,20251001,000000,100.789062,100.789062,100.789062,100.789062,0,0
10YUSP.B,D,20251002,000000,101.136719,101.296875,101.136719,101.296875,0,0
10YUSP.B,D,20251003,000000,101.25,101.25,101.25,101.25,0,0
10YUSP.B,D,20251006,000000,101.25,101.25,100.738281,100.738281,0,0
10YUSP.B,D,20251007,000000,100.664062,100.84375,100.664062,100.84375,0,0
10YUSP.B,D,20251008,000000,100.84375,101.15625,100.84375,101.078125,0,0
10YUSP.B,D,20251009,000000,100.96875,100.96875,100.824219,100.824219,0,0
10YUSP.B,D,20251010,000000,101.089844,101.167969,101.089844,101.167969,0,0
10YUSP.B,D,20251013,000000,101.167969,101.75,101.167969,101.75,0,0
10YUSP.B,D,20251014,000000,101.898438,101.898438,101.714844,101.714844,0,0
10YUSP.B,D,20251015,000000,101.945312,101.945312,101.925781,101.925781,0,0
10YUSP.B,D,20251016,000000,101.753906,101.753906,101.753906,101.753906,0,0
10YUSP.B,D,20251017,000000,102.382812,102.382812,101.894531,101.894531,0,0
10YUSP.B,D,20251020,000000,101.894531,101.894531,101.84375,101.84375,0,0
10YUSP.B,D,20251021,000000,102.25,102.382812,102.25,102.382812,0,0
10YUSP.B,D,20251022,000000,102.320312,102.320312,102.21875,102.21875,0,0
10YUSP.B,D,20251023,000000,102.164062,102.164062,102.140625,102.140625,0,0
10YUSP.B,D,20251024,000000,101.945312,101.945312,101.945312,101.945312,0,0
10YUSP.B,D,20251027,000000,101.945312,101.945312,101.804688,101.804688,0,0
10YUSP.B,D,20251028,000000,101.804688,102.25,101.804688,102.25,0,0
10YUSP.B,D,20251029,000000,102.140625,102.140625,102.140625,102.140625,0,0
10YUSP.B,D,20251030,000000,101.421875,101.421875,101.421875,101.421875,0,0
10YUSP.B,D,20251031,000000,101.140625,101.21875,101.140625,101.21875,0,0
10YUSP.B,D,20251103,000000,101.21875,101.339844,101.21875,101.339844,0,0
10YUSP.B,D,20251104,000000,101.28125,101.324219,101.28125,101.324219,0,0
10YUSP.B,D,20251105,000000,101.382812,101.382812,101.382812,101.382812,0,0
10YUSP.B,D,20251106,000000,100.90625,100.90625,100.90625,100.90625,0,0
10YUSP.B,D,20251107,000000,100.90625,101.140625,100.90625,101.140625,0,0
10YUSP.B,D,20251110,000000,101.140625,101.140625,100.898438,101.136719,0,0
10YUSP.B,D,20251111,000000,101.054688,101.054688,101.054688,101.054688,0,0
10YUSP.B,D,20251112,000000,101.289062,101.289062,101.289062,101.289062,0,0
10YUSP.B,D,20251113,000000,99.402344,99.402344,99.402344,99.402344,0,0
10YUSP.B,D,20251114,000000,98.964844,98.964844,98.964844,98.964844,0,0
10YUSP.B,D,20251117,000000,98.964844,98.96875,98.964844,98.96875,0,0
10YUSP.B,D,20251118,000000,98.96875,99.1875,98.96875,99.1875,0,0
10YUSP.B,D,20251119,000000,99.007812,99.007812,99.007812,99.007812,0,0
10YUSP.B,D,20251120,000000,99.007812,99.007812,98.9375,98.9375,0,0
10YUSP.B,D,20251121,000000,99.296875,99.296875,99.296875,99.296875,0,0
10YUSP.B,D,20251124,000000,99.296875,99.582031,99.296875,99.582031,0,0
10YUSP.B,D,20251125,000000,99.699219,99.699219,99.699219,99.699219,0,0
10YUSP.B,D,20251126,000000,99.699219,99.921875,99.699219,99.921875,0,0
10YUSP.B,D,20251127,000000,100.035156,100.035156,100.035156,100.035156,0,0
10YUSP.B,D,20251128,000000,100.035156,100.035156,99.976562,99.976562,0,0
10YUSP.B,D,20251201,000000,99.976562,99.976562,99.664062,99.664062,0,0
10YUSP.B,D,20251202,000000,99.664062,99.664062,99.238281,99.238281,0,0
10YUSP.B,D,20251203,000000,99.398438,99.398438,99.398438,99.398438,0,0
10YUSP.B,D,20251204,000000,99.398438,99.398438,99.261719,99.261719,0,0
10YUSP.B,D,20251205,000000,99.121094,99.121094,99.121094,99.121094,0,0
10YUSP.B,D,20251208,000000,99.121094,99.121094,98.816406,98.816406,0,0
10YUSP.B,D,20251209,000000,98.644531,98.644531,98.644531,98.644531,0,0
10YUSP.B,D,20251210,000000,98.40625,98.640625,98.40625,98.640625,0,0
10YUSP.B,D,20251211,000000,98.820312,98.820312,98.820312,98.820312,0,0
10YUSP.B,D,20251212,000000,98.640625,98.640625,98.640625,98.640625,0,0
10YUSP.B,D,20251215,000000,98.640625,98.640625,98.632812,98.632812,0,0
10YUSP.B,D,20251216,000000,98.703125,98.703125,98.679688,98.679688,0,0
10YUSP.B,D,20251217,000000,98.664062,98.664062,98.664062,98.664062,0,0
10YUSP.B,D,20251218,000000,98.9375,98.9375,98.9375,98.9375,0,0
10YUSP.B,D,20251219,000000,98.894531,98.894531,98.851562,98.851562,0,0
10YUSP.B,D,20251222,000000,98.851562,98.851562,98.667969,98.667969,0,0
10YUSP.B,D,20251223,000000,98.820312,98.820312,98.550781,98.550781,0,0
10YUSP.B,D,20251225,000000,98.550781,98.550781,98.550781,98.550781,0,0
10YUSP.B,D,20251226,000000,98.550781,98.550781,98.550781,98.550781,0,0
10YUSP.B,D,20251229,000000,98.550781,99.140625,98.550781,99.007812,0,0
10YUSP.B,D,20251230,000000,99.039062,99.039062,98.96875,98.96875,0,0
10YUSP.B,D,20260101,000000,98.96875,98.96875,98.96875,98.96875,0,0
10YUSP.B,D,20260102,000000,98.96875,98.96875,98.585938,98.585938,0,0
10YUSP.B,D,20260105,000000,98.585938,98.640625,98.585938,98.640625,0,0
10YUSP.B,D,20260106,000000,98.625,98.625,98.625,98.625,0,0
10YUSP.B,D,20260107,000000,98.800781,98.800781,98.800781,98.800781,0,0
10YUSP.B,D,20260108,000000,98.789062,98.789062,98.789062,98.789062,0,0
10YUSP.B,D,20260109,000000,98.507812,98.507812,98.507812,98.507812,0,0
10YUSP.B,D,20260112,000000,98.507812,98.507812,98.4375,98.4375,0,0
10YUSP.B,D,20260113,000000,98.421875,98.421875,98.421875,98.421875,0,0
10YUSP.B,D,20260114,000000,98.648438,98.835938,98.648438,98.835938,0,0
10YUSP.B,D,20260115,000000,98.789062,98.789062,98.789062,98.789062,0,0
10YUSP.B,D,20260116,000000,98.640625,98.640625,98.640625,98.640625,0,0
10YUSP.B,D,20260119,000000,98.640625,98.640625,98.21875,98.21875,0,0
10YUSP.B,D,20260120,000000,97.71875,97.8125,97.71875,97.8125,0,0
10YUSP.B,D,20260121,000000,97.859375,97.859375,97.859375,97.859375,0,0
10YUSP.B,D,20260122,000000,98.082031,98.082031,98.082031,98.082031,0,0
10YUSP.B,D,20260123,000000,98.132812,98.132812,98.101562,98.101562,0,0
10YUSP.B,D,20260126,000000,98.101562,98.328125,98.101562,98.328125,0,0
10YUSP.B,D,20260127,000000,98.28125,98.28125,98.28125,98.28125,0,0
10YUSP.B,D,20260128,000000,98.023438,98.023438,98.023438,98.023438,0,0
10YUSP.B,D,20260129,000000,97.914062,97.914062,97.914062,97.914062,0,0
10YUSP.B,D,20260130,000000,97.84375,98.054688,97.84375,98.054688,0,0
10YUSP.B,D,20260202,000000,98.054688,98.28125,98.054688,98.28125,0,0
10YUSP.B,D,20260203,000000,97.75,97.75,97.75,97.75,0,0
10YUSP.B,D,20260204,000000,97.820312,97.820312,97.820312,97.820312,0,0
10YUSP.B,D,20260205,000000,97.90625,97.90625,97.90625,97.90625,0,0
10YUSP.B,D,20260206,000000,98.453125,98.453125,98.453125,98.453125,0,0
10YUSP.B,D,20260209,000000,98.453125,98.453125,98.171875,98.171875,0,0
10YUSP.B,D,20260210,000000,98.523438,98.523438,98.523438,98.523438,0,0
