<TICKER>,<PER>,<DATE>,<TIME>,<OPEN>,<HIGH>,<LOW>,<CLOSE>,<VOL>,<OPENINT>
1YBEY.B,D,20240415,000000,3.59,3.662,3.59,3.662,0,0
1YBEY.B,D,20240416,000000,3.626,3.626,3.626,3.626,0,0
1YBEY.B,D,20240417,000000,3.62,3.635,3.62,3.635,0,0
1YBEY.B,D,20240418,000000,3.645,3.666,3.645,3.666,0,0
1YBEY.B,D,20240419,000000,3.651,3.71,3.651,3.71,0,0
1YBEY.B,D,20240422,000000,3.71,3.71,3.636,3.636,0,0
1YBEY.B,D,20240423,000000,3.664,3.67,3.664,3.67,0,0
1YBEY.B,D,20240424,000000,3.639,3.663,3.639,3.663,0,0
1YBEY.B,D,20240425,000000,3.617,3.704,3.617,3.704,0,0
1YBEY.B,D,20240426,000000,3.645,3.654,3.645,3.654,0,0
1YBEY.B,D,20240429,000000,3.654,3.676,3.575,3.676,0,0
1YBEY.B,D,20240430,000000,3.661,3.661,3.633,3.633,0,0
1YBEY.B,D,20240502,000000,3.632,3.632,3.598,3.63,0,0
1YBEY.B,D,20240503,000000,3.611,3.611,3.604,3.604,0,0
1YBEY.B,D,20240506,000000,3.604,3.62,3.604,3.62,0,0
1YBEY.B,D,20240507,000000,3.608,3.608,3.588,3.588,0,0
1YBEY.B,D,20240508,000000,3.606,3.63,3.606,3.63,0,0
1YBEY.B,D,20240509,000000,3.613,3.613,3.592,3.592,0,0
1YBEY.B,D,20240510,000000,3.591,3.611,3.591,3.611,0,0
1YBEY.B,D,20240513,000000,3.611,3.619,3.588,3.588,0,0
1YBEY.B,D,20240514,000000,3.57,3.608,3.57,3.608,0,0
1YBEY.B,D,20240515,000000,3.381,3.381,3.373,3.373,0,0
1YBEY.B,D,20240516,000000,3.373,3.373,3.342,3.373,0,0
1YBEY.B,D,20240517,000000,3.41,3.426,3.41,3.426,0,0
1YBEY.B,D,20240520,000000,3.426,3.426,3.406,3.417,0,0
1YBEY.B,D,20240521,000000,3.417,3.417,3.394,3.394,0,0
1YBEY.B,D,20240522,000000,3.408,3.411,3.408,3.411,0,0
1YBEY.B,D,20240523,000000,3.461,3.494,3.461,3.494,0,0
1YBEY.B,D,20240524,000000,3.455,3.477,3.455,3.477,0,0
1YBEY.B,D,20240527,000000,3.477,3.477,3.429,3.429,0,0
1YBEY.B,D,20240528,000000,3.419,3.441,3.419,3.441,0,0
1YBEY.B,D,20240529,000000,3.439,3.491,3.439,3.491,0,0
1YBEY.B,D,20240530,000000,3.459,3.477,3.459,3.477,0,0
1YBEY.B,D,20240531,000000,3.484,3.484,3.445,3.445,0,0
1YBEY.B,D,20240603,000000,3.445,3.476,3.423,3.423,0,0
1YBEY.B,D,20240604,000000,3.411,3.424,3.411,3.424,0,0
1YBEY.B,D,20240605,000000,3.427,3.427,3.425,3.425,0,0
1YBEY.B,D,20240606,000000,3.407,3.432,3.407,3.432,0,0
1YBEY.B,D,20240607,000000,3.444,3.492,3.444,3.492,0,0
1YBEY.B,D,20240610,000000,3.492,3.494,3.467,3.494,0,0
1YBEY.B,D,20240611,000000,3.471,3.471,3.431,3.431,0,0
1YBEY.B,D,20240612,000000,3.457,3.457,3.381,3.381,0,0
1YBEY.B,D,20240613,000000,3.439,3.439,3.387,3.387,0,0
1YBEY.B,D,20240614,000000,3.357,3.378,3.357,3.378,0,0
1YBEY.B,D,20240617,000000,3.378,3.386,3.378,3.386,0,0
1YBEY.B,D,20240618,000000,3.415,3.415,3.368,3.368,0,0
1YBEY.B,D,20240619,000000,3.372,3.379,3.372,3.379,0,0
1YBEY.B,D,20240620,000000,3.385,3.386,3.385,3.386,0,0
1YBEY.B,D,20240621,000000,3.329,3.374,3.329,3.374,0,0
1YBEY.B,D,20240624,000000,3.374,3.374,3.328,3.328,0,0
1YBEY.B,D,20240625,000000,3.348,3.36,3.348,3.36,0,0
1YBEY.B,D,20240626,000000,3.351,3.351,3.351,3.351,0,0
1YBEY.B,D,20240627,000000,3.34,3.34,3.307,3.307,0,0
1YBEY.B,D,20240628,000000,3.364,3.43,3.364,3.43,0,0
1YBEY.B,D,20240701,000000,3.43,3.443,3.43,3.434,0,0
1YBEY.B,D,20240702,000000,3.409,3.409,3.394,3.394,0,0
1YBEY.B,D,20240703,000000,3.416,3.416,3.382,3.382,0,0
1YBEY.B,D,20240704,000000,3.4,3.417,3.4,3.417,0,0
1YBEY.B,D,20240705,000000,3.419,3.419,3.388,3.388,0,0
1YBEY.B,D,20240708,000000,3.388,3.388,3.357,3.367,0,0
1YBEY.B,D,20240709,000000,3.367,3.39,3.367,3.39,0,0
1YBEY.B,D,20240710,000000,3.371,3.377,3.371,3.377,0,0
1YBEY.B,D,20240711,000000,3.371,3.371,3.282,3.282,0,0
1YBEY.B,D,20240712,000000,3.33,3.33,3.311,3.311,0,0
1YBEY.B,D,20240715,000000,3.311,3.316,3.309,3.316,0,0
1YBEY.B,D,20240716,000000,3.293,3.293,3.291,3.291,0,0
1YBEY.B,D,20240717,000000,3.27,3.279,3.27,3.279,0,0
1YBEY.B,D,20240718,000000,3.293,3.293,3.293,3.293,0,0
1YBEY.B,D,20240719,000000,3.257,3.307,3.257,3.307,0,0
1YBEY.B,D,20240722,000000,3.307,3.325,3.307,3.325,0,0
1YBEY.B,D,20240723,000000,3.298,3.301,3.298,3.301,0,0
1YBEY.B,D,20240724,000000,3.249,3.269,3.249,3.269,0,0
1YBEY.B,D,20240725,000000,3.198,3.201,3.198,3.201,0,0
1YBEY.B,D,20240726,000000,3.207,3.207,3.203,3.203,0,0
1YBEY.B,D,20240729,000000,3.203,3.213,3.192,3.213,0,0
1YBEY.B,D,20240730,000000,3.189,3.189,3.184,3.184,0,0
1YBEY.B,D,20240731,000000,3.136,3.169,3.136,3.169,0,0
1YBEY.B,D,20240801,000000,3.129,3.129,3.129,3.129,0,0
1YBEY.B,D,20240802,000000,3.091,3.091,3.013,3.013,0,0
1YBEY.B,D,20240805,000000,3.013,3.013,2.911,2.958,0,0
1YBEY.B,D,20240806,000000,3.001,3.025,3.001,3.025,0,0
1YBEY.B,D,20240807,000000,3.09,3.097,3.09,3.097,0,0
1YBEY.B,D,20240808,000000,2.985,3.04,2.985,3.04,0,0
1YBEY.B,D,20240809,000000,3.024,3.024,2.993,2.993,0,0
1YBEY.B,D,20240812,000000,2.993,3.024,2.993,3.0,0,0
1YBEY.B,D,20240813,000000,3.011,3.023,3.011,3.023,0,0
1YBEY.B,D,20240814,000000,3.028,3.028,2.993,2.993,0,0
1YBEY.B,D,20240815,000000,2.994,3.054,2.994,3.054,0,0
1YBEY.B,D,20240816,000000,3.065,3.065,3.065,3.065,0,0
1YBEY.B,D,20240819,000000,3.065,3.065,3.022,3.044,0,0
1YBEY.B,D,20240820,000000,3.025,3.035,3.025,3.035,0,0
1YBEY.B,D,20240821,000000,3.027,3.027,3.024,3.024,0,0
1YBEY.B,D,20240822,000000,2.968,3.031,2.968,3.031,0,0
1YBEY.B,D,20240823,000000,3.019,3.019,2.981,2.981,0,0
1YBEY.B,D,20240826,000000,2.981,3.027,2.981,3.017,0,0
1YBEY.B,D,20240827,000000,3.018,3.022,3.018,3.022,0,0
1YBEY.B,D,20240828,000000,3.035,3.035,3.008,3.008,0,0
1YBEY.B,D,20240829,000000,2.981,2.984,2.981,2.984,0,0
1YBEY.B,D,20240830,000000,2.963,3.011,2.963,3.011,0,0
1YBEY.B,D,20240902,000000,3.011,3.046,3.011,3.046,0,0
1YBEY.B,D,20240903,000000,3.024,3.024,3.024,3.024,0,0
1YBEY.B,D,20240904,000000,3.0,3.002,3,3.002,0,0
1YBEY.B,D,20240905,000000,3.006,3.006,2.981,2.981,0,0
1YBEY.B,D,20240906,000000,2.939,2.991,2.939,2.991,0,0
1YBEY.B,D,20240909,000000,2.991,2.991,2.921,2.921,0,0
1YBEY.B,D,20240910,000000,2.931,2.931,2.931,2.931,0,0
1YBEY.B,D,20240911,000000,2.905,2.922,2.905,2.922,0,0
1YBEY.B,D,20240912,000000,2.912,2.952,2.912,2.952,0,0
1YBEY.B,D,20240913,000000,2.942,2.948,2.942,2.948,0,0
1YBEY.B,D,20240916,000000,2.948,2.952,2.943,2.943,0,0
1YBEY.B,D,20240917,000000,2.941,2.972,2.941,2.972,0,0
1YBEY.B,D,20240918,000000,2.958,3,2.958,3.0,0,0
1YBEY.B,D,20240919,000000,2.931,2.94,2.931,2.94,0,0
1YBEY.B,D,20240920,000000,2.928,2.971,2.928,2.971,0,0
1YBEY.B,D,20240923,000000,2.971,2.971,2.89,2.89,0,0
1YBEY.B,D,20240924,000000,2.866,2.866,2.866,2.866,0,0
1YBEY.B,D,20240925,000000,2.844,2.904,2.844,2.904,0,0
1YBEY.B,D,20240926,000000,2.846,2.846,2.846,2.846,0,0
1YBEY.B,D,20240927,000000,2.802,2.841,2.802,2.841,0,0
1YBEY.B,D,20240930,000000,2.841,2.859,2.829,2.829,0,0
1YBEY.B,D,20241001,000000,2.791,2.791,2.759,2.759,0,0
1YBEY.B,D,20241002,000000,2.795,2.816,2.795,2.816,0,0
1YBEY.B,D,20241003,000000,2.787,2.787,2.787,2.787,0,0
1YBEY.B,D,20241004,000000,2.807,2.807,2.807,2.807,0,0
1YBEY.B,D,20241007,000000,2.807,2.903,2.807,2.903,0,0
1YBEY.B,D,20241008,000000,2.887,2.887,2.885,2.885,0,0
1YBEY.B,D,20241009,000000,2.895,2.898,2.895,2.898,0,0
1YBEY.B,D,20241010,000000,2.885,2.895,2.885,2.895,0,0
1YBEY.B,D,20241011,000000,2.894,2.894,2.894,2.894,0,0
1YBEY.B,D,20241014,000000,2.894,2.894,2.872,2.872,0,0
1YBEY.B,D,20241015,000000,2.875,2.875,2.875,2.875,0,0
1YBEY.B,D,20241016,000000,2.851,2.851,2.844,2.844,0,0
1YBEY.B,D,20241017,000000,2.837,2.837,2.837,2.837,0,0
1YBEY.B,D,20241018,000000,2.771,2.771,2.771,2.771,0,0
1YBEY.B,D,20241021,000000,2.771,2.771,2.751,2.751,0,0
1YBEY.B,D,20241022,000000,2.784,2.784,2.784,2.784,0,0
1YBEY.B,D,20241023,000000,2.706,2.706,2.706,2.706,0,0
1YBEY.B,D,20241024,000000,2.65,2.652,2.65,2.652,0,0
1YBEY.B,D,20241025,000000,2.663,2.663,2.663,2.663,0,0
1YBEY.B,D,20241028,000000,2.663,2.663,2.65,2.65,0,0
1YBEY.B,D,20241029,000000,2.674,2.674,2.674,2.674,0,0
1YBEY.B,D,20241030,000000,2.68,2.776,2.68,2.776,0,0
1YBEY.B,D,20241031,000000,2.776,2.776,2.751,2.751,0,0
1YBEY.B,D,20241101,000000,2.783,2.783,2.766,2.766,0,0
1YBEY.B,D,20241104,000000,2.766,2.775,2.766,2.775,0,0
1YBEY.B,D,20241105,000000,2.764,2.764,2.764,2.764,0,0
1YBEY.B,D,20241106,000000,2.764,2.764,2.754,2.754,0,0
1YBEY.B,D,20241107,000000,2.726,2.726,2.726,2.726,0,0
1YBEY.B,D,20241108,000000,2.697,2.697,2.694,2.694,0,0
1YBEY.B,D,20241111,000000,2.694,2.697,2.693,2.697,0,0
1YBEY.B,D,20241112,000000,2.697,2.697,2.685,2.685,0,0
1YBEY.B,D,20241113,000000,2.65,2.65,2.65,2.65,0,0
1YBEY.B,D,20241114,000000,2.703,2.703,2.657,2.666,0,0
1YBEY.B,D,20241115,000000,2.642,2.679,2.642,2.679,0,0
1YBEY.B,D,20241118,000000,2.679,2.703,2.679,2.703,0,0
1YBEY.B,D,20241119,000000,2.668,2.692,2.668,2.692,0,0
1YBEY.B,D,20241120,000000,2.687,2.687,2.664,2.664,0,0
1YBEY.B,D,20241121,000000,2.654,2.654,2.619,2.619,0,0
1YBEY.B,D,20241122,000000,2.586,2.586,2.586,2.586,0,0
1YBEY.B,D,20241125,000000,2.586,2.586,2.53,2.53,0,0
1YBEY.B,D,20241126,000000,2.537,2.537,2.537,2.537,0,0
1YBEY.B,D,20241127,000000,2.537,2.568,2.537,2.568,0,0
1YBEY.B,D,20241128,000000,2.56,2.56,2.535,2.535,0,0
1YBEY.B,D,20241129,000000,2.535,2.56,2.535,2.56,0,0
1YBEY.B,D,20241202,000000,2.56,2.56,2.49,2.511,0,0
1YBEY.B,D,20241203,000000,2.509,2.509,2.509,2.509,0,0
1YBEY.B,D,20241204,000000,2.536,2.536,2.536,2.536,0,0
1YBEY.B,D,20241205,000000,2.597,2.597,2.597,2.597,0,0
1YBEY.B,D,20241206,000000,2.609,2.609,2.609,2.609,0,0
1YBEY.B,D,20241209,000000,2.609,2.612,2.603,2.612,0,0
1YBEY.B,D,20241210,000000,2.564,2.564,2.564,2.564,0,0
1YBEY.B,D,20241211,000000,2.59,2.59,2.59,2.59,0,0
1YBEY.B,D,20241212,000000,2.57,2.57,2.57,2.57,0,0
1YBEY.B,D,20241213,000000,2.587,2.622,2.587,2.622,0,0
1YBEY.B,D,20241216,000000,2.622,2.622,2.597,2.597,0,0
1YBEY.B,D,20241217,000000,2.578,2.578,2.577,2.577,0,0
1YBEY.B,D,20241218,000000,2.558,2.558,2.558,2.558,0,0
1YBEY.B,D,20241219,000000,2.553,2.57,2.553,2.57,0,0
1YBEY.B,D,20241220,000000,2.56,2.575,2.56,2.575,0,0
1YBEY.B,D,20241223,000000,2.575,2.575,2.562,2.562,0,0
1YBEY.B,D,20241227,000000,2.558,2.558,2.558,2.558,0,0
1YBEY.B,D,20241230,000000,2.558,2.558,2.529,2.529,0,0
1YBEY.B,D,20250102,000000,2.529,2.533,2.529,2.533,0,0
1YBEY.B,D,20250103,000000,2.555,2.555,2.555,2.555,0,0
1YBEY.B,D,20250106,000000,2.555,2.588,2.555,2.588,0,0
1YBEY.B,D,20250107,000000,2.597,2.597,2.597,2.597,0,0
1YBEY.B,D,20250108,000000,2.604,2.604,2.604,2.604,0,0
1YBEY.B,D,20250109,000000,2.583,2.583,2.579,2.579,0,0
1YBEY.B,D,20250110,000000,2.646,2.646,2.617,2.617,0,0
1YBEY.B,D,20250113,000000,2.617,2.67,2.617,2.644,0,0
1YBEY.B,D,20250114,000000,2.622,2.622,2.622,2.622,0,0
1YBEY.B,D,20250115,000000,2.642,2.642,2.642,2.642,0,0
1YBEY.B,D,20250116,000000,2.626,2.626,2.626,2.626,0,0
1YBEY.B,D,20250117,000000,2.555,2.555,2.555,2.555,0,0
1YBEY.B,D,20250120,000000,2.555,2.607,2.555,2.607,0,0
1YBEY.B,D,20250121,000000,2.607,2.607,2.607,2.607,0,0
1YBEY.B,D,20250122,000000,2.599,2.599,2.599,2.599,0,0
1YBEY.B,D,20250123,000000,2.583,2.634,2.583,2.634,0,0
1YBEY.B,D,20250124,000000,2.33,2.33,2.33,2.33,0,0
1YBEY.B,D,20250127,000000,2.33,2.33,2.323,2.323,0,0
1YBEY.B,D,20250128,000000,2.323,2.341,2.323,2.341,0,0
1YBEY.B,D,20250129,000000,2.322,2.343,2.322,2.343,0,0
1YBEY.B,D,20250130,000000,2.319,2.319,2.319,2.319,0,0
1YBEY.B,D,20250131,000000,2.245,2.245,2.231,2.231,0,0
1YBEY.B,D,20250203,000000,2.231,2.231,2.171,2.171,0,0
1YBEY.B,D,20250204,000000,2.174,2.174,2.174,2.174,0,0
1YBEY.B,D,20250205,000000,2.154,2.154,2.154,2.154,0,0
1YBEY.B,D,20250206,000000,2.202,2.202,2.202,2.202,0,0
1YBEY.B,D,20250207,000000,2.174,2.174,2.174,2.174,0,0
1YBEY.B,D,20250210,000000,2.174,2.174,2.167,2.167,0,0
1YBEY.B,D,20250211,000000,2.169,2.169,2.169,2.169,0,0
1YBEY.B,D,20250212,000000,2.195,2.195,2.195,2.195,0,0
1YBEY.B,D,20250213,000000,2.218,2.218,2.218,2.218,0,0
1YBEY.B,D,20250214,000000,2.211,2.211,2.211,2.211,0,0
1YBEY.B,D,20250217,000000,2.211,2.238,2.211,2.224,0,0
1YBEY.B,D,20250218,000000,2.232,2.232,2.232,2.232,0,0
1YBEY.B,D,20250219,000000,2.248,2.248,2.248,2.248,0,0
1YBEY.B,D,20250220,000000,2.247,2.247,2.247,2.247,0,0
1YBEY.B,D,20250221,000000,2.192,2.192,2.157,2.157,0,0
1YBEY.B,D,20250224,000000,2.157,2.179,2.157,2.179,0,0
1YBEY.B,D,20250225,000000,2.146,2.146,2.136,2.136,0,0
1YBEY.B,D,20250226,000000,2.135,2.139,2.135,2.139,0,0
1YBEY.B,D,20250227,000000,2.16,2.16,2.143,2.143,0,0
1YBEY.B,D,20250228,000000,2.12,2.129,2.12,2.129,0,0
1YBEY.B,D,20250303,000000,2.129,2.181,2.129,2.181,0,0
1YBEY.B,D,20250304,000000,2.129,2.129,2.129,2.129,0,0
1YBEY.B,D,20250305,000000,2.218,2.218,2.218,2.218,0,0
1YBEY.B,D,20250306,000000,2.261,2.261,2.261,2.261,0,0
1YBEY.B,D,20250307,000000,2.232,2.275,2.232,2.275,0,0
1YBEY.B,D,20250310,000000,2.275,2.275,2.275,2.275,0,0
1YBEY.B,D,20250311,000000,2.26,2.26,2.26,2.26,0,0
1YBEY.B,D,20250312,000000,2.241,2.241,2.241,2.241,0,0
1YBEY.B,D,20250313,000000,2.261,2.261,2.261,2.261,0,0
1YBEY.B,D,20250314,000000,2.244,2.244,2.244,2.244,0,0
1YBEY.B,D,20250317,000000,2.244,2.244,2.206,2.221,0,0
1YBEY.B,D,20250318,000000,2.235,2.235,2.235,2.235,0,0
1YBEY.B,D,20250319,000000,2.229,2.229,2.229,2.229,0,0
1YBEY.B,D,20250320,000000,2.19,2.218,2.19,2.218,0,0
1YBEY.B,D,20250321,000000,2.193,2.193,2.193,2.193,0,0
1YBEY.B,D,20250324,000000,2.193,2.193,2.173,2.173,0,0
1YBEY.B,D,20250325,000000,2.208,2.208,2.184,2.184,0,0
1YBEY.B,D,20250326,000000,2.189,2.189,2.189,2.189,0,0
1YBEY.B,D,20250327,000000,2.18,2.18,2.18,2.18,0,0
1YBEY.B,D,20250328,000000,2.129,2.129,2.129,2.129,0,0
1YBEY.B,D,20250331,000000,2.129,2.129,2.104,2.104,0,0
1YBEY.B,D,20250401,000000,2.12,2.145,2.12,2.145,0,0
1YBEY.B,D,20250402,000000,2.129,2.131,2.129,2.131,0,0
1YBEY.B,D,20250403,000000,2.072,2.078,2.072,2.078,0,0
1YBEY.B,D,20250404,000000,2.043,2.043,2.043,2.043,0,0
1YBEY.B,D,20250407,000000,2.043,2.043,1.922,1.999,0,0
1YBEY.B,D,20250408,000000,1.978,2.004,1.978,2.004,0,0
1YBEY.B,D,20250409,000000,1.939,1.939,1.939,1.939,0,0
1YBEY.B,D,20250410,000000,2.007,2.007,2.007,2.007,0,0
1YBEY.B,D,20250411,000000,1.988,1.988,1.974,1.974,0,0
1YBEY.B,D,20250414,000000,1.974,1.991,1.971,1.971,0,0
1YBEY.B,D,20250415,000000,1.983,1.985,1.983,1.985,0,0
1YBEY.B,D,20250416,000000,1.956,1.965,1.956,1.965,0,0
1YBEY.B,D,20250417,000000,1.995,1.995,1.895,1.895,0,0
1YBEY.B,D,20250422,000000,1.864,1.878,1.864,1.878,0,0
1YBEY.B,D,20250423,000000,1.886,1.931,1.886,1.931,0,0
1YBEY.B,D,20250424,000000,1.896,1.896,1.858,1.858,0,0
1YBEY.B,D,20250425,000000,1.854,1.882,1.854,1.882,0,0
1YBEY.B,D,20250428,000000,1.882,1.882,1.876,1.881,0,0
1YBEY.B,D,20250429,000000,1.859,1.875,1.859,1.875,0,0
1YBEY.B,D,20250430,000000,1.863,1.863,1.863,1.863,0,0
1YBEY.B,D,20250502,000000,1.863,1.893,1.863,1.893,0,0
1YBEY.B,D,20250505,000000,1.893,1.906,1.893,1.906,0,0
1YBEY.B,D,20250506,000000,1.893,1.893,1.882,1.882,0,0
1YBEY.B,D,20250507,000000,1.879,1.879,1.861,1.861,0,0
1YBEY.B,D,20250508,000000,1.883,1.885,1.883,1.885,0,0
1YBEY.B,D,20250509,000000,1.913,1.913,1.9,1.9,0,0
1YBEY.B,D,20250512,000000,1.9,1.975,1.9,1.975,0,0
1YBEY.B,D,20250513,000000,2.0,2,1.988,1.988,0,0
1YBEY.B,D,20250514,000000,2.008,2.008,2.007,2.007,0,0
1YBEY.B,D,20250515,000000,1.998,1.998,1.958,1.958,0,0
1YBEY.B,D,20250516,000000,1.958,1.958,1.954,1.954,0,0
1YBEY.B,D,20250519,000000,1.954,1.962,1.954,1.962,0,0
1YBEY.B,D,20250520,000000,1.925,1.952,1.925,1.952,0,0
1YBEY.B,D,20250521,000000,1.956,1.956,1.946,1.946,0,0
1YBEY.B,D,20250522,000000,1.926,1.926,1.922,1.922,0,0
1YBEY.B,D,20250523,000000,1.937,1.937,1.854,1.854,0,0
1YBEY.B,D,20250526,000000,1.854,1.895,1.854,1.895,0,0
1YBEY.B,D,20250527,000000,1.857,1.892,1.857,1.892,0,0
1YBEY.B,D,20250528,000000,1.878,1.892,1.878,1.892,0,0
1YBEY.B,D,20250529,000000,1.906,1.906,1.839,1.839,0,0
1YBEY.B,D,20250530,000000,1.887,1.887,1.88,1.88,0,0
1YBEY.B,D,20250602,000000,1.88,1.926,1.88,1.926,0,0
1YBEY.B,D,20250603,000000,1.898,1.898,1.887,1.887,0,0
1YBEY.B,D,20250604,000000,1.896,1.896,1.891,1.891,0,0
1YBEY.B,D,20250605,000000,1.882,1.981,1.882,1.981,0,0
1YBEY.B,D,20250606,000000,1.91,1.938,1.91,1.938,0,0
1YBEY.B,D,20250609,000000,1.938,1.973,1.881,1.973,0,0
1YBEY.B,D,20250610,000000,1.909,1.909,1.907,1.907,0,0
1YBEY.B,D,20250611,000000,1.933,1.933,1.924,1.924,0,0
1YBEY.B,D,20250612,000000,1.916,1.916,1.91,1.91,0,0
1YBEY.B,D,20250613,000000,1.933,1.954,1.933,1.954,0,0
1YBEY.B,D,20250616,000000,1.954,1.968,1.895,1.895,0,0
1YBEY.B,D,20250617,000000,1.936,1.948,1.936,1.948,0,0
1YBEY.B,D,20250618,000000,1.945,1.948,1.945,1.948,0,0
1YBEY.B,D,20250619,000000,1.946,1.946,1.943,1.943,0,0
1YBEY.B,D,20250620,000000,1.957,1.959,1.957,1.959,0,0
1YBEY.B,D,20250623,000000,1.959,1.959,1.937,1.937,0,0
1YBEY.B,D,20250624,000000,1.94,1.94,1.936,1.936,0,0
1YBEY.B,D,20250625,000000,1.915,1.979,1.915,1.979,0,0
1YBEY.B,D,20250626,000000,1.923,1.93,1.923,1.93,0,0
1YBEY.B,D,20250627,000000,1.931,1.952,1.931,1.952,0,0
1YBEY.B,D,20250630,000000,1.952,1.952,1.949,1.949,0,0
1YBEY.B,D,20250701,000000,1.914,1.932,1.914,1.932,0,0
1YBEY.B,D,20250702,000000,1.968,1.968,1.948,1.948,0,0
1YBEY.B,D,20250703,000000,1.907,1.912,1.907,1.912,0,0
1YBEY.B,D,20250704,000000,1.917,1.934,1.917,1.934,0,0
1YBEY.B,D,20250707,000000,1.934,1.968,1.934,1.968,0,0
1YBEY.B,D,20250708,000000,1.96,1.964,1.96,1.964,0,0
1YBEY.B,D,20250709,000000,1.959,1.959,1.946,1.946,0,0
1YBEY.B,D,20250710,000000,1.938,1.969,1.938,1.969,0,0
1YBEY.B,D,20250711,000000,1.971,1.971,1.971,1.971,0,0
1YBEY.B,D,20250714,000000,1.963,1.965,1.962,1.962,0,0
1YBEY.B,D,20250715,000000,1.924,1.947,1.924,1.947,0,0
1YBEY.B,D,20250716,000000,1.944,1.944,1.926,1.926,0,0
1YBEY.B,D,20250717,000000,1.926,1.926,1.897,1.897,0,0
1YBEY.B,D,20250718,000000,1.937,1.937,1.937,1.937,0,0
1YBEY.B,D,20250721,000000,1.937,1.937,1.859,1.859,0,0
1YBEY.B,D,20250722,000000,1.897,1.897,1.869,1.869,0,0
1YBEY.B,D,20250723,000000,1.897,1.897,1.881,1.881,0,0
1YBEY.B,D,20250724,000000,1.929,1.943,1.929,1.943,0,0
1YBEY.B,D,20250725,000000,2.004,2.004,1.956,1.956,0,0
1YBEY.B,D,20250728,000000,1.956,1.956,1.948,1.948,0,0
1YBEY.B,D,20250729,000000,1.967,1.967,1.967,1.967,0,0
1YBEY.B,D,20250730,000000,1.96,1.96,1.945,1.945,0,0
1YBEY.B,D,20250731,000000,1.981,1.987,1.981,1.987,0,0
1YBEY.B,D,20250801,000000,1.995,1.995,1.962,1.962,0,0
1YBEY.B,D,20250804,000000,1.962,1.962,1.93,1.93,0,0
1YBEY.B,D,20250805,000000,1.958,1.958,1.935,1.935,0,0
1YBEY.B,D,20250806,000000,1.956,1.967,1.956,1.967,0,0
1YBEY.B,D,20250807,000000,1.968,1.968,1.942,1.942,0,0
1YBEY.B,D,20250808,000000,1.964,1.986,1.964,1.986,0,0
1YBEY.B,D,20250811,000000,1.986,2.003,1.977,2.003,0,0
1YBEY.B,D,20250812,000000,1.991,2.007,1.991,2.007,0,0
1YBEY.B,D,20250813,000000,1.957,1.961,1.957,1.961,0,0
1YBEY.B,D,20250814,000000,1.967,1.989,1.967,1.989,0,0
1YBEY.B,D,20250815,000000,1.986,1.997,1.986,1.997,0,0
1YBEY.B,D,20250818,000000,1.997,1.997,1.957,1.958,0,0
1YBEY.B,D,20250819,000000,1.97,1.97,1.959,1.959,0,0
1YBEY.B,D,20250820,000000,1.976,1.976,1.944,1.944,0,0
1YBEY.B,D,20250821,000000,1.975,1.985,1.975,1.985,0,0
1YBEY.B,D,20250822,000000,1.971,1.971,1.971,1.971,0,0
1YBEY.B,D,20250825,000000,1.971,1.975,1.971,1.975,0,0
1YBEY.B,D,20250826,000000,1.975,1.975,1.973,1.973,0,0
1YBEY.B,D,20250827,000000,1.948,1.971,1.948,1.971,0,0
1YBEY.B,D,20250828,000000,1.969,1.969,1.969,1.969,0,0
1YBEY.B,D,20250829,000000,2.0,2.0,2.0,2.0,0,0
1YBEY.B,D,20250901,000000,2.0,2,1.975,1.975,0,0
1YBEY.B,D,20250902,000000,1.89,1.991,1.89,1.991,0,0
1YBEY.B,D,20250903,000000,1.984,1.984,1.965,1.965,0,0
1YBEY.B,D,20250904,000000,1.965,1.985,1.965,1.985,0,0
1YBEY.B,D,20250905,000000,1.98,1.98,1.915,1.915,0,0
1YBEY.B,D,20250908,000000,1.915,1.936,1.915,1.924,0,0
1YBEY.B,D,20250909,000000,1.926,1.926,1.92,1.92,0,0
1YBEY.B,D,20250910,000000,1.941,1.949,1.941,1.949,0,0
1YBEY.B,D,20250911,000000,1.957,1.974,1.957,1.974,0,0
1YBEY.B,D,20250912,000000,1.994,1.994,1.988,1.988,0,0
1YBEY.B,D,20250915,000000,1.988,1.988,1.962,1.962,0,0
1YBEY.B,D,20250916,000000,1.982,1.982,1.982,1.982,0,0
1YBEY.B,D,20250917,000000,1.964,1.974,1.964,1.974,0,0
1YBEY.B,D,20250918,000000,1.974,1.974,1.963,1.963,0,0
1YBEY.B,D,20250919,000000,1.978,1.978,1.978,1.978,0,0
1YBEY.B,D,20250922,000000,1.996,1.996,1.97,1.97,0,0
1YBEY.B,D,20250923,000000,1.968,2.013,1.968,2.013,0,0
1YBEY.B,D,20250924,000000,2.002,2.002,1.995,1.995,0,0
1YBEY.B,D,20250925,000000,1.976,1.976,1.976,1.976,0,0
1YBEY.B,D,20250926,000000,1.992,1.992,1.992,1.992,0,0
1YBEY.B,D,20250929,000000,1.992,1.995,1.989,1.989,0,0
1YBEY.B,D,20250930,000000,2.005,2.007,2.005,2.007,0,0
1YBEY.B,D,20251001,000000,1.99,1.99,1.99,1.99,0,0
1YBEY.B,D,20251002,000000,2.0,2,1.957,1.957,0,0
1YBEY.B,D,20251003,000000,1.995,1.995,1.995,1.995,0,0
1YBEY.B,D,20251006,000000,1.995,2.007,1.986,2.007,0,0
1YBEY.B,D,20251007,000000,1.993,1.993,1.963,1.963,0,0
1YBEY.B,D,20251008,000000,2.005,2.018,2.005,2.018,0,0
1YBEY.B,D,20251009,000000,2.043,2.043,2.04,2.04,0,0
1YBEY.B,D,20251010,000000,2.007,2.04,2.007,2.04,0,0
1YBEY.B,D,20251013,000000,2.04,2.04,1.964,1.964,0,0
1YBEY.B,D,20251014,000000,1.987,1.987,1.983,1.983,0,0
1YBEY.B,D,20251015,000000,1.978,1.978,1.975,1.975,0,0
1YBEY.B,D,20251016,000000,1.989,1.989,1.989,1.989,0,0
1YBEY.B,D,20251017,000000,1.974,1.994,1.974,1.994,0,0
1YBEY.B,D,20251020,000000,1.994,1.998,1.994,1.998,0,0
1YBEY.B,D,20251021,000000,1.99,1.99,1.978,1.978,0,0
1YBEY.B,D,20251022,000000,1.975,2.004,1.975,2.004,0,0
1YBEY.B,D,20251023,000000,1.994,1.994,1.991,1.991,0,0
1YBEY.B,D,20251024,000000,1.997,1.997,1.997,1.997,0,0
1YBEY.B,D,20251027,000000,1.997,1.997,1.978,1.978,0,0
1YBEY.B,D,20251028,000000,1.993,1.993,1.993,1.993,0,0
1YBEY.B,D,20251029,000000,1.993,2.016,1.993,2.016,0,0
1YBEY.B,D,20251030,000000,2.016,2.016,1.992,1.992,0,0
1YBEY.B,D,20251031,000000,1.992,1.992,1.979,1.981,0,0
1YBEY.B,D,20251103,000000,1.981,1.981,1.977,1.977,0,0
1YBEY.B,D,20251104,000000,1.977,1.977,1.946,1.946,0,0
1YBEY.B,D,20251105,000000,1.964,1.964,1.964,1.964,0,0
1YBEY.B,D,20251106,000000,1.932,1.932,1.932,1.932,0,0
1YBEY.B,D,20251107,000000,1.944,1.944,1.944,1.944,0,0
1YBEY.B,D,20251110,000000,1.944,1.956,1.905,1.905,0,0
1YBEY.B,D,20251111,000000,1.954,1.954,1.954,1.954,0,0
1YBEY.B,D,20251112,000000,1.965,1.965,1.965,1.965,0,0
1YBEY.B,D,20251113,000000,1.965,1.965,1.919,1.919,0,0
1YBEY.B,D,20251114,000000,1.96,1.96,1.96,1.96,0,0
1YBEY.B,D,20251117,000000,1.96,1.96,1.946,1.946,0,0
1YBEY.B,D,20251118,000000,1.976,1.976,1.976,1.976,0,0
1YBEY.B,D,20251119,000000,1.972,1.972,1.972,1.972,0,0
1YBEY.B,D,20251120,000000,1.946,1.946,1.946,1.946,0,0
1YBEY.B,D,20251121,000000,1.952,1.952,1.952,1.952,0,0
1YBEY.B,D,20251124,000000,1.952,1.957,1.948,1.948,0,0
1YBEY.B,D,20251125,000000,1.962,1.962,1.962,1.962,0,0
1YBEY.B,D,20251126,000000,1.941,1.941,1.941,1.941,0,0
1YBEY.B,D,20251127,000000,1.941,1.993,1.941,1.993,0,0
1YBEY.B,D,20251128,000000,2.014,2.014,2.014,2.014,0,0
1YBEY.B,D,20251201,000000,2.014,2.021,2.014,2.021,0,0
1YBEY.B,D,20251202,000000,2.019,2.019,2.019,2.019,0,0
1YBEY.B,D,20251203,000000,1.998,1.998,1.998,1.998,0,0
1YBEY.B,D,20251204,000000,1.998,2.021,1.998,2.021,0,0
1YBEY.B,D,20251205,000000,2.026,2.026,2.026,2.026,0,0
1YBEY.B,D,20251208,000000,2.026,2.052,2.026,2.052,0,0
1YBEY.B,D,20251209,000000,2.051,2.059,2.051,2.059,0,0
1YBEY.B,D,20251210,000000,2.099,2.099,2.053,2.053,0,0
1YBEY.B,D,20251211,000000,2.043,2.043,2.043,2.043,0,0
1YBEY.B,D,20251212,000000,2.068,2.068,2.068,2.068,0,0
1YBEY.B,D,20251215,000000,2.068,2.068,2.047,2.047,0,0
1YBEY.B,D,20251216,000000,2.044,2.053,2.044,2.053,0,0
1YBEY.B,D,20251217,000000,2.046,2.046,2.046,2.046,0,0
1YBEY.B,D,20251218,000000,2.052,2.052,2.052,2.052,0,0
1YBEY.B,D,20251219,000000,2.04,2.091,2.04,2.091,0,0
1YBEY.B,D,20251222,000000,2.091,2.091,2.01,2.046,0,0
1YBEY.B,D,20251223,000000,2.042,2.06,2.042,2.06,0,0
1YBEY.B,D,20251225,000000,2.06,2.06,2.06,2.06,0,0
1YBEY.B,D,20251226,000000,2.06,2.06,2.06,2.06,0,0
1YBEY.B,D,20251229,000000,2.06,2.06,2.02,2.02,0,0
1YBEY.B,D,20251230,000000,2.034,2.052,2.034,2.052,0,0
1YBEY.B,D,20260101,000000,2.052,2.052,2.052,2.052,0,0
1YBEY.B,D,20260102,000000,2.052,2.058,2.014,2.058,0,0
1YBEY.B,D,20260105,000000,2.058,2.058,2.033,2.042,0,0
1YBEY.B,D,20260106,000000,2.03,2.03,2.03,2.03,0,0
1YBEY.B,D,20260107,000000,1.997,1.997,1.997,1.997,0,0
1YBEY.B,D,20260108,000000,2.038,2.038,2.038,2.038,0,0
1YBEY.B,D,20260109,000000,2.038,2.038,2.008,2.008,0,0
1YBEY.B,D,20260112,000000,2.008,2.008,1.987,1.987,0,0
1YBEY.B,D,20260113,000000,2.002,2.002,2.002,2.002,0,0
1YBEY.B,D,20260114,000000,1.987,1.987,1.962,1.962,0,0
1YBEY.B,D,20260115,000000,1.985,1.985,1.985,1.985,0,0
1YBEY.B,D,20260116,000000,1.996,1.996,1.996,1.996,0,0
1YBEY.B,D,20260119,000000,1.996,1.996,1.98,1.98,0,0
1YBEY.B,D,20260120,000000,1.964,1.964,1.944,1.944,0,0
1YBEY.B,D,20260121,000000,1.972,1.972,1.972,1.972,0,0
1YBEY.B,D,20260122,000000,2.018,2.018,2.018,2.018,0,0
1YBEY.B,D,20260123,000000,2.016,2.016,1.993,1.993,0,0
1YBEY.B,D,20260126,000000,1.993,1.993,1.991,1.991,0,0
1YBEY.B,D,20260127,000000,2.004,2.004,2.004,2.004,0,0
1YBEY.B,D,20260128,000000,1.979,1.979,1.979,1.979,0,0
1YBEY.B,D,20260129,000000,1.967,1.967,1.967,1.967,0,0
1YBEY.B,D,20260130,000000,1.981,2.007,1.981,2.007,0,0
1YBEY.B,D,20260202,000000,2.007,2.007,1.982,1.982,0,0
1YBEY.B,D,20260203,000000,1.995,1.995,1.995,1.995,0,0
1YBEY.B,D,20260204,000000,1.989,1.989,1.989,1.989,0,0
1YBEY.B,D,20260205,000000,2.018,2.018,2.018,2.018,0,0
1YBEY.B,D,20260206,000000,2.004,2.004,2.004,2.004,0,0
1YBEY.B,D,20260209,000000,2.004,2.022,2.004,2.022,0,0
1YBEY.B,D,20260210,000000,1.985,1.985,1.985,1.985,0,0
