<TICKER>,<PER>,<DATE>,<TIME>,<OPEN>,<HIGH>,<LOW>,<CLOSE>,<VOL>,<OPENINT>
1YJPP.B,D,20240321,000000,99.955,99.955,99.954,99.954,0,0
1YJPP.B,D,20240322,000000,99.946,99.946,99.946,99.946,0,0
1YJPP.B,D,20240325,000000,99.946,99.956,99.946,99.956,0,0
1YJPP.B,D,20240326,000000,99.958,99.958,99.958,99.958,0,0
1YJPP.B,D,20240327,000000,99.9595,99.9595,99.9595,99.9595,0,0
1YJPP.B,D,20240328,000000,99.9605,99.9605,99.9605,99.9605,0,0
1YJPP.B,D,20240329,000000,99.9635,99.9635,99.9635,99.9635,0,0
1YJPP.B,D,20240401,000000,99.9635,99.9725,99.9635,99.9725,0,0
1YJPP.B,D,20240402,000000,99.9725,99.98,99.9725,99.98,0,0
1YJPP.B,D,20240403,000000,99.985,99.99,99.985,99.99,0,0
1YJPP.B,D,20240404,000000,99.9885,99.9885,99.9885,99.9885,0,0
1YJPP.B,D,20240405,000000,99.9725,99.976,99.9725,99.976,0,0
1YJPP.B,D,20240408,000000,99.976,99.976,99.967,99.967,0,0
1YJPP.B,D,20240409,000000,99.97,99.97,99.97,99.97,0,0
1YJPP.B,D,20240410,000000,99.969,99.969,99.9685,99.9685,0,0
1YJPP.B,D,20240411,000000,99.955,99.955,99.9425,99.9425,0,0
1YJPP.B,D,20240412,000000,99.942,99.942,99.942,99.942,0,0
1YJPP.B,D,20240415,000000,99.942,99.942,99.9325,99.933,0,0
1YJPP.B,D,20240416,000000,99.929,99.929,99.9215,99.9215,0,0
1YJPP.B,D,20240417,000000,99.9175,99.9175,99.9155,99.9155,0,0
1YJPP.B,D,20240418,000000,99.9185,99.9185,99.9185,99.9185,0,0
1YJPP.B,D,20240419,000000,99.924,99.928,99.924,99.928,0,0
1YJPP.B,D,20240422,000000,99.928,99.928,99.918,99.9195,0,0
1YJPP.B,D,20240423,000000,99.9185,99.9185,99.918,99.918,0,0
1YJPP.B,D,20240424,000000,99.9205,99.9205,99.9195,99.9195,0,0
1YJPP.B,D,20240425,000000,99.906,99.906,99.905,99.905,0,0
1YJPP.B,D,20240426,000000,99.916,99.916,99.903,99.903,0,0
1YJPP.B,D,20240430,000000,99.918,99.918,99.9135,99.9135,0,0
1YJPP.B,D,20240501,000000,99.905,99.905,99.905,99.905,0,0
1YJPP.B,D,20240502,000000,99.905,99.913,99.905,99.913,0,0
1YJPP.B,D,20240507,000000,99.913,99.913,99.913,99.913,0,0
1YJPP.B,D,20240508,000000,99.9115,99.9115,99.909,99.909,0,0
1YJPP.B,D,20240509,000000,99.892,99.892,99.891,99.891,0,0
1YJPP.B,D,20240510,000000,99.8925,99.8925,99.889,99.889,0,0
1YJPP.B,D,20240513,000000,99.889,99.889,99.875,99.875,0,0
1YJPP.B,D,20240514,000000,99.866,99.866,99.8655,99.8655,0,0
1YJPP.B,D,20240515,000000,99.859,99.859,99.853,99.853,0,0
1YJPP.B,D,20240516,000000,99.853,99.8615,99.853,99.8615,0,0
1YJPP.B,D,20240517,000000,99.859,99.859,99.858,99.858,0,0
1YJPP.B,D,20240520,000000,99.858,99.858,99.853,99.853,0,0
1YJPP.B,D,20240521,000000,99.853,99.8545,99.8525,99.8525,0,0
1YJPP.B,D,20240522,000000,99.8465,99.847,99.8465,99.847,0,0
1YJPP.B,D,20240523,000000,99.8515,99.8525,99.8515,99.8525,0,0
1YJPP.B,D,20240524,000000,99.851,99.852,99.851,99.852,0,0
1YJPP.B,D,20240527,000000,99.852,99.852,99.8465,99.8515,0,0
1YJPP.B,D,20240528,000000,99.8485,99.8535,99.8485,99.8535,0,0
1YJPP.B,D,20240529,000000,99.831,99.831,99.8295,99.8295,0,0
1YJPP.B,D,20240530,000000,99.8225,99.8225,99.8195,99.8195,0,0
1YJPP.B,D,20240531,000000,99.8135,99.8135,99.8075,99.8075,0,0
1YJPP.B,D,20240603,000000,99.8075,99.8075,99.782,99.7825,0,0
1YJPP.B,D,20240604,000000,99.796,99.796,99.795,99.795,0,0
1YJPP.B,D,20240605,000000,99.812,99.8175,99.812,99.8175,0,0
1YJPP.B,D,20240606,000000,99.8305,99.8395,99.8305,99.8395,0,0
1YJPP.B,D,20240607,000000,99.837,99.837,99.834,99.834,0,0
1YJPP.B,D,20240610,000000,99.834,99.834,99.815,99.815,0,0
1YJPP.B,D,20240611,000000,99.8275,99.8285,99.8275,99.8285,0,0
1YJPP.B,D,20240612,000000,99.8405,99.8405,99.8375,99.8375,0,0
1YJPP.B,D,20240613,000000,99.8455,99.8455,99.8455,99.8455,0,0
1YJPP.B,D,20240614,000000,99.852,99.862,99.852,99.862,0,0
1YJPP.B,D,20240617,000000,99.862,99.872,99.862,99.872,0,0
1YJPP.B,D,20240618,000000,99.875,99.878,99.875,99.878,0,0
1YJPP.B,D,20240619,000000,99.8855,99.8865,99.8855,99.8865,0,0
1YJPP.B,D,20240620,000000,99.8775,99.886,99.8775,99.886,0,0
1YJPP.B,D,20240621,000000,99.876,99.8795,99.876,99.8795,0,0
1YJPP.B,D,20240624,000000,99.8795,99.8795,99.8795,99.8795,0,0
1YJPP.B,D,20240625,000000,99.8785,99.882,99.8785,99.882,0,0
1YJPP.B,D,20240626,000000,99.8815,99.8815,99.8815,99.8815,0,0
1YJPP.B,D,20240627,000000,99.8625,99.8635,99.8625,99.8635,0,0
1YJPP.B,D,20240628,000000,99.8645,99.8645,99.8625,99.8625,0,0
1YJPP.B,D,20240701,000000,99.8625,99.8625,99.827,99.836,0,0
1YJPP.B,D,20240702,000000,99.8335,99.834,99.8335,99.834,0,0
1YJPP.B,D,20240703,000000,99.848,99.848,99.844,99.844,0,0
1YJPP.B,D,20240704,000000,99.8605,99.863,99.8605,99.863,0,0
1YJPP.B,D,20240705,000000,99.866,99.868,99.866,99.868,0,0
1YJPP.B,D,20240708,000000,99.868,99.868,99.862,99.867,0,0
1YJPP.B,D,20240709,000000,99.867,99.873,99.867,99.873,0,0
1YJPP.B,D,20240710,000000,99.883,99.887,99.883,99.887,0,0
1YJPP.B,D,20240711,000000,99.894,99.894,99.8905,99.8905,0,0
1YJPP.B,D,20240712,000000,99.8925,99.894,99.8925,99.894,0,0
1YJPP.B,D,20240716,000000,99.9035,99.9055,99.9035,99.9055,0,0
1YJPP.B,D,20240717,000000,99.896,99.902,99.896,99.902,0,0
1YJPP.B,D,20240718,000000,99.886,99.886,99.886,99.886,0,0
1YJPP.B,D,20240719,000000,99.8865,99.8865,99.8865,99.8865,0,0
1YJPP.B,D,20240722,000000,99.8865,99.8865,99.8795,99.8795,0,0
1YJPP.B,D,20240723,000000,99.8755,99.8755,99.8755,99.8755,0,0
1YJPP.B,D,20240724,000000,99.8625,99.8645,99.8625,99.8645,0,0
1YJPP.B,D,20240725,000000,99.853,99.853,99.8475,99.8475,0,0
1YJPP.B,D,20240726,000000,99.8465,99.8485,99.8465,99.8485,0,0
1YJPP.B,D,20240729,000000,99.8485,99.8555,99.8485,99.8555,0,0
1YJPP.B,D,20240730,000000,99.833,99.833,99.832,99.832,0,0
1YJPP.B,D,20240731,000000,99.735,99.735,99.734,99.734,0,0
1YJPP.B,D,20240801,000000,99.719,99.719,99.719,99.719,0,0
1YJPP.B,D,20240802,000000,99.761,99.761,99.755,99.755,0,0
1YJPP.B,D,20240805,000000,99.755,99.852,99.755,99.852,0,0
1YJPP.B,D,20240806,000000,99.8285,99.83,99.8285,99.83,0,0
1YJPP.B,D,20240807,000000,99.845,99.849,99.845,99.849,0,0
1YJPP.B,D,20240808,000000,99.844,99.845,99.844,99.845,0,0
1YJPP.B,D,20240809,000000,99.831,99.831,99.8215,99.8215,0,0
1YJPP.B,D,20240813,000000,99.815,99.815,99.814,99.814,0,0
1YJPP.B,D,20240814,000000,99.817,99.817,99.8165,99.8165,0,0
1YJPP.B,D,20240815,000000,99.7985,99.7985,99.7955,99.7955,0,0
1YJPP.B,D,20240816,000000,99.7765,99.7765,99.7765,99.7765,0,0
1YJPP.B,D,20240819,000000,99.7765,99.7765,99.7655,99.7665,0,0
1YJPP.B,D,20240820,000000,99.775,99.775,99.775,99.775,0,0
1YJPP.B,D,20240821,000000,99.7775,99.7775,99.775,99.775,0,0
1YJPP.B,D,20240822,000000,99.771,99.771,99.7705,99.7705,0,0
1YJPP.B,D,20240823,000000,99.7665,99.7725,99.7665,99.7725,0,0
1YJPP.B,D,20240826,000000,99.7725,99.778,99.7725,99.778,0,0
1YJPP.B,D,20240827,000000,99.7755,99.7755,99.7745,99.7745,0,0
1YJPP.B,D,20240828,000000,99.7695,99.77,99.7695,99.77,0,0
1YJPP.B,D,20240829,000000,99.7795,99.7825,99.7795,99.7825,0,0
1YJPP.B,D,20240830,000000,99.7835,99.7835,99.7835,99.7835,0,0
1YJPP.B,D,20240902,000000,99.7835,99.7835,99.758,99.763,0,0
1YJPP.B,D,20240903,000000,99.751,99.751,99.751,99.751,0,0
1YJPP.B,D,20240904,000000,99.763,99.7645,99.763,99.7645,0,0
1YJPP.B,D,20240905,000000,99.76,99.7625,99.76,99.7625,0,0
1YJPP.B,D,20240906,000000,99.761,99.761,99.758,99.758,0,0
1YJPP.B,D,20240909,000000,99.758,99.758,99.7505,99.7515,0,0
1YJPP.B,D,20240910,000000,99.7535,99.7535,99.7535,99.7535,0,0
1YJPP.B,D,20240911,000000,99.7655,99.7665,99.7655,99.7665,0,0
1YJPP.B,D,20240912,000000,99.764,99.764,99.764,99.764,0,0
1YJPP.B,D,20240913,000000,99.773,99.774,99.773,99.774,0,0
1YJPP.B,D,20240917,000000,99.7835,99.7835,99.7825,99.7825,0,0
1YJPP.B,D,20240918,000000,99.7935,99.799,99.7935,99.799,0,0
1YJPP.B,D,20240919,000000,99.802,99.802,99.799,99.799,0,0
1YJPP.B,D,20240920,000000,99.801,99.801,99.7915,99.7915,0,0
1YJPP.B,D,20240924,000000,99.8165,99.8165,99.8165,99.8165,0,0
1YJPP.B,D,20240925,000000,99.824,99.8245,99.824,99.8245,0,0
1YJPP.B,D,20240926,000000,99.8345,99.8345,99.8345,99.8345,0,0
1YJPP.B,D,20240927,000000,99.8345,99.8565,99.8345,99.8565,0,0
1YJPP.B,D,20240930,000000,99.8565,99.8565,99.81,99.81,0,0
1YJPP.B,D,20241001,000000,99.8145,99.8145,99.8145,99.8145,0,0
1YJPP.B,D,20241002,000000,99.8,99.802,99.8,99.802,0,0
1YJPP.B,D,20241003,000000,99.805,99.805,99.805,99.805,0,0
1YJPP.B,D,20241004,000000,99.808,99.808,99.808,99.808,0,0
1YJPP.B,D,20241007,000000,99.808,99.808,99.781,99.789,0,0
1YJPP.B,D,20241008,000000,99.789,99.789,99.789,99.789,0,0
1YJPP.B,D,20241009,000000,99.787,99.787,99.787,99.787,0,0
1YJPP.B,D,20241010,000000,99.783,99.783,99.7825,99.7825,0,0
1YJPP.B,D,20241011,000000,99.7795,99.7795,99.7795,99.7795,0,0
1YJPP.B,D,20241015,000000,99.7715,99.7715,99.7715,99.7715,0,0
1YJPP.B,D,20241016,000000,99.7695,99.7695,99.766,99.766,0,0
1YJPP.B,D,20241017,000000,99.7615,99.7615,99.7615,99.7615,0,0
1YJPP.B,D,20241018,000000,99.754,99.754,99.754,99.754,0,0
1YJPP.B,D,20241021,000000,99.754,99.756,99.754,99.756,0,0
1YJPP.B,D,20241022,000000,99.7415,99.7415,99.7415,99.7415,0,0
1YJPP.B,D,20241023,000000,99.739,99.739,99.739,99.739,0,0
1YJPP.B,D,20241024,000000,99.7385,99.7385,99.7375,99.7375,0,0
1YJPP.B,D,20241025,000000,99.7395,99.7395,99.7395,99.7395,0,0
1YJPP.B,D,20241028,000000,99.7395,99.7395,99.7375,99.7375,0,0
1YJPP.B,D,20241029,000000,99.7425,99.7425,99.7425,99.7425,0,0
1YJPP.B,D,20241030,000000,99.7555,99.7555,99.7555,99.7555,0,0
1YJPP.B,D,20241031,000000,99.7555,99.817,99.7555,99.817,0,0
1YJPP.B,D,20241101,000000,99.817,99.817,99.788,99.788,0,0
1YJPP.B,D,20241105,000000,99.796,99.796,99.796,99.796,0,0
1YJPP.B,D,20241106,000000,99.796,99.796,99.777,99.777,0,0
1YJPP.B,D,20241107,000000,99.758,99.758,99.758,99.758,0,0
1YJPP.B,D,20241108,000000,99.758,99.758,99.755,99.755,0,0
1YJPP.B,D,20241111,000000,99.755,99.755,99.7545,99.7545,0,0
1YJPP.B,D,20241112,000000,99.7545,99.7545,99.747,99.747,0,0
1YJPP.B,D,20241113,000000,99.7235,99.7235,99.7235,99.7235,0,0
1YJPP.B,D,20241114,000000,99.7235,99.7235,99.715,99.715,0,0
1YJPP.B,D,20241115,000000,99.7075,99.7075,99.7075,99.7075,0,0
1YJPP.B,D,20241118,000000,99.7075,99.7075,99.706,99.706,0,0
1YJPP.B,D,20241119,000000,99.701,99.701,99.701,99.701,0,0
1YJPP.B,D,20241120,000000,99.701,99.701,99.6985,99.6985,0,0
1YJPP.B,D,20241121,000000,99.681,99.681,99.681,99.681,0,0
1YJPP.B,D,20241122,000000,99.6775,99.6775,99.6775,99.6775,0,0
1YJPP.B,D,20241125,000000,99.6775,99.6775,99.6765,99.6765,0,0
1YJPP.B,D,20241126,000000,99.677,99.677,99.677,99.677,0,0
1YJPP.B,D,20241127,000000,99.677,99.677,99.6735,99.6735,0,0
1YJPP.B,D,20241128,000000,99.6815,99.6815,99.6815,99.6815,0,0
1YJPP.B,D,20241129,000000,99.6815,99.6815,99.676,99.676,0,0
1YJPP.B,D,20241202,000000,99.676,99.676,99.6695,99.6695,0,0
1YJPP.B,D,20241203,000000,99.6695,99.6695,99.527,99.527,0,0
1YJPP.B,D,20241204,000000,99.558,99.558,99.558,99.558,0,0
1YJPP.B,D,20241205,000000,99.565,99.565,99.565,99.565,0,0
1YJPP.B,D,20241206,000000,99.582,99.582,99.582,99.582,0,0
1YJPP.B,D,20241209,000000,99.582,99.596,99.582,99.596,0,0
1YJPP.B,D,20241210,000000,99.594,99.594,99.594,99.594,0,0
1YJPP.B,D,20241211,000000,99.59,99.59,99.59,99.59,0,0
1YJPP.B,D,20241212,000000,99.608,99.608,99.608,99.608,0,0
1YJPP.B,D,20241213,000000,99.627,99.627,99.627,99.627,0,0
1YJPP.B,D,20241216,000000,99.627,99.627,99.624,99.624,0,0
1YJPP.B,D,20241217,000000,99.6245,99.6245,99.6245,99.6245,0,0
1YJPP.B,D,20241218,000000,99.63,99.63,99.63,99.63,0,0
1YJPP.B,D,20241219,000000,99.6295,99.6295,99.6295,99.6295,0,0
1YJPP.B,D,20241220,000000,99.659,99.659,99.659,99.659,0,0
1YJPP.B,D,20241223,000000,99.659,99.6595,99.659,99.6595,0,0
1YJPP.B,D,20241226,000000,99.6595,99.6595,99.6565,99.6565,0,0
1YJPP.B,D,20241227,000000,99.655,99.655,99.655,99.655,0,0
1YJPP.B,D,20241230,000000,99.655,99.68,99.655,99.68,0,0
1YJPP.B,D,20250106,000000,99.68,99.68,99.664,99.664,0,0
1YJPP.B,D,20250107,000000,99.66,99.66,99.66,99.66,0,0
1YJPP.B,D,20250108,000000,99.6635,99.6635,99.6635,99.6635,0,0
1YJPP.B,D,20250109,000000,99.6705,99.6705,99.6705,99.6705,0,0
1YJPP.B,D,20250110,000000,99.6705,99.6705,99.6705,99.6705,0,0
1YJPP.B,D,20250114,000000,99.652,99.652,99.652,99.652,0,0
1YJPP.B,D,20250115,000000,99.6235,99.6235,99.6235,99.6235,0,0
1YJPP.B,D,20250116,000000,99.6215,99.6215,99.6215,99.6215,0,0
1YJPP.B,D,20250117,000000,99.622,99.622,99.622,99.622,0,0
1YJPP.B,D,20250120,000000,99.622,99.6245,99.622,99.6245,0,0
1YJPP.B,D,20250121,000000,99.626,99.626,99.626,99.626,0,0
1YJPP.B,D,20250122,000000,99.6085,99.6085,99.6085,99.6085,0,0
1YJPP.B,D,20250123,000000,99.607,99.607,99.607,99.607,0,0
1YJPP.B,D,20250124,000000,99.5935,99.5935,99.5935,99.5935,0,0
1YJPP.B,D,20250127,000000,99.5935,99.6155,99.5935,99.6155,0,0
1YJPP.B,D,20250128,000000,99.6155,99.6255,99.6155,99.6255,0,0
1YJPP.B,D,20250129,000000,99.6155,99.6155,99.6155,99.6155,0,0
1YJPP.B,D,20250130,000000,99.6065,99.6065,99.6065,99.6065,0,0
1YJPP.B,D,20250131,000000,99.6035,99.6035,99.6035,99.6035,0,0
1YJPP.B,D,20250203,000000,99.6035,99.6105,99.6035,99.6105,0,0
1YJPP.B,D,20250204,000000,99.549,99.549,99.549,99.549,0,0
1YJPP.B,D,20250205,000000,99.548,99.548,99.548,99.548,0,0
1YJPP.B,D,20250206,000000,99.548,99.548,99.548,99.548,0,0
1YJPP.B,D,20250207,000000,99.5325,99.5325,99.5325,99.5325,0,0
1YJPP.B,D,20250210,000000,99.5325,99.5335,99.5325,99.5335,0,0
1YJPP.B,D,20250212,000000,99.54,99.54,99.54,99.54,0,0
1YJPP.B,D,20250213,000000,99.55,99.55,99.55,99.55,0,0
1YJPP.B,D,20250214,000000,99.5545,99.5545,99.5545,99.5545,0,0
1YJPP.B,D,20250217,000000,99.5545,99.568,99.5545,99.568,0,0
1YJPP.B,D,20250218,000000,99.5635,99.5635,99.5635,99.5635,0,0
1YJPP.B,D,20250219,000000,99.566,99.566,99.566,99.566,0,0
1YJPP.B,D,20250220,000000,99.5585,99.5585,99.5585,99.5585,0,0
1YJPP.B,D,20250221,000000,99.5645,99.5645,99.5645,99.5645,0,0
1YJPP.B,D,20250225,000000,99.5775,99.5775,99.5775,99.5775,0,0
1YJPP.B,D,20250226,000000,99.5795,99.5795,99.5795,99.5795,0,0
1YJPP.B,D,20250227,000000,99.5705,99.5705,99.5705,99.5705,0,0
1YJPP.B,D,20250228,000000,99.5735,99.5745,99.5735,99.5745,0,0
1YJPP.B,D,20250303,000000,99.5745,99.596,99.5745,99.596,0,0
1YJPP.B,D,20250304,000000,99.5985,99.5985,99.5985,99.5985,0,0
1YJPP.B,D,20250305,000000,99.6005,99.6005,99.6005,99.6005,0,0
1YJPP.B,D,20250306,000000,99.6,99.6,99.6,99.6,0,0
1YJPP.B,D,20250307,000000,99.6045,99.6045,99.6035,99.6035,0,0
1YJPP.B,D,20250310,000000,99.6035,99.6035,99.6035,99.6035,0,0
1YJPP.B,D,20250311,000000,99.6205,99.6205,99.6205,99.6205,0,0
1YJPP.B,D,20250312,000000,99.612,99.612,99.612,99.612,0,0
1YJPP.B,D,20250313,000000,99.61,99.61,99.61,99.61,0,0
1YJPP.B,D,20250314,000000,99.625,99.625,99.625,99.625,0,0
1YJPP.B,D,20250317,000000,99.625,99.6385,99.625,99.6385,0,0
1YJPP.B,D,20250318,000000,99.6355,99.6355,99.6355,99.6355,0,0
1YJPP.B,D,20250319,000000,99.6215,99.6215,99.6215,99.6215,0,0
1YJPP.B,D,20250321,000000,99.6275,99.6275,99.6275,99.6275,0,0
1YJPP.B,D,20250324,000000,99.6275,99.6275,99.6165,99.6165,0,0
1YJPP.B,D,20250325,000000,99.6105,99.6105,99.6105,99.6105,0,0
1YJPP.B,D,20250326,000000,99.6055,99.6055,99.6055,99.6055,0,0
1YJPP.B,D,20250327,000000,99.6085,99.6085,99.6085,99.6085,0,0
1YJPP.B,D,20250328,000000,99.6195,99.6195,99.6195,99.6195,0,0
1YJPP.B,D,20250331,000000,99.6195,99.6195,99.6195,99.6195,0,0
1YJPP.B,D,20250401,000000,99.6205,99.6205,99.6205,99.6205,0,0
1YJPP.B,D,20250402,000000,99.5785,99.5785,99.5715,99.5715,0,0
1YJPP.B,D,20250403,000000,99.625,99.629,99.625,99.629,0,0
1YJPP.B,D,20250404,000000,99.7035,99.7035,99.7035,99.7035,0,0
1YJPP.B,D,20250407,000000,99.7035,99.736,99.7035,99.731,0,0
1YJPP.B,D,20250408,000000,99.713,99.713,99.7035,99.7035,0,0
1YJPP.B,D,20250409,000000,99.737,99.737,99.737,99.737,0,0
1YJPP.B,D,20250410,000000,99.715,99.715,99.715,99.715,0,0
1YJPP.B,D,20250411,000000,99.76,99.76,99.7455,99.7455,0,0
1YJPP.B,D,20250414,000000,99.7455,99.756,99.7455,99.756,0,0
1YJPP.B,D,20250415,000000,99.723,99.723,99.7135,99.7135,0,0
1YJPP.B,D,20250416,000000,99.737,99.737,99.7265,99.7265,0,0
1YJPP.B,D,20250417,000000,99.6995,99.7045,99.6995,99.7045,0,0
1YJPP.B,D,20250418,000000,99.7195,99.7195,99.7135,99.7135,0,0
1YJPP.B,D,20250421,000000,99.7135,99.7135,99.7075,99.7075,0,0
1YJPP.B,D,20250422,000000,99.6995,99.7005,99.6995,99.7005,0,0
1YJPP.B,D,20250423,000000,99.6945,99.6965,99.6945,99.6965,0,0
1YJPP.B,D,20250424,000000,99.7065,99.7085,99.7065,99.7085,0,0
1YJPP.B,D,20250425,000000,99.6965,99.7005,99.6965,99.7005,0,0
1YJPP.B,D,20250428,000000,99.7005,99.758,99.7005,99.757,0,0
1YJPP.B,D,20250430,000000,99.764,99.764,99.764,99.764,0,0
1YJPP.B,D,20250502,000000,99.764,99.7975,99.764,99.7975,0,0
1YJPP.B,D,20250507,000000,99.785,99.7945,99.785,99.7945,0,0
1YJPP.B,D,20250508,000000,99.785,99.7905,99.785,99.7905,0,0
1YJPP.B,D,20250509,000000,99.7785,99.783,99.7785,99.783,0,0
1YJPP.B,D,20250512,000000,99.783,99.783,99.752,99.778,0,0
1YJPP.B,D,20250513,000000,99.75,99.7545,99.75,99.7545,0,0
1YJPP.B,D,20250514,000000,99.759,99.7605,99.759,99.7605,0,0
1YJPP.B,D,20250515,000000,99.769,99.77,99.769,99.77,0,0
1YJPP.B,D,20250516,000000,99.775,99.778,99.775,99.778,0,0
1YJPP.B,D,20250519,000000,99.778,99.778,99.7645,99.7645,0,0
1YJPP.B,D,20250520,000000,99.7605,99.7605,99.7605,99.7605,0,0
1YJPP.B,D,20250521,000000,99.7695,99.7765,99.7695,99.7765,0,0
1YJPP.B,D,20250522,000000,99.7745,99.7785,99.7745,99.7785,0,0
1YJPP.B,D,20250523,000000,99.7995,99.7995,99.7845,99.7845,0,0
1YJPP.B,D,20250526,000000,99.7845,99.79,99.7845,99.79,0,0
1YJPP.B,D,20250527,000000,99.7805,99.7805,99.7795,99.7795,0,0
1YJPP.B,D,20250528,000000,99.7765,99.7775,99.7765,99.7775,0,0
1YJPP.B,D,20250529,000000,99.7655,99.7685,99.7655,99.7685,0,0
1YJPP.B,D,20250530,000000,99.7675,99.7675,99.7615,99.7615,0,0
1YJPP.B,D,20250602,000000,99.7615,99.7615,99.7605,99.7605,0,0
1YJPP.B,D,20250603,000000,99.829,99.829,99.8275,99.8275,0,0
1YJPP.B,D,20250604,000000,99.835,99.835,99.832,99.832,0,0
1YJPP.B,D,20250605,000000,99.8435,99.845,99.8435,99.845,0,0
1YJPP.B,D,20250606,000000,99.844,99.845,99.844,99.845,0,0
1YJPP.B,D,20250609,000000,99.845,99.845,99.842,99.842,0,0
1YJPP.B,D,20250610,000000,99.8425,99.8425,99.842,99.842,0,0
1YJPP.B,D,20250611,000000,99.8475,99.852,99.8475,99.852,0,0
1YJPP.B,D,20250612,000000,99.855,99.855,99.853,99.853,0,0
1YJPP.B,D,20250613,000000,99.8625,99.8625,99.8625,99.8625,0,0
1YJPP.B,D,20250616,000000,99.8625,99.8625,99.844,99.844,0,0
1YJPP.B,D,20250617,000000,99.8515,99.8515,99.85,99.85,0,0
1YJPP.B,D,20250618,000000,99.859,99.8595,99.859,99.8595,0,0
1YJPP.B,D,20250619,000000,99.8695,99.877,99.8695,99.877,0,0
1YJPP.B,D,20250620,000000,99.8715,99.879,99.8715,99.879,0,0
1YJPP.B,D,20250623,000000,99.879,99.879,99.87,99.8735,0,0
1YJPP.B,D,20250624,000000,99.873,99.873,99.8725,99.8725,0,0
1YJPP.B,D,20250625,000000,99.8765,99.8765,99.8765,99.8765,0,0
1YJPP.B,D,20250626,000000,99.867,99.8715,99.867,99.8715,0,0
1YJPP.B,D,20250627,000000,99.8645,99.8675,99.8645,99.8675,0,0
1YJPP.B,D,20250630,000000,99.8675,99.8675,99.823,99.823,0,0
1YJPP.B,D,20250701,000000,99.824,99.824,99.824,99.824,0,0
1YJPP.B,D,20250702,000000,99.817,99.8205,99.817,99.8205,0,0
1YJPP.B,D,20250703,000000,99.822,99.822,99.8205,99.8205,0,0
1YJPP.B,D,20250704,000000,99.826,99.8305,99.826,99.8305,0,0
1YJPP.B,D,20250707,000000,99.8305,99.8355,99.827,99.8355,0,0
1YJPP.B,D,20250708,000000,99.834,99.834,99.8335,99.8335,0,0
1YJPP.B,D,20250709,000000,99.8225,99.826,99.8225,99.826,0,0
1YJPP.B,D,20250710,000000,99.824,99.8275,99.824,99.8275,0,0
1YJPP.B,D,20250711,000000,99.815,99.815,99.815,99.815,0,0
1YJPP.B,D,20250714,000000,99.822,99.822,99.8105,99.8105,0,0
1YJPP.B,D,20250715,000000,99.8115,99.8115,99.8065,99.8065,0,0
1YJPP.B,D,20250716,000000,99.8055,99.81,99.8055,99.81,0,0
1YJPP.B,D,20250717,000000,99.8115,99.8125,99.8115,99.8125,0,0
1YJPP.B,D,20250718,000000,99.8155,99.8155,99.8155,99.8155,0,0
1YJPP.B,D,20250722,000000,99.8255,99.8255,99.825,99.825,0,0
1YJPP.B,D,20250723,000000,99.785,99.785,99.78,99.78,0,0
1YJPP.B,D,20250724,000000,99.7735,99.7755,99.7735,99.7755,0,0
1YJPP.B,D,20250725,000000,99.7585,99.7595,99.7585,99.7595,0,0
1YJPP.B,D,20250728,000000,99.7595,99.7705,99.7595,99.7695,0,0
1YJPP.B,D,20250729,000000,99.7695,99.7695,99.7695,99.7695,0,0
1YJPP.B,D,20250730,000000,99.7795,99.7795,99.7715,99.7715,0,0
1YJPP.B,D,20250731,000000,99.7525,99.7525,99.7445,99.7445,0,0
1YJPP.B,D,20250801,000000,99.75,99.75,99.75,99.75,0,0
1YJPP.B,D,20250804,000000,99.75,99.789,99.75,99.789,0,0
1YJPP.B,D,20250805,000000,99.796,99.796,99.795,99.795,0,0
1YJPP.B,D,20250806,000000,99.784,99.7845,99.784,99.7845,0,0
1YJPP.B,D,20250807,000000,99.795,99.795,99.7935,99.7935,0,0
1YJPP.B,D,20250808,000000,99.791,99.791,99.7865,99.7865,0,0
1YJPP.B,D,20250812,000000,99.7865,99.7875,99.7865,99.7875,0,0
1YJPP.B,D,20250813,000000,99.792,99.792,99.7865,99.7865,0,0
1YJPP.B,D,20250814,000000,99.772,99.7755,99.772,99.7755,0,0
1YJPP.B,D,20250815,000000,99.772,99.772,99.772,99.772,0,0
1YJPP.B,D,20250818,000000,99.772,99.7725,99.7695,99.7695,0,0
1YJPP.B,D,20250819,000000,99.7605,99.7695,99.7605,99.7695,0,0
1YJPP.B,D,20250820,000000,99.7565,99.758,99.7565,99.758,0,0
1YJPP.B,D,20250821,000000,99.7635,99.7705,99.7635,99.7705,0,0
1YJPP.B,D,20250822,000000,99.7715,99.7715,99.7715,99.7715,0,0
1YJPP.B,D,20250825,000000,99.7715,99.7735,99.7715,99.7735,0,0
1YJPP.B,D,20250826,000000,99.7705,99.7705,99.7665,99.7665,0,0
1YJPP.B,D,20250827,000000,99.772,99.772,99.7695,99.7695,0,0
1YJPP.B,D,20250828,000000,99.7705,99.7705,99.7705,99.7705,0,0
1YJPP.B,D,20250829,000000,99.7675,99.7675,99.7675,99.7675,0,0
1YJPP.B,D,20250901,000000,99.7675,99.7675,99.687,99.688,0,0
1YJPP.B,D,20250902,000000,99.815,99.815,99.699,99.699,0,0
1YJPP.B,D,20250903,000000,99.706,99.706,99.705,99.705,0,0
1YJPP.B,D,20250904,000000,99.7255,99.7255,99.717,99.717,0,0
1YJPP.B,D,20250905,000000,99.729,99.729,99.7265,99.7265,0,0
1YJPP.B,D,20250908,000000,99.7265,99.739,99.7265,99.7375,0,0
1YJPP.B,D,20250909,000000,99.734,99.734,99.732,99.732,0,0
1YJPP.B,D,20250910,000000,99.731,99.731,99.728,99.728,0,0
1YJPP.B,D,20250911,000000,99.7315,99.7315,99.7315,99.7315,0,0
1YJPP.B,D,20250912,000000,99.73,99.73,99.725,99.725,0,0
1YJPP.B,D,20250916,000000,99.7255,99.7255,99.7255,99.7255,0,0
1YJPP.B,D,20250917,000000,99.7255,99.7255,99.7245,99.7245,0,0
1YJPP.B,D,20250918,000000,99.7235,99.7235,99.7195,99.7195,0,0
1YJPP.B,D,20250919,000000,99.705,99.705,99.705,99.705,0,0
1YJPP.B,D,20250922,000000,99.6985,99.6985,99.691,99.691,0,0
1YJPP.B,D,20250924,000000,99.6925,99.6925,99.69,99.69,0,0
1YJPP.B,D,20250925,000000,99.69,99.69,99.6875,99.6875,0,0
1YJPP.B,D,20250926,000000,99.6915,99.6915,99.6915,99.6915,0,0
1YJPP.B,D,20250929,000000,99.6915,99.6915,99.6865,99.6865,0,0
1YJPP.B,D,20250930,000000,99.6725,99.6725,99.6685,99.6685,0,0
1YJPP.B,D,20251001,000000,99.6705,99.6705,99.6705,99.6705,0,0
1YJPP.B,D,20251002,000000,99.628,99.628,99.6245,99.6245,0,0
1YJPP.B,D,20251003,000000,99.641,99.641,99.641,99.641,0,0
1YJPP.B,D,20251006,000000,99.641,99.6865,99.641,99.683,0,0
1YJPP.B,D,20251007,000000,99.6795,99.6795,99.6765,99.6765,0,0
1YJPP.B,D,20251008,000000,99.6765,99.6765,99.6635,99.6635,0,0
1YJPP.B,D,20251009,000000,99.665,99.6665,99.665,99.6665,0,0
1YJPP.B,D,20251010,000000,99.6845,99.6845,99.675,99.675,0,0
1YJPP.B,D,20251013,000000,99.675,99.675,99.675,99.675,0,0
1YJPP.B,D,20251014,000000,99.7155,99.7155,99.7045,99.7045,0,0
1YJPP.B,D,20251015,000000,99.7055,99.7055,99.7,99.7,0,0
1YJPP.B,D,20251016,000000,99.7055,99.7055,99.7055,99.7055,0,0
1YJPP.B,D,20251017,000000,99.7175,99.7175,99.7145,99.7145,0,0
1YJPP.B,D,20251020,000000,99.7145,99.7145,99.699,99.699,0,0
1YJPP.B,D,20251021,000000,99.709,99.709,99.7055,99.7055,0,0
1YJPP.B,D,20251022,000000,99.7175,99.7175,99.7115,99.7115,0,0
1YJPP.B,D,20251023,000000,99.715,99.715,99.715,99.715,0,0
1YJPP.B,D,20251024,000000,99.715,99.717,99.715,99.717,0,0
1YJPP.B,D,20251027,000000,99.717,99.717,99.7135,99.7135,0,0
1YJPP.B,D,20251028,000000,99.7185,99.7185,99.7185,99.7185,0,0
1YJPP.B,D,20251029,000000,99.7185,99.7185,99.7135,99.7135,0,0
1YJPP.B,D,20251030,000000,99.7135,99.7175,99.7135,99.7175,0,0
1YJPP.B,D,20251031,000000,99.7175,99.7175,99.7175,99.7175,0,0
1YJPP.B,D,20251103,000000,99.7175,99.7175,99.7175,99.7175,0,0
1YJPP.B,D,20251104,000000,99.7175,99.77,99.7175,99.77,0,0
1YJPP.B,D,20251105,000000,99.77,99.783,99.77,99.783,0,0
1YJPP.B,D,20251106,000000,99.783,99.783,99.78,99.78,0,0
1YJPP.B,D,20251107,000000,99.78,99.78,99.7775,99.7775,0,0
1YJPP.B,D,20251110,000000,99.7775,99.779,99.7775,99.779,0,0
1YJPP.B,D,20251111,000000,99.779,99.783,99.779,99.783,0,0
1YJPP.B,D,20251112,000000,99.783,99.7835,99.783,99.7835,0,0
1YJPP.B,D,20251113,000000,99.7835,99.787,99.7835,99.787,0,0
1YJPP.B,D,20251114,000000,99.787,99.787,99.787,99.787,0,0
1YJPP.B,D,20251117,000000,99.787,99.787,99.781,99.781,0,0
1YJPP.B,D,20251118,000000,99.781,99.7845,99.781,99.7845,0,0
1YJPP.B,D,20251119,000000,99.7845,99.7845,99.779,99.779,0,0
1YJPP.B,D,20251120,000000,99.779,99.779,99.7685,99.7685,0,0
1YJPP.B,D,20251121,000000,99.7685,99.7685,99.7685,99.7685,0,0
1YJPP.B,D,20251124,000000,99.7685,99.7685,99.7685,99.7685,0,0
1YJPP.B,D,20251125,000000,99.755,99.755,99.755,99.755,0,0
1YJPP.B,D,20251126,000000,99.755,99.7575,99.755,99.7575,0,0
1YJPP.B,D,20251127,000000,99.7575,99.7575,99.7575,99.7575,0,0
1YJPP.B,D,20251128,000000,99.7575,99.7595,99.7575,99.7595,0,0
1YJPP.B,D,20251201,000000,99.7595,99.7595,99.7455,99.7455,0,0
1YJPP.B,D,20251202,000000,99.811,99.811,99.811,99.811,0,0
1YJPP.B,D,20251203,000000,99.811,99.8115,99.811,99.8115,0,0
1YJPP.B,D,20251204,000000,99.8215,99.8215,99.8215,99.8215,0,0
1YJPP.B,D,20251205,000000,99.803,99.803,99.803,99.803,0,0
1YJPP.B,D,20251208,000000,99.803,99.803,99.7995,99.7995,0,0
1YJPP.B,D,20251209,000000,99.801,99.801,99.801,99.801,0,0
1YJPP.B,D,20251210,000000,99.801,99.802,99.801,99.802,0,0
1YJPP.B,D,20251211,000000,99.809,99.809,99.809,99.809,0,0
1YJPP.B,D,20251212,000000,99.809,99.809,99.795,99.795,0,0
1YJPP.B,D,20251215,000000,99.795,99.7985,99.795,99.7985,0,0
1YJPP.B,D,20251216,000000,99.7985,99.7985,99.7985,99.7985,0,0
1YJPP.B,D,20251217,000000,99.7835,99.7835,99.7835,99.7835,0,0
1YJPP.B,D,20251218,000000,99.7875,99.7875,99.7875,99.7875,0,0
1YJPP.B,D,20251219,000000,99.7725,99.7725,99.7725,99.7725,0,0
1YJPP.B,D,20251222,000000,99.7725,99.7725,99.764,99.764,0,0
1YJPP.B,D,20251223,000000,99.764,99.7805,99.764,99.7805,0,0
1YJPP.B,D,20251225,000000,99.7805,99.7805,99.7805,99.7805,0,0
1YJPP.B,D,20251226,000000,99.7805,99.7805,99.7805,99.7805,0,0
1YJPP.B,D,20251229,000000,99.7805,99.7805,99.7135,99.7135,0,0
1YJPP.B,D,20251230,000000,99.7135,99.7135,99.697,99.697,0,0
1YJPP.B,D,20251231,000000,99.697,99.697,99.697,99.697,0,0
1YJPP.B,D,20260101,000000,99.697,99.697,99.697,99.697,0,0
1YJPP.B,D,20260102,000000,99.697,99.697,99.697,99.697,0,0
1YJPP.B,D,20260105,000000,99.697,99.697,99.689,99.689,0,0
1YJPP.B,D,20260106,000000,99.699,99.699,99.699,99.699,0,0
1YJPP.B,D,20260107,000000,99.712,99.712,99.712,99.712,0,0
1YJPP.B,D,20260108,000000,99.746,99.746,99.746,99.746,0,0
1YJPP.B,D,20260109,000000,99.7305,99.7305,99.7305,99.7305,0,0
1YJPP.B,D,20260112,000000,99.7305,99.731,99.7305,99.731,0,0
1YJPP.B,D,20260113,000000,99.724,99.724,99.724,99.724,0,0
1YJPP.B,D,20260114,000000,99.715,99.715,99.715,99.715,0,0
1YJPP.B,D,20260115,000000,99.714,99.714,99.714,99.714,0,0
1YJPP.B,D,20260116,000000,99.706,99.706,99.706,99.706,0,0
1YJPP.B,D,20260119,000000,99.706,99.706,99.6925,99.6925,0,0
1YJPP.B,D,20260120,000000,99.702,99.702,99.702,99.702,0,0
1YJPP.B,D,20260121,000000,99.702,99.702,99.69,99.69,0,0
1YJPP.B,D,20260122,000000,99.6995,99.6995,99.6995,99.6995,0,0
1YJPP.B,D,20260123,000000,99.6575,99.6575,99.6575,99.6575,0,0
1YJPP.B,D,20260126,000000,99.6575,99.6575,99.648,99.648,0,0
1YJPP.B,D,20260127,000000,99.6405,99.6405,99.6405,99.6405,0,0
1YJPP.B,D,20260128,000000,99.6555,99.6555,99.6555,99.6555,0,0
1YJPP.B,D,20260129,000000,99.6595,99.6595,99.6595,99.6595,0,0
1YJPP.B,D,20260130,000000,99.6715,99.6715,99.6715,99.6715,0,0
1YJPP.B,D,20260202,000000,99.6715,99.6715,99.6665,99.6665,0,0
1YJPP.B,D,20260203,000000,99.6665,99.687,99.6665,99.687,0,0
1YJPP.B,D,20260204,000000,99.696,99.696,99.696,99.696,0,0
1YJPP.B,D,20260205,000000,99.6975,99.6975,99.6975,99.6975,0,0
1YJPP.B,D,20260206,000000,99.696,99.696,99.696,99.696,0,0
1YJPP.B,D,20260209,000000,99.696,99.696,99.683,99.683,0,0
1YJPP.B,D,20260210,000000,99.683,99.6915,99.683,99.6915,0,0
