<TICKER>,<PER>,<DATE>,<TIME>,<OPEN>,<HIGH>,<LOW>,<CLOSE>,<VOL>,<OPENINT>
1YNLY.B,D,20240412,000000,3.162,3.162,3.162,3.162,0,0
1YNLY.B,D,20240415,000000,3.162,3.202,3.162,3.202,0,0
1YNLY.B,D,20240416,000000,3.202,3.257,3.202,3.257,0,0
1YNLY.B,D,20240417,000000,3.235,3.235,3.235,3.235,0,0
1YNLY.B,D,20240418,000000,3.231,3.246,3.231,3.246,0,0
1YNLY.B,D,20240419,000000,3.263,3.303,3.263,3.303,0,0
1YNLY.B,D,20240422,000000,3.303,3.303,3.237,3.237,0,0
1YNLY.B,D,20240423,000000,3.227,3.243,3.227,3.243,0,0
1YNLY.B,D,20240424,000000,3.253,3.3,3.253,3.3,0,0
1YNLY.B,D,20240425,000000,3.274,3.349,3.274,3.349,0,0
1YNLY.B,D,20240426,000000,3.307,3.307,3.297,3.297,0,0
1YNLY.B,D,20240429,000000,3.297,3.297,3.289,3.289,0,0
1YNLY.B,D,20240430,000000,3.299,3.339,3.299,3.339,0,0
1YNLY.B,D,20240502,000000,3.336,3.336,3.318,3.318,0,0
1YNLY.B,D,20240503,000000,3.302,3.302,3.261,3.261,0,0
1YNLY.B,D,20240506,000000,3.261,3.261,3.26,3.26,0,0
1YNLY.B,D,20240507,000000,3.251,3.251,3.24,3.24,0,0
1YNLY.B,D,20240508,000000,3.239,3.263,3.239,3.263,0,0
1YNLY.B,D,20240509,000000,3.265,3.267,3.265,3.267,0,0
1YNLY.B,D,20240510,000000,3.264,3.29,3.264,3.29,0,0
1YNLY.B,D,20240513,000000,3.29,3.29,3.268,3.268,0,0
1YNLY.B,D,20240514,000000,3.247,3.276,3.247,3.276,0,0
1YNLY.B,D,20240515,000000,3.253,3.253,3.233,3.233,0,0
1YNLY.B,D,20240516,000000,3.233,3.251,3.211,3.251,0,0
1YNLY.B,D,20240517,000000,3.268,3.293,3.268,3.293,0,0
1YNLY.B,D,20240520,000000,3.293,3.293,3.281,3.292,0,0
1YNLY.B,D,20240521,000000,3.292,3.292,3.259,3.259,0,0
1YNLY.B,D,20240522,000000,3.274,3.286,3.274,3.286,0,0
1YNLY.B,D,20240523,000000,3.313,3.376,3.313,3.376,0,0
1YNLY.B,D,20240524,000000,3.333,3.345,3.333,3.345,0,0
1YNLY.B,D,20240527,000000,3.345,3.349,3.322,3.322,0,0
1YNLY.B,D,20240528,000000,3.323,3.326,3.323,3.326,0,0
1YNLY.B,D,20240529,000000,3.326,3.378,3.326,3.378,0,0
1YNLY.B,D,20240530,000000,3.316,3.324,3.316,3.324,0,0
1YNLY.B,D,20240531,000000,3.322,3.322,3.293,3.293,0,0
1YNLY.B,D,20240603,000000,3.293,3.334,3.281,3.281,0,0
1YNLY.B,D,20240604,000000,3.278,3.29,3.278,3.29,0,0
1YNLY.B,D,20240605,000000,3.287,3.304,3.287,3.304,0,0
1YNLY.B,D,20240606,000000,3.279,3.314,3.279,3.314,0,0
1YNLY.B,D,20240607,000000,3.306,3.346,3.306,3.346,0,0
1YNLY.B,D,20240610,000000,3.346,3.376,3.346,3.376,0,0
1YNLY.B,D,20240611,000000,3.346,3.346,3.304,3.304,0,0
1YNLY.B,D,20240612,000000,3.306,3.306,3.279,3.279,0,0
1YNLY.B,D,20240613,000000,3.316,3.316,3.265,3.265,0,0
1YNLY.B,D,20240614,000000,3.219,3.219,3.145,3.145,0,0
1YNLY.B,D,20240617,000000,3.145,3.186,3.145,3.157,0,0
1YNLY.B,D,20240618,000000,3.183,3.183,3.138,3.138,0,0
1YNLY.B,D,20240619,000000,3.169,3.169,3.128,3.128,0,0
1YNLY.B,D,20240620,000000,3.173,3.173,3.151,3.151,0,0
1YNLY.B,D,20240621,000000,3.116,3.161,3.116,3.161,0,0
1YNLY.B,D,20240624,000000,3.161,3.161,3.145,3.145,0,0
1YNLY.B,D,20240625,000000,3.155,3.167,3.155,3.167,0,0
1YNLY.B,D,20240626,000000,3.167,3.167,3.167,3.167,0,0
1YNLY.B,D,20240627,000000,3.166,3.166,3.133,3.133,0,0
1YNLY.B,D,20240628,000000,3.136,3.2,3.136,3.2,0,0
1YNLY.B,D,20240701,000000,3.2,3.219,3.2,3.219,0,0
1YNLY.B,D,20240702,000000,3.201,3.218,3.201,3.218,0,0
1YNLY.B,D,20240703,000000,3.217,3.217,3.182,3.182,0,0
1YNLY.B,D,20240704,000000,3.184,3.221,3.184,3.221,0,0
1YNLY.B,D,20240705,000000,3.213,3.213,3.194,3.194,0,0
1YNLY.B,D,20240708,000000,3.194,3.194,3.182,3.182,0,0
1YNLY.B,D,20240709,000000,3.182,3.206,3.182,3.206,0,0
1YNLY.B,D,20240710,000000,3.191,3.206,3.191,3.206,0,0
1YNLY.B,D,20240711,000000,3.215,3.215,3.125,3.125,0,0
1YNLY.B,D,20240712,000000,3.175,3.175,3.158,3.158,0,0
1YNLY.B,D,20240715,000000,3.158,3.158,3.133,3.138,0,0
1YNLY.B,D,20240716,000000,3.113,3.122,3.113,3.122,0,0
1YNLY.B,D,20240717,000000,3.119,3.119,3.112,3.112,0,0
1YNLY.B,D,20240718,000000,3.119,3.119,3.119,3.119,0,0
1YNLY.B,D,20240719,000000,3.097,3.112,3.097,3.112,0,0
1YNLY.B,D,20240722,000000,3.112,3.14,3.112,3.14,0,0
1YNLY.B,D,20240723,000000,3.145,3.145,3.123,3.123,0,0
1YNLY.B,D,20240724,000000,3.085,3.106,3.085,3.106,0,0
1YNLY.B,D,20240725,000000,3.063,3.063,3.043,3.043,0,0
1YNLY.B,D,20240726,000000,3.047,3.047,3.041,3.041,0,0
1YNLY.B,D,20240729,000000,3.041,3.046,3.041,3.042,0,0
1YNLY.B,D,20240730,000000,3.023,3.051,3.023,3.051,0,0
1YNLY.B,D,20240731,000000,3.016,3.025,3.016,3.025,0,0
1YNLY.B,D,20240801,000000,3.016,3.016,3.016,3.016,0,0
1YNLY.B,D,20240802,000000,2.942,2.942,2.875,2.875,0,0
1YNLY.B,D,20240805,000000,2.875,2.875,2.769,2.852,0,0
1YNLY.B,D,20240806,000000,2.893,2.893,2.893,2.893,0,0
1YNLY.B,D,20240807,000000,2.976,2.976,2.938,2.938,0,0
1YNLY.B,D,20240808,000000,2.887,2.943,2.887,2.943,0,0
1YNLY.B,D,20240809,000000,2.918,2.918,2.887,2.887,0,0
1YNLY.B,D,20240812,000000,2.887,2.925,2.887,2.925,0,0
1YNLY.B,D,20240813,000000,2.932,2.932,2.871,2.871,0,0
1YNLY.B,D,20240814,000000,2.889,2.889,2.866,2.866,0,0
1YNLY.B,D,20240815,000000,2.896,2.923,2.896,2.923,0,0
1YNLY.B,D,20240816,000000,2.951,2.951,2.951,2.951,0,0
1YNLY.B,D,20240819,000000,2.951,2.951,2.913,2.947,0,0
1YNLY.B,D,20240820,000000,2.915,2.915,2.888,2.888,0,0
1YNLY.B,D,20240821,000000,2.896,2.896,2.893,2.893,0,0
1YNLY.B,D,20240822,000000,2.854,2.894,2.854,2.894,0,0
1YNLY.B,D,20240823,000000,2.91,2.91,2.873,2.873,0,0
1YNLY.B,D,20240826,000000,2.873,2.902,2.873,2.893,0,0
1YNLY.B,D,20240827,000000,2.881,2.901,2.881,2.901,0,0
1YNLY.B,D,20240828,000000,2.886,2.886,2.885,2.885,0,0
1YNLY.B,D,20240829,000000,2.865,2.868,2.865,2.868,0,0
1YNLY.B,D,20240830,000000,2.828,2.899,2.828,2.899,0,0
1YNLY.B,D,20240902,000000,2.899,2.91,2.899,2.907,0,0
1YNLY.B,D,20240903,000000,2.899,2.899,2.899,2.899,0,0
1YNLY.B,D,20240904,000000,2.859,2.872,2.859,2.872,0,0
1YNLY.B,D,20240905,000000,2.879,2.879,2.842,2.842,0,0
1YNLY.B,D,20240906,000000,2.814,2.865,2.814,2.865,0,0
1YNLY.B,D,20240909,000000,2.865,2.865,2.793,2.793,0,0
1YNLY.B,D,20240910,000000,2.799,2.799,2.799,2.799,0,0
1YNLY.B,D,20240911,000000,2.75,2.765,2.75,2.765,0,0
1YNLY.B,D,20240912,000000,2.749,2.799,2.749,2.799,0,0
1YNLY.B,D,20240913,000000,2.789,2.789,2.773,2.773,0,0
1YNLY.B,D,20240916,000000,2.773,2.779,2.773,2.779,0,0
1YNLY.B,D,20240917,000000,2.776,2.808,2.776,2.808,0,0
1YNLY.B,D,20240918,000000,2.799,2.827,2.799,2.827,0,0
1YNLY.B,D,20240919,000000,2.786,2.786,2.781,2.781,0,0
1YNLY.B,D,20240920,000000,2.773,2.781,2.773,2.781,0,0
1YNLY.B,D,20240923,000000,2.781,2.781,2.724,2.724,0,0
1YNLY.B,D,20240924,000000,2.695,2.695,2.695,2.695,0,0
1YNLY.B,D,20240925,000000,2.659,2.692,2.659,2.692,0,0
1YNLY.B,D,20240926,000000,2.627,2.627,2.627,2.627,0,0
1YNLY.B,D,20240927,000000,2.617,2.629,2.617,2.629,0,0
1YNLY.B,D,20240930,000000,2.629,2.629,2.602,2.613,0,0
1YNLY.B,D,20241001,000000,2.564,2.564,2.556,2.556,0,0
1YNLY.B,D,20241002,000000,2.615,2.615,2.596,2.596,0,0
1YNLY.B,D,20241003,000000,2.582,2.582,2.582,2.582,0,0
1YNLY.B,D,20241004,000000,2.598,2.598,2.598,2.598,0,0
1YNLY.B,D,20241007,000000,2.598,2.671,2.598,2.651,0,0
1YNLY.B,D,20241008,000000,2.649,2.649,2.647,2.647,0,0
1YNLY.B,D,20241009,000000,2.683,2.688,2.683,2.688,0,0
1YNLY.B,D,20241010,000000,2.693,2.693,2.673,2.673,0,0
1YNLY.B,D,20241011,000000,2.704,2.704,2.704,2.704,0,0
1YNLY.B,D,20241014,000000,2.704,2.704,2.669,2.669,0,0
1YNLY.B,D,20241015,000000,2.648,2.648,2.648,2.648,0,0
1YNLY.B,D,20241016,000000,2.641,2.641,2.631,2.631,0,0
1YNLY.B,D,20241017,000000,2.63,2.63,2.63,2.63,0,0
1YNLY.B,D,20241018,000000,2.556,2.556,2.556,2.556,0,0
1YNLY.B,D,20241021,000000,2.556,2.556,2.524,2.524,0,0
1YNLY.B,D,20241022,000000,2.569,2.569,2.569,2.569,0,0
1YNLY.B,D,20241023,000000,2.514,2.514,2.514,2.514,0,0
1YNLY.B,D,20241024,000000,2.481,2.481,2.481,2.481,0,0
1YNLY.B,D,20241025,000000,2.496,2.496,2.496,2.496,0,0
1YNLY.B,D,20241028,000000,2.496,2.496,2.494,2.494,0,0
1YNLY.B,D,20241029,000000,2.543,2.543,2.543,2.543,0,0
1YNLY.B,D,20241030,000000,2.532,2.612,2.532,2.612,0,0
1YNLY.B,D,20241031,000000,2.612,2.612,2.597,2.597,0,0
1YNLY.B,D,20241101,000000,2.694,2.694,2.66,2.66,0,0
1YNLY.B,D,20241104,000000,2.66,2.661,2.66,2.661,0,0
1YNLY.B,D,20241105,000000,2.663,2.663,2.663,2.663,0,0
1YNLY.B,D,20241106,000000,2.663,2.663,2.601,2.601,0,0
1YNLY.B,D,20241107,000000,2.645,2.645,2.645,2.645,0,0
1YNLY.B,D,20241108,000000,2.564,2.591,2.564,2.591,0,0
1YNLY.B,D,20241111,000000,2.591,2.597,2.577,2.597,0,0
1YNLY.B,D,20241112,000000,2.597,2.604,2.597,2.604,0,0
1YNLY.B,D,20241113,000000,2.572,2.572,2.572,2.572,0,0
1YNLY.B,D,20241114,000000,2.606,2.606,2.575,2.575,0,0
1YNLY.B,D,20241115,000000,2.564,2.582,2.564,2.582,0,0
1YNLY.B,D,20241118,000000,2.582,2.582,2.566,2.566,0,0
1YNLY.B,D,20241119,000000,2.55,2.589,2.55,2.589,0,0
1YNLY.B,D,20241120,000000,2.623,2.623,2.582,2.582,0,0
1YNLY.B,D,20241121,000000,2.596,2.596,2.544,2.544,0,0
1YNLY.B,D,20241122,000000,2.519,2.519,2.519,2.519,0,0
1YNLY.B,D,20241125,000000,2.519,2.519,2.473,2.477,0,0
1YNLY.B,D,20241126,000000,2.482,2.482,2.482,2.482,0,0
1YNLY.B,D,20241127,000000,2.482,2.499,2.482,2.499,0,0
1YNLY.B,D,20241128,000000,2.493,2.493,2.486,2.486,0,0
1YNLY.B,D,20241129,000000,2.486,2.486,2.483,2.483,0,0
1YNLY.B,D,20241202,000000,2.483,2.483,2.417,2.419,0,0
1YNLY.B,D,20241203,000000,2.441,2.441,2.441,2.441,0,0
1YNLY.B,D,20241204,000000,2.446,2.446,2.446,2.446,0,0
1YNLY.B,D,20241205,000000,2.477,2.477,2.477,2.477,0,0
1YNLY.B,D,20241206,000000,2.487,2.487,2.487,2.487,0,0
1YNLY.B,D,20241209,000000,2.487,2.487,2.455,2.481,0,0
1YNLY.B,D,20241210,000000,2.449,2.449,2.449,2.449,0,0
1YNLY.B,D,20241211,000000,2.461,2.461,2.461,2.461,0,0
1YNLY.B,D,20241212,000000,2.463,2.463,2.463,2.463,0,0
1YNLY.B,D,20241213,000000,2.486,2.5,2.486,2.5,0,0
1YNLY.B,D,20241216,000000,2.5,2.509,2.489,2.509,0,0
1YNLY.B,D,20241217,000000,2.46,2.477,2.46,2.477,0,0
1YNLY.B,D,20241218,000000,2.482,2.482,2.482,2.482,0,0
1YNLY.B,D,20241219,000000,2.483,2.501,2.483,2.501,0,0
1YNLY.B,D,20241220,000000,2.476,2.486,2.476,2.486,0,0
1YNLY.B,D,20241223,000000,2.486,2.5,2.486,2.5,0,0
1YNLY.B,D,20241227,000000,2.489,2.489,2.489,2.489,0,0
1YNLY.B,D,20241230,000000,2.489,2.489,2.448,2.448,0,0
1YNLY.B,D,20250102,000000,2.448,2.482,2.448,2.482,0,0
1YNLY.B,D,20250103,000000,2.455,2.455,2.455,2.455,0,0
1YNLY.B,D,20250106,000000,2.455,2.475,2.455,2.475,0,0
1YNLY.B,D,20250107,000000,2.509,2.509,2.509,2.509,0,0
1YNLY.B,D,20250108,000000,2.476,2.476,2.476,2.476,0,0
1YNLY.B,D,20250109,000000,2.522,2.522,2.517,2.517,0,0
1YNLY.B,D,20250110,000000,2.539,2.539,2.533,2.533,0,0
1YNLY.B,D,20250113,000000,2.533,2.568,2.533,2.542,0,0
1YNLY.B,D,20250114,000000,2.561,2.561,2.561,2.561,0,0
1YNLY.B,D,20250115,000000,2.589,2.589,2.589,2.589,0,0
1YNLY.B,D,20250116,000000,2.542,2.542,2.542,2.542,0,0
1YNLY.B,D,20250117,000000,2.507,2.507,2.507,2.507,0,0
1YNLY.B,D,20250120,000000,2.507,2.529,2.507,2.529,0,0
1YNLY.B,D,20250121,000000,2.53,2.53,2.53,2.53,0,0
1YNLY.B,D,20250122,000000,2.503,2.503,2.503,2.503,0,0
1YNLY.B,D,20250123,000000,2.543,2.543,2.522,2.522,0,0
1YNLY.B,D,20250124,000000,2.522,2.522,2.522,2.522,0,0
1YNLY.B,D,20250127,000000,2.522,2.522,2.507,2.507,0,0
1YNLY.B,D,20250128,000000,2.507,2.511,2.507,2.511,0,0
1YNLY.B,D,20250129,000000,2.524,2.54,2.524,2.54,0,0
1YNLY.B,D,20250130,000000,2.502,2.502,2.502,2.502,0,0
1YNLY.B,D,20250131,000000,2.443,2.443,2.429,2.429,0,0
1YNLY.B,D,20250203,000000,2.429,2.429,2.283,2.283,0,0
1YNLY.B,D,20250204,000000,2.362,2.362,2.362,2.362,0,0
1YNLY.B,D,20250205,000000,2.35,2.35,2.35,2.35,0,0
1YNLY.B,D,20250206,000000,2.373,2.373,2.373,2.373,0,0
1YNLY.B,D,20250207,000000,2.357,2.357,2.357,2.357,0,0
1YNLY.B,D,20250210,000000,2.357,2.384,2.357,2.384,0,0
1YNLY.B,D,20250211,000000,2.378,2.378,2.378,2.378,0,0
1YNLY.B,D,20250212,000000,2.376,2.376,2.376,2.376,0,0
1YNLY.B,D,20250213,000000,2.396,2.396,2.396,2.396,0,0
1YNLY.B,D,20250214,000000,2.406,2.406,2.406,2.406,0,0
1YNLY.B,D,20250217,000000,2.406,2.406,2.389,2.389,0,0
1YNLY.B,D,20250218,000000,2.389,2.389,2.389,2.389,0,0
1YNLY.B,D,20250219,000000,2.402,2.402,2.402,2.402,0,0
1YNLY.B,D,20250220,000000,2.422,2.422,2.422,2.422,0,0
1YNLY.B,D,20250221,000000,2.4,2.4,2.364,2.364,0,0
1YNLY.B,D,20250224,000000,2.364,2.38,2.364,2.38,0,0
1YNLY.B,D,20250225,000000,2.389,2.389,2.371,2.371,0,0
1YNLY.B,D,20250226,000000,2.142,2.144,2.142,2.144,0,0
1YNLY.B,D,20250227,000000,2.136,2.136,2.119,2.119,0,0
1YNLY.B,D,20250228,000000,2.101,2.112,2.101,2.112,0,0
1YNLY.B,D,20250303,000000,2.112,2.184,2.112,2.184,0,0
1YNLY.B,D,20250304,000000,2.131,2.131,2.131,2.131,0,0
1YNLY.B,D,20250305,000000,2.226,2.226,2.226,2.226,0,0
1YNLY.B,D,20250306,000000,2.257,2.257,2.257,2.257,0,0
1YNLY.B,D,20250307,000000,2.228,2.267,2.228,2.267,0,0
1YNLY.B,D,20250310,000000,2.267,2.267,2.267,2.267,0,0
1YNLY.B,D,20250311,000000,2.268,2.268,2.268,2.268,0,0
1YNLY.B,D,20250312,000000,2.232,2.232,2.232,2.232,0,0
1YNLY.B,D,20250313,000000,2.245,2.245,2.245,2.245,0,0
1YNLY.B,D,20250314,000000,2.232,2.232,2.232,2.232,0,0
1YNLY.B,D,20250317,000000,2.232,2.232,2.2,2.223,0,0
1YNLY.B,D,20250318,000000,2.234,2.234,2.234,2.234,0,0
1YNLY.B,D,20250319,000000,2.214,2.214,2.214,2.214,0,0
1YNLY.B,D,20250320,000000,2.211,2.221,2.211,2.221,0,0
1YNLY.B,D,20250321,000000,2.195,2.195,2.195,2.195,0,0
1YNLY.B,D,20250324,000000,2.195,2.204,2.195,2.204,0,0
1YNLY.B,D,20250325,000000,2.177,2.177,2.16,2.16,0,0
1YNLY.B,D,20250326,000000,2.182,2.182,2.182,2.182,0,0
1YNLY.B,D,20250327,000000,2.149,2.149,2.149,2.149,0,0
1YNLY.B,D,20250328,000000,2.124,2.124,2.124,2.124,0,0
1YNLY.B,D,20250331,000000,2.124,2.124,2.091,2.091,0,0
1YNLY.B,D,20250401,000000,2.093,2.107,2.093,2.107,0,0
1YNLY.B,D,20250402,000000,2.087,2.087,2.076,2.076,0,0
1YNLY.B,D,20250403,000000,2.055,2.068,2.055,2.068,0,0
1YNLY.B,D,20250404,000000,2.068,2.068,2.068,2.068,0,0
1YNLY.B,D,20250407,000000,2.068,2.068,1.976,2.006,0,0
1YNLY.B,D,20250408,000000,2.026,2.034,2.026,2.034,0,0
1YNLY.B,D,20250409,000000,1.987,1.987,1.987,1.987,0,0
1YNLY.B,D,20250410,000000,2.058,2.058,2.058,2.058,0,0
1YNLY.B,D,20250411,000000,2.003,2.003,1.982,1.982,0,0
1YNLY.B,D,20250414,000000,1.982,2.006,1.982,1.989,0,0
1YNLY.B,D,20250415,000000,1.999,1.999,1.977,1.977,0,0
1YNLY.B,D,20250416,000000,1.932,1.938,1.932,1.938,0,0
1YNLY.B,D,20250417,000000,1.982,1.982,1.886,1.886,0,0
1YNLY.B,D,20250422,000000,1.852,1.886,1.852,1.886,0,0
1YNLY.B,D,20250423,000000,1.911,1.931,1.911,1.931,0,0
1YNLY.B,D,20250424,000000,1.874,1.874,1.852,1.852,0,0
1YNLY.B,D,20250425,000000,1.894,1.894,1.843,1.843,0,0
1YNLY.B,D,20250428,000000,1.843,1.854,1.838,1.854,0,0
1YNLY.B,D,20250429,000000,1.851,1.851,1.845,1.845,0,0
1YNLY.B,D,20250430,000000,1.847,1.847,1.847,1.847,0,0
1YNLY.B,D,20250502,000000,1.847,1.851,1.847,1.851,0,0
1YNLY.B,D,20250505,000000,1.851,1.883,1.851,1.883,0,0
1YNLY.B,D,20250506,000000,1.863,1.879,1.863,1.879,0,0
1YNLY.B,D,20250507,000000,1.854,1.854,1.838,1.838,0,0
1YNLY.B,D,20250508,000000,1.854,1.879,1.854,1.879,0,0
1YNLY.B,D,20250509,000000,1.877,1.877,1.836,1.836,0,0
1YNLY.B,D,20250512,000000,1.836,1.925,1.836,1.925,0,0
1YNLY.B,D,20250513,000000,1.919,1.924,1.919,1.924,0,0
1YNLY.B,D,20250514,000000,1.927,1.927,1.926,1.926,0,0
1YNLY.B,D,20250515,000000,1.923,1.923,1.884,1.884,0,0
1YNLY.B,D,20250516,000000,1.896,1.913,1.896,1.913,0,0
1YNLY.B,D,20250519,000000,1.913,1.913,1.911,1.911,0,0
1YNLY.B,D,20250520,000000,1.854,1.925,1.854,1.925,0,0
1YNLY.B,D,20250521,000000,1.921,1.921,1.876,1.876,0,0
1YNLY.B,D,20250522,000000,1.895,1.895,1.89,1.89,0,0
1YNLY.B,D,20250523,000000,1.893,1.893,1.845,1.845,0,0
1YNLY.B,D,20250526,000000,1.845,1.875,1.845,1.855,0,0
1YNLY.B,D,20250527,000000,1.847,1.871,1.847,1.871,0,0
1YNLY.B,D,20250528,000000,1.847,1.877,1.847,1.877,0,0
1YNLY.B,D,20250529,000000,1.873,1.873,1.82,1.82,0,0
1YNLY.B,D,20250530,000000,1.882,1.903,1.882,1.903,0,0
1YNLY.B,D,20250602,000000,1.903,1.903,1.87,1.87,0,0
1YNLY.B,D,20250603,000000,1.884,1.884,1.873,1.873,0,0
1YNLY.B,D,20250604,000000,1.885,1.893,1.885,1.893,0,0
1YNLY.B,D,20250605,000000,1.878,1.933,1.878,1.933,0,0
1YNLY.B,D,20250606,000000,1.867,1.883,1.867,1.883,0,0
1YNLY.B,D,20250609,000000,1.883,1.887,1.85,1.887,0,0
1YNLY.B,D,20250610,000000,1.883,1.885,1.883,1.885,0,0
1YNLY.B,D,20250611,000000,1.894,1.894,1.886,1.886,0,0
1YNLY.B,D,20250612,000000,1.918,1.918,1.885,1.885,0,0
1YNLY.B,D,20250613,000000,1.886,1.902,1.886,1.902,0,0
1YNLY.B,D,20250616,000000,1.902,1.902,1.856,1.856,0,0
1YNLY.B,D,20250617,000000,1.905,1.91,1.905,1.91,0,0
1YNLY.B,D,20250618,000000,1.901,1.901,1.884,1.884,0,0
1YNLY.B,D,20250619,000000,1.894,1.897,1.894,1.897,0,0
1YNLY.B,D,20250620,000000,1.911,1.911,1.908,1.908,0,0
1YNLY.B,D,20250623,000000,1.908,1.918,1.894,1.894,0,0
1YNLY.B,D,20250624,000000,1.907,1.907,1.898,1.898,0,0
1YNLY.B,D,20250625,000000,1.869,1.935,1.869,1.935,0,0
1YNLY.B,D,20250626,000000,1.873,1.894,1.873,1.894,0,0
1YNLY.B,D,20250627,000000,1.895,1.897,1.895,1.897,0,0
1YNLY.B,D,20250630,000000,1.897,1.897,1.867,1.891,0,0
1YNLY.B,D,20250701,000000,1.879,1.899,1.879,1.899,0,0
1YNLY.B,D,20250702,000000,1.914,1.914,1.911,1.911,0,0
1YNLY.B,D,20250703,000000,1.88,1.88,1.879,1.879,0,0
1YNLY.B,D,20250704,000000,1.876,1.893,1.876,1.893,0,0
1YNLY.B,D,20250707,000000,1.893,1.913,1.893,1.913,0,0
1YNLY.B,D,20250708,000000,1.896,1.896,1.881,1.881,0,0
1YNLY.B,D,20250709,000000,1.889,1.89,1.889,1.89,0,0
1YNLY.B,D,20250710,000000,1.888,1.94,1.888,1.94,0,0
1YNLY.B,D,20250711,000000,1.95,1.95,1.95,1.95,0,0
1YNLY.B,D,20250714,000000,1.896,1.896,1.892,1.892,0,0
1YNLY.B,D,20250715,000000,1.88,1.888,1.88,1.888,0,0
1YNLY.B,D,20250716,000000,1.89,1.89,1.864,1.864,0,0
1YNLY.B,D,20250717,000000,1.904,1.904,1.853,1.853,0,0
1YNLY.B,D,20250718,000000,1.873,1.873,1.873,1.873,0,0
1YNLY.B,D,20250721,000000,1.873,1.873,1.83,1.83,0,0
1YNLY.B,D,20250722,000000,1.831,1.846,1.831,1.846,0,0
1YNLY.B,D,20250723,000000,1.854,1.854,1.837,1.837,0,0
1YNLY.B,D,20250724,000000,1.868,1.881,1.868,1.881,0,0
1YNLY.B,D,20250725,000000,1.906,1.906,1.895,1.895,0,0
1YNLY.B,D,20250728,000000,1.895,1.921,1.895,1.921,0,0
1YNLY.B,D,20250729,000000,1.933,1.933,1.933,1.933,0,0
1YNLY.B,D,20250730,000000,1.931,1.931,1.912,1.912,0,0
1YNLY.B,D,20250731,000000,1.954,1.961,1.954,1.961,0,0
1YNLY.B,D,20250801,000000,1.932,1.932,1.892,1.892,0,0
1YNLY.B,D,20250804,000000,1.892,1.902,1.892,1.892,0,0
1YNLY.B,D,20250805,000000,1.898,1.906,1.898,1.906,0,0
1YNLY.B,D,20250806,000000,1.916,1.916,1.916,1.916,0,0
1YNLY.B,D,20250807,000000,1.904,1.904,1.894,1.894,0,0
1YNLY.B,D,20250808,000000,1.925,1.939,1.925,1.939,0,0
1YNLY.B,D,20250811,000000,1.939,1.945,1.931,1.945,0,0
1YNLY.B,D,20250812,000000,1.946,1.949,1.946,1.949,0,0
1YNLY.B,D,20250813,000000,1.916,1.933,1.916,1.933,0,0
1YNLY.B,D,20250814,000000,1.927,1.931,1.927,1.931,0,0
1YNLY.B,D,20250815,000000,1.951,1.972,1.951,1.972,0,0
1YNLY.B,D,20250818,000000,1.972,1.972,1.931,1.941,0,0
1YNLY.B,D,20250819,000000,1.948,1.948,1.942,1.942,0,0
1YNLY.B,D,20250820,000000,1.943,1.943,1.911,1.911,0,0
1YNLY.B,D,20250821,000000,1.938,1.948,1.938,1.948,0,0
1YNLY.B,D,20250822,000000,1.938,1.938,1.938,1.938,0,0
1YNLY.B,D,20250825,000000,1.938,1.945,1.938,1.945,0,0
1YNLY.B,D,20250826,000000,1.923,1.923,1.92,1.92,0,0
1YNLY.B,D,20250827,000000,1.904,1.922,1.904,1.922,0,0
1YNLY.B,D,20250828,000000,1.922,1.922,1.922,1.922,0,0
1YNLY.B,D,20250829,000000,1.931,1.931,1.931,1.931,0,0
1YNLY.B,D,20250901,000000,1.931,1.943,1.931,1.943,0,0
1YNLY.B,D,20250902,000000,1.839,1.962,1.839,1.962,0,0
1YNLY.B,D,20250903,000000,1.944,1.944,1.918,1.918,0,0
1YNLY.B,D,20250904,000000,1.928,1.941,1.928,1.941,0,0
1YNLY.B,D,20250905,000000,1.946,1.946,1.935,1.935,0,0
1YNLY.B,D,20250908,000000,1.935,1.939,1.915,1.915,0,0
1YNLY.B,D,20250909,000000,1.947,1.947,1.928,1.928,0,0
1YNLY.B,D,20250910,000000,1.933,1.952,1.933,1.952,0,0
1YNLY.B,D,20250911,000000,1.956,1.966,1.956,1.966,0,0
1YNLY.B,D,20250912,000000,1.972,1.972,1.955,1.955,0,0
1YNLY.B,D,20250915,000000,1.955,1.957,1.955,1.957,0,0
1YNLY.B,D,20250916,000000,1.962,1.962,1.962,1.962,0,0
1YNLY.B,D,20250917,000000,1.954,1.97,1.954,1.97,0,0
1YNLY.B,D,20250918,000000,1.962,1.966,1.962,1.966,0,0
1YNLY.B,D,20250919,000000,1.981,1.981,1.981,1.981,0,0
1YNLY.B,D,20250922,000000,1.968,1.973,1.968,1.973,0,0
1YNLY.B,D,20250923,000000,1.99,1.99,1.971,1.971,0,0
1YNLY.B,D,20250924,000000,1.982,1.982,1.981,1.981,0,0
1YNLY.B,D,20250925,000000,1.966,1.974,1.966,1.974,0,0
1YNLY.B,D,20250926,000000,1.969,1.969,1.969,1.969,0,0
1YNLY.B,D,20250929,000000,1.969,1.969,1.944,1.953,0,0
1YNLY.B,D,20250930,000000,1.983,1.983,1.959,1.959,0,0
1YNLY.B,D,20251001,000000,1.968,1.968,1.968,1.968,0,0
1YNLY.B,D,20251002,000000,2.005,2.005,1.97,1.97,0,0
1YNLY.B,D,20251003,000000,1.975,1.975,1.975,1.975,0,0
1YNLY.B,D,20251006,000000,1.975,1.998,1.975,1.998,0,0
1YNLY.B,D,20251007,000000,1.993,1.993,1.985,1.985,0,0
1YNLY.B,D,20251008,000000,1.993,1.993,1.983,1.983,0,0
1YNLY.B,D,20251009,000000,2.002,2.006,2.002,2.006,0,0
1YNLY.B,D,20251010,000000,2.002,2.002,1.971,1.971,0,0
1YNLY.B,D,20251013,000000,1.971,1.992,1.955,1.955,0,0
1YNLY.B,D,20251014,000000,1.948,1.96,1.948,1.96,0,0
1YNLY.B,D,20251015,000000,1.93,1.93,1.927,1.927,0,0
1YNLY.B,D,20251016,000000,1.945,1.945,1.945,1.945,0,0
1YNLY.B,D,20251017,000000,1.933,1.94,1.933,1.94,0,0
1YNLY.B,D,20251020,000000,1.94,1.958,1.94,1.958,0,0
1YNLY.B,D,20251021,000000,1.929,1.929,1.917,1.917,0,0
1YNLY.B,D,20251022,000000,1.921,1.934,1.921,1.934,0,0
1YNLY.B,D,20251023,000000,1.937,1.937,1.933,1.933,0,0
1YNLY.B,D,20251024,000000,1.954,1.954,1.954,1.954,0,0
1YNLY.B,D,20251027,000000,1.954,1.954,1.953,1.953,0,0
1YNLY.B,D,20251028,000000,1.968,1.968,1.968,1.968,0,0
1YNLY.B,D,20251029,000000,1.968,1.968,1.919,1.919,0,0
1YNLY.B,D,20251030,000000,1.919,1.959,1.919,1.959,0,0
1YNLY.B,D,20251031,000000,1.959,1.959,1.922,1.922,0,0
1YNLY.B,D,20251103,000000,1.922,1.922,1.918,1.918,0,0
1YNLY.B,D,20251104,000000,1.918,1.922,1.917,1.922,0,0
1YNLY.B,D,20251105,000000,1.914,1.914,1.914,1.914,0,0
1YNLY.B,D,20251106,000000,1.886,1.886,1.886,1.886,0,0
1YNLY.B,D,20251107,000000,1.9,1.9,1.9,1.9,0,0
1YNLY.B,D,20251110,000000,1.9,1.9,1.895,1.895,0,0
1YNLY.B,D,20251111,000000,1.898,1.898,1.898,1.898,0,0
1YNLY.B,D,20251112,000000,1.895,1.895,1.895,1.895,0,0
1YNLY.B,D,20251113,000000,1.895,1.895,1.871,1.871,0,0
1YNLY.B,D,20251114,000000,1.9,1.9,1.9,1.9,0,0
1YNLY.B,D,20251117,000000,1.9,1.9,1.871,1.871,0,0
1YNLY.B,D,20251118,000000,1.869,1.869,1.869,1.869,0,0
1YNLY.B,D,20251119,000000,1.882,1.882,1.882,1.882,0,0
1YNLY.B,D,20251120,000000,1.862,1.862,1.862,1.862,0,0
1YNLY.B,D,20251121,000000,1.87,1.87,1.87,1.87,0,0
1YNLY.B,D,20251124,000000,1.87,1.893,1.87,1.87,0,0
1YNLY.B,D,20251125,000000,1.866,1.866,1.866,1.866,0,0
1YNLY.B,D,20251126,000000,1.866,1.866,1.866,1.866,0,0
1YNLY.B,D,20251127,000000,1.866,1.888,1.866,1.888,0,0
1YNLY.B,D,20251128,000000,1.892,1.892,1.892,1.892,0,0
1YNLY.B,D,20251201,000000,1.892,1.901,1.892,1.901,0,0
1YNLY.B,D,20251202,000000,1.971,1.971,1.971,1.971,0,0
1YNLY.B,D,20251203,000000,1.946,1.946,1.946,1.946,0,0
1YNLY.B,D,20251204,000000,1.946,1.951,1.946,1.951,0,0
1YNLY.B,D,20251205,000000,1.963,1.963,1.963,1.963,0,0
1YNLY.B,D,20251208,000000,1.963,1.972,1.963,1.972,0,0
1YNLY.B,D,20251209,000000,2.009,2.009,1.998,1.998,0,0
1YNLY.B,D,20251210,000000,2.024,2.024,1.997,1.997,0,0
1YNLY.B,D,20251211,000000,2.028,2.028,2.028,2.028,0,0
1YNLY.B,D,20251212,000000,2.016,2.016,2.016,2.016,0,0
1YNLY.B,D,20251215,000000,2.016,2.016,1.982,1.982,0,0
1YNLY.B,D,20251216,000000,1.982,1.991,1.982,1.991,0,0
1YNLY.B,D,20251217,000000,1.97,1.97,1.97,1.97,0,0
1YNLY.B,D,20251218,000000,1.978,1.978,1.978,1.978,0,0
1YNLY.B,D,20251219,000000,1.988,2.035,1.988,2.035,0,0
1YNLY.B,D,20251222,000000,2.035,2.035,1.981,1.996,0,0
1YNLY.B,D,20251223,000000,1.983,2,1.983,2.0,0,0
1YNLY.B,D,20251225,000000,2.0,2.0,2.0,2.0,0,0
1YNLY.B,D,20251226,000000,2.0,2.0,2.0,2.0,0,0
1YNLY.B,D,20251229,000000,2.0,2,1.967,1.967,0,0
1YNLY.B,D,20251230,000000,1.987,2.004,1.987,2.004,0,0
1YNLY.B,D,20260101,000000,2.004,2.004,2.004,2.004,0,0
1YNLY.B,D,20260102,000000,2.004,2.018,1.996,2.018,0,0
1YNLY.B,D,20260105,000000,2.018,2.027,2.018,2.027,0,0
1YNLY.B,D,20260106,000000,2.037,2.037,2.037,2.037,0,0
1YNLY.B,D,20260107,000000,2.027,2.027,2.027,2.027,0,0
1YNLY.B,D,20260108,000000,2.037,2.037,2.037,2.037,0,0
1YNLY.B,D,20260109,000000,2.032,2.032,2.032,2.032,0,0
1YNLY.B,D,20260112,000000,2.032,2.032,2.017,2.017,0,0
1YNLY.B,D,20260113,000000,2.012,2.012,2.012,2.012,0,0
1YNLY.B,D,20260114,000000,2.066,2.066,2.021,2.021,0,0
1YNLY.B,D,20260115,000000,2.017,2.017,2.017,2.017,0,0
1YNLY.B,D,20260116,000000,2.024,2.024,2.024,2.024,0,0
1YNLY.B,D,20260119,000000,2.024,2.024,2.012,2.012,0,0
1YNLY.B,D,20260120,000000,2.024,2.024,2.005,2.005,0,0
1YNLY.B,D,20260121,000000,2.01,2.01,2.01,2.01,0,0
1YNLY.B,D,20260122,000000,1.993,1.993,1.993,1.993,0,0
1YNLY.B,D,20260123,000000,1.995,1.998,1.995,1.998,0,0
1YNLY.B,D,20260126,000000,1.998,1.998,1.994,1.994,0,0
1YNLY.B,D,20260127,000000,1.979,1.979,1.979,1.979,0,0
1YNLY.B,D,20260128,000000,1.973,1.973,1.973,1.973,0,0
1YNLY.B,D,20260129,000000,1.969,1.969,1.969,1.969,0,0
1YNLY.B,D,20260130,000000,1.961,1.961,1.961,1.961,0,0
1YNLY.B,D,20260202,000000,1.961,1.961,1.946,1.946,0,0
1YNLY.B,D,20260203,000000,1.981,1.981,1.981,1.981,0,0
1YNLY.B,D,20260204,000000,1.953,1.953,1.953,1.953,0,0
1YNLY.B,D,20260205,000000,1.986,1.986,1.986,1.986,0,0
1YNLY.B,D,20260206,000000,2.009,2.009,2.009,2.009,0,0
1YNLY.B,D,20260209,000000,2.009,2.012,2.009,2.012,0,0
1YNLY.B,D,20260210,000000,1.982,1.982,1.982,1.982,0,0
