<TICKER>,<PER>,<DATE>,<TIME>,<OPEN>,<HIGH>,<LOW>,<CLOSE>,<VOL>,<OPENINT>
20YCNY.B,D,20231009,000000,3.075,3.08,3.048,3.048,0,0
20YCNY.B,D,20231010,000000,3.068,3.073,3.057,3.061,0,0
20YCNY.B,D,20231011,000000,3.077,3.082,3.076,3.076,0,0
20YCNY.B,D,20231012,000000,3.104,3.104,3.075,3.077,0,0
20YCNY.B,D,20231013,000000,3.09,3.09,3.07,3.07,0,0
20YCNY.B,D,20231016,000000,3.088,3.09,3.063,3.085,0,0
20YCNY.B,D,20231017,000000,3.073,3.073,3.051,3.059,0,0
20YCNY.B,D,20231018,000000,3.081,3.081,3.059,3.066,0,0
20YCNY.B,D,20231019,000000,3.09,3.094,3.075,3.08,0,0
20YCNY.B,D,20231020,000000,3.1,3.1,3.083,3.083,0,0
20YCNY.B,D,20231023,000000,3.1,3.1,3.08,3.083,0,0
20YCNY.B,D,20231024,000000,3.087,3.09,3.076,3.086,0,0
20YCNY.B,D,20231025,000000,3.101,3.105,3.092,3.092,0,0
20YCNY.B,D,20231026,000000,3.098,3.101,3.093,3.101,0,0
20YCNY.B,D,20231027,000000,3.104,3.106,3.101,3.101,0,0
20YCNY.B,D,20231030,000000,3.113,3.115,3.091,3.091,0,0
20YCNY.B,D,20231031,000000,3.102,3.106,3.098,3.098,0,0
20YCNY.B,D,20231101,000000,3.101,3.101,3.092,3.095,0,0
20YCNY.B,D,20231102,000000,3.099,3.101,3.086,3.09,0,0
20YCNY.B,D,20231103,000000,3.105,3.105,3.084,3.084,0,0
20YCNY.B,D,20231106,000000,3.105,3.105,3.065,3.07,0,0
20YCNY.B,D,20231107,000000,3.086,3.088,3.059,3.06,0,0
20YCNY.B,D,20231108,000000,3.08,3.095,3.063,3.066,0,0
20YCNY.B,D,20231109,000000,3.078,3.08,3.051,3.058,0,0
20YCNY.B,D,20231110,000000,3.073,3.073,3.053,3.053,0,0
20YCNY.B,D,20231113,000000,3.075,3.075,3.028,3.031,0,0
20YCNY.B,D,20231114,000000,3.058,3.06,3.035,3.036,0,0
20YCNY.B,D,20231115,000000,3.047,3.056,3.047,3.048,0,0
20YCNY.B,D,20231116,000000,3.049,3.052,3.046,3.046,0,0
20YCNY.B,D,20231117,000000,3.095,3.095,3.023,3.026,0,0
20YCNY.B,D,20231120,000000,3.035,3.045,3.028,3.028,0,0
20YCNY.B,D,20231121,000000,3.046,3.049,3.027,3.027,0,0
20YCNY.B,D,20231122,000000,3.046,3.063,3.033,3.043,0,0
20YCNY.B,D,20231123,000000,3.051,3.063,3.045,3.046,0,0
20YCNY.B,D,20231124,000000,3.054,3.067,3.05,3.063,0,0
20YCNY.B,D,20231127,000000,3.12,3.12,3.056,3.056,0,0
20YCNY.B,D,20231128,000000,3.08,3.088,3.046,3.046,0,0
20YCNY.B,D,20231129,000000,3.075,3.088,3.044,3.051,0,0
20YCNY.B,D,20231130,000000,3.053,3.058,3.03,3.039,0,0
20YCNY.B,D,20231201,000000,3.058,3.078,3.04,3.046,0,0
20YCNY.B,D,20231204,000000,3.06,3.06,3.038,3.039,0,0
20YCNY.B,D,20231205,000000,3.065,3.068,3.038,3.038,0,0
20YCNY.B,D,20231206,000000,3.045,3.055,3.04,3.04,0,0
20YCNY.B,D,20231207,000000,3.045,3.055,3.033,3.036,0,0
20YCNY.B,D,20231208,000000,3.055,3.06,3.043,3.043,0,0
20YCNY.B,D,20231211,000000,3.03,3.038,3.01,3.03,0,0
20YCNY.B,D,20231212,000000,3.047,3.049,3.013,3.013,0,0
20YCNY.B,D,20231213,000000,3.01,3.02,3,3.006,0,0
20YCNY.B,D,20231214,000000,3.027,3.028,3.003,3.007,0,0
20YCNY.B,D,20231215,000000,3.008,3.01,2.978,2.98,0,0
20YCNY.B,D,20231218,000000,2.998,3,2.963,2.983,0,0
20YCNY.B,D,20231219,000000,3,3,2.979,2.979,0,0
20YCNY.B,D,20231220,000000,3.033,3.04,2.96,2.968,0,0
20YCNY.B,D,20231221,000000,2.965,2.975,2.923,2.928,0,0
20YCNY.B,D,20231222,000000,2.94,2.953,2.922,2.922,0,0
20YCNY.B,D,20231225,000000,2.948,2.95,2.89,2.909,0,0
20YCNY.B,D,20231226,000000,2.915,2.915,2.89,2.903,0,0
20YCNY.B,D,20231227,000000,2.913,2.921,2.901,2.909,0,0
20YCNY.B,D,20231228,000000,2.923,2.941,2.913,2.913,0,0
20YCNY.B,D,20231229,000000,3,3,2.903,2.907,0,0
20YCNY.B,D,20240102,000000,2.93,2.953,2.915,2.925,0,0
20YCNY.B,D,20240103,000000,2.943,2.973,2.92,2.928,0,0
20YCNY.B,D,20240104,000000,2.925,2.94,2.904,2.904,0,0
20YCNY.B,D,20240105,000000,2.913,2.913,2.888,2.895,0,0
20YCNY.B,D,20240108,000000,2.888,2.893,2.885,2.888,0,0
20YCNY.B,D,20240109,000000,2.875,2.875,2.869,2.871,0,0
20YCNY.B,D,20240110,000000,2.875,2.875,2.865,2.869,0,0
20YCNY.B,D,20240111,000000,2.895,2.898,2.875,2.888,0,0
20YCNY.B,D,20240112,000000,2.898,2.9,2.876,2.876,0,0
20YCNY.B,D,20240115,000000,2.852,2.852,2.828,2.829,0,0
20YCNY.B,D,20240116,000000,2.83,2.871,2.83,2.871,0,0
20YCNY.B,D,20240117,000000,2.877,2.877,2.848,2.848,0,0
20YCNY.B,D,20240118,000000,2.851,2.851,2.848,2.848,0,0
20YCNY.B,D,20240119,000000,2.854,2.854,2.839,2.839,0,0
20YCNY.B,D,20240122,000000,2.855,2.855,2.828,2.828,0,0
20YCNY.B,D,20240123,000000,2.845,2.845,2.845,2.845,0,0
20YCNY.B,D,20240124,000000,2.854,2.884,2.854,2.884,0,0
20YCNY.B,D,20240125,000000,2.855,2.855,2.855,2.855,0,0
20YCNY.B,D,20240126,000000,2.803,2.818,2.795,2.8,0,0
20YCNY.B,D,20240129,000000,2.808,2.853,2.8,2.802,0,0
20YCNY.B,D,20240130,000000,2.788,2.843,2.788,2.788,0,0
20YCNY.B,D,20240131,000000,2.795,2.815,2.795,2.815,0,0
20YCNY.B,D,20240201,000000,2.736,2.736,2.736,2.736,0,0
20YCNY.B,D,20240202,000000,2.75,2.78,2.75,2.78,0,0
20YCNY.B,D,20240205,000000,2.711,2.721,2.711,2.721,0,0
20YCNY.B,D,20240206,000000,2.738,2.768,2.738,2.768,0,0
20YCNY.B,D,20240207,000000,2.753,2.753,2.722,2.722,0,0
20YCNY.B,D,20240208,000000,2.727,2.79,2.727,2.79,0,0
20YCNY.B,D,20240219,000000,2.74,2.74,2.733,2.74,0,0
20YCNY.B,D,20240220,000000,2.73,2.73,2.726,2.729,0,0
20YCNY.B,D,20240221,000000,2.72,2.723,2.713,2.723,0,0
20YCNY.B,D,20240222,000000,2.723,2.755,2.715,2.755,0,0
20YCNY.B,D,20240223,000000,2.76,2.76,2.718,2.723,0,0
20YCNY.B,D,20240226,000000,2.71,2.72,2.71,2.72,0,0
20YCNY.B,D,20240227,000000,2.68,2.683,2.68,2.683,0,0
20YCNY.B,D,20240228,000000,2.69,2.69,2.67,2.677,0,0
20YCNY.B,D,20240229,000000,2.613,2.613,2.613,2.613,0,0
20YCNY.B,D,20240301,000000,2.612,2.64,2.612,2.64,0,0
20YCNY.B,D,20240304,000000,2.643,2.643,2.639,2.64,0,0
20YCNY.B,D,20240305,000000,2.626,2.636,2.626,2.636,0,0
20YCNY.B,D,20240306,000000,2.668,2.689,2.668,2.689,0,0
20YCNY.B,D,20240307,000000,2.601,2.614,2.601,2.614,0,0
20YCNY.B,D,20240308,000000,2.593,2.602,2.593,2.602,0,0
20YCNY.B,D,20240311,000000,2.63,2.65,2.63,2.65,0,0
20YCNY.B,D,20240312,000000,2.66,2.66,2.66,2.66,0,0
20YCNY.B,D,20240313,000000,2.715,2.725,2.693,2.693,0,0
20YCNY.B,D,20240314,000000,2.685,2.685,2.675,2.68,0,0
20YCNY.B,D,20240315,000000,2.705,2.715,2.705,2.715,0,0
20YCNY.B,D,20240318,000000,2.647,2.655,2.647,2.655,0,0
20YCNY.B,D,20240319,000000,2.622,2.627,2.622,2.627,0,0
20YCNY.B,D,20240320,000000,2.616,2.617,2.592,2.597,0,0
20YCNY.B,D,20240321,000000,2.619,2.619,2.615,2.617,0,0
20YCNY.B,D,20240322,000000,2.636,2.636,2.632,2.634,0,0
20YCNY.B,D,20240325,000000,2.652,2.652,2.652,2.652,0,0
20YCNY.B,D,20240326,000000,2.668,2.671,2.668,2.67,0,0
20YCNY.B,D,20240327,000000,2.684,2.691,2.68,2.69,0,0
20YCNY.B,D,20240328,000000,2.682,2.682,2.665,2.672,0,0
20YCNY.B,D,20240329,000000,2.648,2.648,2.647,2.648,0,0
20YCNY.B,D,20240401,000000,2.627,2.635,2.627,2.635,0,0
20YCNY.B,D,20240402,000000,2.646,2.646,2.644,2.645,0,0
20YCNY.B,D,20240403,000000,2.635,2.642,2.633,2.634,0,0
20YCNY.B,D,20240408,000000,2.63,2.635,2.63,2.635,0,0
20YCNY.B,D,20240409,000000,2.623,2.624,2.615,2.62,0,0
20YCNY.B,D,20240410,000000,2.626,2.626,2.618,2.618,0,0
20YCNY.B,D,20240411,000000,2.619,2.633,2.615,2.629,0,0
20YCNY.B,D,20240412,000000,2.639,2.649,2.638,2.648,0,0
20YCNY.B,D,20240415,000000,2.626,2.628,2.626,2.628,0,0
20YCNY.B,D,20240416,000000,2.628,2.631,2.625,2.625,0,0
20YCNY.B,D,20240417,000000,2.616,2.616,2.613,2.615,0,0
20YCNY.B,D,20240418,000000,2.61,2.61,2.605,2.605,0,0
20YCNY.B,D,20240419,000000,2.593,2.596,2.585,2.589,0,0
20YCNY.B,D,20240422,000000,2.551,2.558,2.551,2.557,0,0
20YCNY.B,D,20240423,000000,2.548,2.548,2.539,2.543,0,0
20YCNY.B,D,20240424,000000,2.546,2.549,2.542,2.542,0,0
20YCNY.B,D,20240425,000000,2.581,2.59,2.581,2.588,0,0
20YCNY.B,D,20240426,000000,2.591,2.614,2.591,2.608,0,0
20YCNY.B,D,20240429,000000,2.642,2.658,2.64,2.658,0,0
20YCNY.B,D,20240430,000000,2.645,2.657,2.644,2.644,0,0
20YCNY.B,D,20240506,000000,2.64,2.64,2.636,2.638,0,0
20YCNY.B,D,20240507,000000,2.645,2.65,2.64,2.65,0,0
20YCNY.B,D,20240508,000000,2.636,2.636,2.628,2.629,0,0
20YCNY.B,D,20240509,000000,2.639,2.645,2.633,2.639,0,0
20YCNY.B,D,20240510,000000,2.642,2.651,2.642,2.65,0,0
20YCNY.B,D,20240513,000000,2.673,2.686,2.672,2.683,0,0
20YCNY.B,D,20240514,000000,2.655,2.655,2.628,2.631,0,0
20YCNY.B,D,20240515,000000,2.622,2.628,2.619,2.619,0,0
20YCNY.B,D,20240516,000000,2.638,2.646,2.625,2.644,0,0
20YCNY.B,D,20240517,000000,2.667,2.668,2.656,2.658,0,0
20YCNY.B,D,20240520,000000,2.655,2.657,2.652,2.657,0,0
20YCNY.B,D,20240521,000000,2.658,2.661,2.657,2.661,0,0
20YCNY.B,D,20240522,000000,2.662,2.664,2.662,2.664,0,0
20YCNY.B,D,20240523,000000,2.659,2.659,2.651,2.651,0,0
20YCNY.B,D,20240524,000000,2.619,2.619,2.617,2.617,0,0
20YCNY.B,D,20240527,000000,2.617,2.617,2.616,2.617,0,0
20YCNY.B,D,20240528,000000,2.61,2.61,2.602,2.605,0,0
20YCNY.B,D,20240529,000000,2.602,2.603,2.589,2.589,0,0
20YCNY.B,D,20240530,000000,2.588,2.588,2.58,2.582,0,0
20YCNY.B,D,20240531,000000,2.589,2.594,2.589,2.589,0,0
20YCNY.B,D,20240603,000000,2.594,2.594,2.591,2.592,0,0
20YCNY.B,D,20240604,000000,2.593,2.594,2.587,2.588,0,0
20YCNY.B,D,20240605,000000,2.585,2.59,2.584,2.584,0,0
20YCNY.B,D,20240606,000000,2.577,2.58,2.576,2.58,0,0
20YCNY.B,D,20240607,000000,2.584,2.584,2.582,2.582,0,0
20YCNY.B,D,20240611,000000,2.568,2.569,2.568,2.569,0,0
20YCNY.B,D,20240612,000000,2.567,2.57,2.567,2.569,0,0
20YCNY.B,D,20240613,000000,2.566,2.566,2.56,2.56,0,0
20YCNY.B,D,20240614,000000,2.557,2.558,2.546,2.554,0,0
20YCNY.B,D,20240617,000000,2.437,2.437,2.425,2.428,0,0
20YCNY.B,D,20240618,000000,2.419,2.42,2.404,2.408,0,0
20YCNY.B,D,20240619,000000,2.401,2.411,2.401,2.405,0,0
20YCNY.B,D,20240620,000000,2.398,2.4,2.383,2.393,0,0
20YCNY.B,D,20240621,000000,2.396,2.424,2.394,2.408,0,0
20YCNY.B,D,20240624,000000,2.413,2.418,2.397,2.4,0,0
20YCNY.B,D,20240625,000000,2.397,2.402,2.395,2.396,0,0
20YCNY.B,D,20240626,000000,2.393,2.396,2.385,2.388,0,0
20YCNY.B,D,20240627,000000,2.39,2.391,2.373,2.375,0,0
20YCNY.B,D,20240628,000000,2.375,2.381,2.37,2.377,0,0
20YCNY.B,D,20240701,000000,2.368,2.411,2.356,2.408,0,0
20YCNY.B,D,20240702,000000,2.407,2.43,2.401,2.421,0,0
20YCNY.B,D,20240703,000000,2.427,2.427,2.415,2.42,0,0
20YCNY.B,D,20240704,000000,2.422,2.428,2.421,2.424,0,0
20YCNY.B,D,20240705,000000,2.432,2.454,2.43,2.453,0,0
20YCNY.B,D,20240708,000000,2.495,2.5,2.477,2.48,0,0
20YCNY.B,D,20240709,000000,2.472,2.475,2.458,2.458,0,0
20YCNY.B,D,20240710,000000,2.461,2.463,2.453,2.454,0,0
20YCNY.B,D,20240711,000000,2.457,2.46,2.452,2.455,0,0
20YCNY.B,D,20240712,000000,2.451,2.451,2.441,2.444,0,0
20YCNY.B,D,20240715,000000,2.443,2.443,2.432,2.435,0,0
20YCNY.B,D,20240716,000000,2.433,2.441,2.431,2.435,0,0
20YCNY.B,D,20240717,000000,2.431,2.443,2.431,2.436,0,0
20YCNY.B,D,20240718,000000,2.44,2.457,2.44,2.451,0,0
20YCNY.B,D,20240719,000000,2.446,2.452,2.444,2.444,0,0
20YCNY.B,D,20240722,000000,2.446,2.447,2.437,2.438,0,0
20YCNY.B,D,20240723,000000,2.433,2.436,2.431,2.431,0,0
20YCNY.B,D,20240724,000000,2.433,2.434,2.428,2.431,0,0
20YCNY.B,D,20240725,000000,2.42,2.423,2.41,2.41,0,0
20YCNY.B,D,20240726,000000,2.402,2.404,2.385,2.388,0,0
20YCNY.B,D,20240729,000000,2.374,2.375,2.361,2.371,0,0
20YCNY.B,D,20240730,000000,2.367,2.368,2.333,2.335,0,0
20YCNY.B,D,20240731,000000,2.321,2.342,2.32,2.341,0,0
20YCNY.B,D,20240801,000000,2.342,2.343,2.31,2.316,0,0
20YCNY.B,D,20240802,000000,2.3,2.313,2.295,2.299,0,0
20YCNY.B,D,20240805,000000,2.285,2.298,2.273,2.295,0,0
20YCNY.B,D,20240806,000000,2.315,2.318,2.305,2.312,0,0
20YCNY.B,D,20240807,000000,2.305,2.308,2.288,2.296,0,0
20YCNY.B,D,20240808,000000,2.306,2.321,2.306,2.321,0,0
20YCNY.B,D,20240809,000000,2.321,2.345,2.318,2.344,0,0
20YCNY.B,D,20240812,000000,2.388,2.409,2.359,2.365,0,0
20YCNY.B,D,20240813,000000,2.364,2.394,2.357,2.389,0,0
20YCNY.B,D,20240814,000000,2.365,2.377,2.359,2.366,0,0
20YCNY.B,D,20240815,000000,2.366,2.371,2.344,2.366,0,0
20YCNY.B,D,20240816,000000,2.364,2.371,2.357,2.371,0,0
20YCNY.B,D,20240819,000000,2.373,2.373,2.35,2.351,0,0
20YCNY.B,D,20240820,000000,2.349,2.349,2.337,2.343,0,0
20YCNY.B,D,20240821,000000,2.34,2.353,2.338,2.349,0,0
20YCNY.B,D,20240822,000000,2.346,2.347,2.339,2.34,0,0
20YCNY.B,D,20240823,000000,2.339,2.343,2.329,2.33,0,0
20YCNY.B,D,20240826,000000,2.332,2.345,2.327,2.345,0,0
20YCNY.B,D,20240827,000000,2.337,2.356,2.335,2.355,0,0
20YCNY.B,D,20240828,000000,2.356,2.358,2.345,2.354,0,0
20YCNY.B,D,20240829,000000,2.353,2.357,2.349,2.349,0,0
20YCNY.B,D,20240830,000000,2.348,2.365,2.348,2.364,0,0
20YCNY.B,D,20240902,000000,2.352,2.358,2.33,2.339,0,0
20YCNY.B,D,20240903,000000,2.344,2.344,2.337,2.338,0,0
20YCNY.B,D,20240904,000000,2.328,2.329,2.324,2.325,0,0
20YCNY.B,D,20240905,000000,2.318,2.319,2.311,2.317,0,0
20YCNY.B,D,20240906,000000,2.318,2.318,2.305,2.307,0,0
20YCNY.B,D,20240909,000000,2.3,2.3,2.287,2.289,0,0
20YCNY.B,D,20240910,000000,2.288,2.288,2.277,2.277,0,0
20YCNY.B,D,20240911,000000,2.278,2.288,2.278,2.288,0,0
20YCNY.B,D,20240912,000000,2.265,2.266,2.262,2.263,0,0
20YCNY.B,D,20240913,000000,2.27,2.272,2.264,2.264,0,0
20YCNY.B,D,20240918,000000,2.194,2.204,2.178,2.178,0,0
20YCNY.B,D,20240919,000000,2.169,2.186,2.164,2.183,0,0
20YCNY.B,D,20240920,000000,2.18,2.18,2.174,2.175,0,0
20YCNY.B,D,20240923,000000,2.155,2.162,2.148,2.154,0,0
20YCNY.B,D,20240924,000000,2.153,2.179,2.145,2.175,0,0
20YCNY.B,D,20240925,000000,2.184,2.204,2.184,2.189,0,0
20YCNY.B,D,20240926,000000,2.182,2.201,2.178,2.198,0,0
20YCNY.B,D,20240927,000000,2.208,2.236,2.203,2.235,0,0
20YCNY.B,D,20240930,000000,2.423,2.445,2.357,2.384,0,0
20YCNY.B,D,20241008,000000,2.36,2.36,2.328,2.339,0,0
20YCNY.B,D,20241009,000000,2.378,2.381,2.372,2.375,0,0
20YCNY.B,D,20241010,000000,2.362,2.38,2.322,2.323,0,0
20YCNY.B,D,20241011,000000,2.326,2.343,2.326,2.333,0,0
20YCNY.B,D,20241014,000000,2.323,2.347,2.305,2.335,0,0
20YCNY.B,D,20241015,000000,2.329,2.333,2.327,2.329,0,0
20YCNY.B,D,20241016,000000,2.33,2.33,2.33,2.33,0,0
20YCNY.B,D,20241017,000000,2.339,2.339,2.319,2.319,0,0
20YCNY.B,D,20241018,000000,2.32,2.341,2.32,2.334,0,0
20YCNY.B,D,20241021,000000,2.314,2.314,2.314,2.314,0,0
20YCNY.B,D,20241022,000000,2.342,2.365,2.342,2.365,0,0
20YCNY.B,D,20241023,000000,2.352,2.387,2.352,2.372,0,0
20YCNY.B,D,20241024,000000,2.349,2.362,2.346,2.362,0,0
20YCNY.B,D,20241025,000000,2.386,2.386,2.386,2.386,0,0
20YCNY.B,D,20241028,000000,2.391,2.404,2.381,2.401,0,0
20YCNY.B,D,20241029,000000,2.402,2.41,2.378,2.38,0,0
20YCNY.B,D,20241030,000000,2.381,2.384,2.374,2.379,0,0
20YCNY.B,D,20241031,000000,2.386,2.39,2.37,2.371,0,0
20YCNY.B,D,20241101,000000,2.362,2.367,2.346,2.347,0,0
20YCNY.B,D,20241104,000000,2.342,2.351,2.33,2.339,0,0
20YCNY.B,D,20241105,000000,2.34,2.344,2.326,2.328,0,0
20YCNY.B,D,20241106,000000,2.311,2.325,2.304,2.321,0,0
20YCNY.B,D,20241107,000000,2.322,2.328,2.319,2.325,0,0
20YCNY.B,D,20241108,000000,2.324,2.324,2.306,2.312,0,0
20YCNY.B,D,20241111,000000,2.309,2.317,2.306,2.31,0,0
20YCNY.B,D,20241112,000000,2.303,2.303,2.293,2.293,0,0
20YCNY.B,D,20241113,000000,2.292,2.311,2.287,2.311,0,0
20YCNY.B,D,20241114,000000,2.311,2.316,2.305,2.312,0,0
20YCNY.B,D,20241115,000000,2.308,2.319,2.305,2.314,0,0
20YCNY.B,D,20241118,000000,2.333,2.358,2.333,2.358,0,0
20YCNY.B,D,20241119,000000,2.35,2.355,2.344,2.347,0,0
20YCNY.B,D,20241120,000000,2.34,2.351,2.34,2.342,0,0
20YCNY.B,D,20241121,000000,2.346,2.353,2.328,2.328,0,0
20YCNY.B,D,20241122,000000,2.32,2.323,2.311,2.311,0,0
20YCNY.B,D,20241125,000000,2.318,2.319,2.294,2.305,0,0
20YCNY.B,D,20241126,000000,2.286,2.295,2.279,2.281,0,0
20YCNY.B,D,20241127,000000,2.279,2.286,2.276,2.282,0,0
20YCNY.B,D,20241128,000000,2.29,2.29,2.276,2.277,0,0
20YCNY.B,D,20241129,000000,2.246,2.263,2.244,2.255,0,0
20YCNY.B,D,20241202,000000,2.223,2.226,2.208,2.212,0,0
20YCNY.B,D,20241203,000000,2.209,2.228,2.209,2.222,0,0
20YCNY.B,D,20241204,000000,2.208,2.209,2.183,2.19,0,0
20YCNY.B,D,20241205,000000,2.193,2.196,2.181,2.183,0,0
20YCNY.B,D,20241206,000000,2.192,2.209,2.184,2.199,0,0
20YCNY.B,D,20241209,000000,2.2,2.2,2.185,2.196,0,0
20YCNY.B,D,20241210,000000,2.133,2.139,2.112,2.113,0,0
20YCNY.B,D,20241211,000000,2.13,2.133,2.104,2.109,0,0
20YCNY.B,D,20241212,000000,2.094,2.104,2.085,2.098,0,0
20YCNY.B,D,20241213,000000,2.064,2.067,2.044,2.057,0,0
20YCNY.B,D,20241216,000000,2.033,2.038,2.003,2.012,0,0
20YCNY.B,D,20241217,000000,2.031,2.038,2.022,2.031,0,0
20YCNY.B,D,20241218,000000,2.023,2.072,2.016,2.053,0,0
20YCNY.B,D,20241219,000000,2.072,2.097,2.061,2.085,0,0
20YCNY.B,D,20241220,000000,2.051,2.056,2.023,2.03,0,0
20YCNY.B,D,20241223,000000,1.984,2.022,1.983,2.016,0,0
20YCNY.B,D,20241224,000000,2.025,2.056,2.017,2.055,0,0
20YCNY.B,D,20241225,000000,2.053,2.076,2.053,2.069,0,0
20YCNY.B,D,20241226,000000,2.064,2.08,2.061,2.075,0,0
20YCNY.B,D,20241227,000000,2.037,2.039,2.006,2.016,0,0
20YCNY.B,D,20241230,000000,1.999,2.029,1.999,2.021,0,0
20YCNY.B,D,20241231,000000,1.996,2.003,1.987,1.991,0,0
20YCNY.B,D,20250102,000000,1.946,1.95,1.928,1.93,0,0
20YCNY.B,D,20250103,000000,1.886,1.94,1.881,1.924,0,0
20YCNY.B,D,20250106,000000,1.924,1.937,1.906,1.909,0,0
20YCNY.B,D,20250107,000000,1.91,1.94,1.91,1.933,0,0
20YCNY.B,D,20250108,000000,1.943,1.948,1.926,1.94,0,0
20YCNY.B,D,20250109,000000,1.941,1.967,1.941,1.964,0,0
20YCNY.B,D,20250110,000000,2.015,2.015,1.975,1.979,0,0
20YCNY.B,D,20250113,000000,1.973,1.978,1.965,1.967,0,0
20YCNY.B,D,20250114,000000,1.995,2,1.98,1.983,0,0
20YCNY.B,D,20250115,000000,1.953,1.962,1.938,1.954,0,0
20YCNY.B,D,20250116,000000,1.955,1.975,1.95,1.958,0,0
20YCNY.B,D,20250117,000000,1.948,1.976,1.948,1.969,0,0
20YCNY.B,D,20250120,000000,1.99,1.993,1.975,1.982,0,0
20YCNY.B,D,20250121,000000,1.99,1.996,1.972,1.972,0,0
20YCNY.B,D,20250122,000000,1.967,1.968,1.951,1.962,0,0
20YCNY.B,D,20250123,000000,1.968,1.975,1.956,1.965,0,0
20YCNY.B,D,20250124,000000,1.975,1.994,1.969,1.976,0,0
20YCNY.B,D,20250127,000000,1.956,1.956,1.93,1.939,0,0
20YCNY.B,D,20250205,000000,1.937,1.937,1.91,1.913,0,0
20YCNY.B,D,20250206,000000,1.9,1.908,1.889,1.895,0,0
20YCNY.B,D,20250207,000000,1.887,1.897,1.879,1.897,0,0
20YCNY.B,D,20250210,000000,1.906,1.919,1.898,1.919,0,0
20YCNY.B,D,20250211,000000,1.917,1.918,1.902,1.909,0,0
20YCNY.B,D,20250212,000000,1.904,1.906,1.886,1.902,0,0
20YCNY.B,D,20250213,000000,1.904,1.912,1.899,1.899,0,0
20YCNY.B,D,20250214,000000,1.898,1.93,1.898,1.922,0,0
20YCNY.B,D,20250217,000000,1.949,1.958,1.937,1.957,0,0
20YCNY.B,D,20250218,000000,1.976,2.013,1.969,1.985,0,0
20YCNY.B,D,20250219,000000,1.968,1.984,1.965,1.967,0,0
20YCNY.B,D,20250220,000000,1.97,1.984,1.96,1.965,0,0
20YCNY.B,D,20250221,000000,1.994,2.028,1.986,1.986,0,0
20YCNY.B,D,20250224,000000,2.033,2.072,2.029,2.069,0,0
20YCNY.B,D,20250225,000000,2.053,2.113,2.047,2.061,0,0
20YCNY.B,D,20250226,000000,2.041,2.051,2.026,2.047,0,0
20YCNY.B,D,20250227,000000,2.05,2.064,2.039,2.063,0,0
20YCNY.B,D,20250228,000000,2.064,2.081,2.038,2.043,0,0
20YCNY.B,D,20250303,000000,2.042,2.048,2.007,2.012,0,0
20YCNY.B,D,20250304,000000,2.007,2.024,1.998,2.015,0,0
20YCNY.B,D,20250305,000000,2.006,2.013,1.997,2.003,0,0
20YCNY.B,D,20250306,000000,2.012,2.039,2.009,2.035,0,0
20YCNY.B,D,20250307,000000,2.079,2.096,2.066,2.096,0,0
20YCNY.B,D,20250310,000000,2.114,2.116,2.083,2.108,0,0
20YCNY.B,D,20250311,000000,2.118,2.155,2.116,2.141,0,0
20YCNY.B,D,20250312,000000,2.2,2.2,2.136,2.144,0,0
20YCNY.B,D,20250313,000000,2.151,2.151,2.122,2.145,0,0
20YCNY.B,D,20250314,000000,2.167,2.193,2.147,2.167,0,0
20YCNY.B,D,20250317,000000,2.197,2.203,2.194,2.203,0,0
20YCNY.B,D,20250318,000000,2.247,2.255,2.215,2.243,0,0
20YCNY.B,D,20250319,000000,2.239,2.246,2.226,2.239,0,0
20YCNY.B,D,20250320,000000,2.197,2.205,2.18,2.181,0,0
20YCNY.B,D,20250321,000000,2.168,2.194,2.164,2.176,0,0
20YCNY.B,D,20250324,000000,2.191,2.207,2.173,2.178,0,0
20YCNY.B,D,20250325,000000,2.131,2.154,2.127,2.141,0,0
20YCNY.B,D,20250326,000000,2.154,2.155,2.127,2.127,0,0
20YCNY.B,D,20250327,000000,2.116,2.124,2.114,2.114,0,0
20YCNY.B,D,20250328,000000,2.132,2.142,2.112,2.142,0,0
20YCNY.B,D,20250331,000000,2.154,2.156,2.125,2.139,0,0
20YCNY.B,D,20250401,000000,2.124,2.141,2.119,2.136,0,0
20YCNY.B,D,20250402,000000,2.129,2.129,2.093,2.106,0,0
20YCNY.B,D,20250403,000000,2.029,2.048,2.018,2.026,0,0
20YCNY.B,D,20250407,000000,1.925,1.94,1.91,1.925,0,0
20YCNY.B,D,20250408,000000,1.947,1.963,1.942,1.958,0,0
20YCNY.B,D,20250409,000000,1.944,1.969,1.937,1.959,0,0
20YCNY.B,D,20250410,000000,1.979,2.009,1.969,1.969,0,0
20YCNY.B,D,20250411,000000,1.95,1.983,1.948,1.978,0,0
20YCNY.B,D,20250414,000000,1.999,1.999,1.973,1.973,0,0
20YCNY.B,D,20250415,000000,1.973,1.975,1.953,1.972,0,0
20YCNY.B,D,20250416,000000,1.963,1.97,1.954,1.964,0,0
20YCNY.B,D,20250417,000000,1.965,1.993,1.965,1.985,0,0
20YCNY.B,D,20250418,000000,1.991,1.994,1.975,1.982,0,0
20YCNY.B,D,20250421,000000,1.98,1.992,1.971,1.987,0,0
20YCNY.B,D,20250422,000000,1.991,1.995,1.972,1.976,0,0
20YCNY.B,D,20250423,000000,1.989,2.007,1.988,1.992,0,0
20YCNY.B,D,20250424,000000,1.985,1.998,1.978,1.994,0,0
20YCNY.B,D,20250425,000000,1.982,1.993,1.967,1.972,0,0
20YCNY.B,D,20250428,000000,1.981,1.981,1.961,1.964,0,0
20YCNY.B,D,20250429,000000,1.945,1.945,1.928,1.928,0,0
20YCNY.B,D,20250430,000000,1.929,1.934,1.916,1.926,0,0
20YCNY.B,D,20250506,000000,1.933,1.934,1.922,1.926,0,0
20YCNY.B,D,20250507,000000,1.936,1.956,1.926,1.954,0,0
20YCNY.B,D,20250508,000000,1.938,1.944,1.934,1.939,0,0
20YCNY.B,D,20250509,000000,1.934,1.944,1.93,1.938,0,0
20YCNY.B,D,20250512,000000,1.946,1.952,1.941,1.95,0,0
20YCNY.B,D,20250513,000000,1.988,1.99,1.974,1.979,0,0
20YCNY.B,D,20250514,000000,1.971,1.984,1.967,1.977,0,0
20YCNY.B,D,20250515,000000,1.984,1.991,1.981,1.982,0,0
20YCNY.B,D,20250516,000000,1.996,2,1.994,1.996,0,0
20YCNY.B,D,20250519,000000,2.001,2.011,1.979,1.983,0,0
20YCNY.B,D,20250520,000000,1.97,1.994,1.965,1.975,0,0
20YCNY.B,D,20250521,000000,1.98,2.001,1.979,1.987,0,0
20YCNY.B,D,20250522,000000,1.989,1.992,1.985,1.989,0,0
20YCNY.B,D,20250523,000000,1.985,2.029,1.98,1.98,0,0
20YCNY.B,D,20250526,000000,1.983,1.993,1.979,1.981,0,0
20YCNY.B,D,20250527,000000,1.99,2.003,1.98,1.99,0,0
20YCNY.B,D,20250528,000000,1.995,2.01,1.988,1.993,0,0
20YCNY.B,D,20250529,000000,2.01,2.016,2.004,2.009,0,0
20YCNY.B,D,20250530,000000,1.993,2.02,1.988,1.988,0,0
20YCNY.B,D,20250603,000000,2.007,2.028,1.988,1.996,0,0
20YCNY.B,D,20250604,000000,1.989,2.001,1.98,1.98,0,0
20YCNY.B,D,20250605,000000,1.99,1.997,1.981,1.983,0,0
20YCNY.B,D,20250606,000000,1.978,1.99,1.974,1.981,0,0
20YCNY.B,D,20250609,000000,1.971,1.971,1.958,1.959,0,0
20YCNY.B,D,20250610,000000,1.955,1.968,1.95,1.955,0,0
20YCNY.B,D,20250611,000000,1.943,1.968,1.938,1.943,0,0
20YCNY.B,D,20250612,000000,1.935,1.945,1.928,1.931,0,0
20YCNY.B,D,20250613,000000,1.93,1.957,1.928,1.933,0,0
20YCNY.B,D,20250616,000000,1.92,1.938,1.915,1.937,0,0
20YCNY.B,D,20250617,000000,1.928,1.93,1.912,1.913,0,0
20YCNY.B,D,20250618,000000,1.903,1.906,1.895,1.895,0,0
20YCNY.B,D,20250619,000000,1.881,1.886,1.877,1.878,0,0
20YCNY.B,D,20250620,000000,1.88,1.888,1.87,1.871,0,0
20YCNY.B,D,20250623,000000,1.868,1.878,1.865,1.876,0,0
20YCNY.B,D,20250624,000000,1.875,1.898,1.875,1.888,0,0
20YCNY.B,D,20250625,000000,1.891,1.896,1.886,1.895,0,0
20YCNY.B,D,20250626,000000,1.898,1.918,1.898,1.898,0,0
20YCNY.B,D,20250627,000000,1.895,1.905,1.893,1.896,0,0
20YCNY.B,D,20250630,000000,1.895,1.905,1.895,1.9,0,0
20YCNY.B,D,20250701,000000,1.908,1.928,1.908,1.913,0,0
20YCNY.B,D,20250702,000000,1.898,1.901,1.896,1.897,0,0
20YCNY.B,D,20250703,000000,1.893,1.902,1.892,1.894,0,0
20YCNY.B,D,20250704,000000,1.893,1.91,1.89,1.895,0,0
20YCNY.B,D,20250707,000000,1.893,1.903,1.893,1.898,0,0
20YCNY.B,D,20250708,000000,1.888,1.895,1.888,1.893,0,0
20YCNY.B,D,20250709,000000,1.895,1.91,1.89,1.89,0,0
20YCNY.B,D,20250710,000000,1.898,1.91,1.893,1.905,0,0
20YCNY.B,D,20250711,000000,1.908,1.92,1.908,1.908,0,0
20YCNY.B,D,20250714,000000,1.915,1.933,1.915,1.92,0,0
20YCNY.B,D,20250715,000000,1.908,1.916,1.898,1.9,0,0
20YCNY.B,D,20250716,000000,1.918,1.918,1.898,1.903,0,0
20YCNY.B,D,20250717,000000,1.903,1.91,1.895,1.903,0,0
20YCNY.B,D,20250718,000000,1.905,1.914,1.903,1.908,0,0
20YCNY.B,D,20250721,000000,1.923,1.935,1.92,1.923,0,0
20YCNY.B,D,20250722,000000,1.925,1.945,1.925,1.945,0,0
20YCNY.B,D,20250723,000000,1.97,1.983,1.953,1.958,0,0
20YCNY.B,D,20250724,000000,1.971,1.985,1.971,1.984,0,0
20YCNY.B,D,20250725,000000,2,2.015,1.99,2.012,0,0
20YCNY.B,D,20250728,000000,1.988,2.005,1.98,2.002,0,0
20YCNY.B,D,20250729,000000,1.99,2.01,1.988,1.997,0,0
20YCNY.B,D,20250730,000000,2.025,2.033,2.02,2.021,0,0
20YCNY.B,D,20250731,000000,1.978,1.997,1.973,1.99,0,0
20YCNY.B,D,20250801,000000,1.978,1.985,1.96,1.975,0,0
20YCNY.B,D,20250804,000000,1.953,1.985,1.953,1.973,0,0
20YCNY.B,D,20250805,000000,1.98,1.98,1.963,1.968,0,0
20YCNY.B,D,20250806,000000,1.98,1.99,1.968,1.984,0,0
20YCNY.B,D,20250807,000000,1.968,1.988,1.96,1.971,0,0
20YCNY.B,D,20250808,000000,1.97,1.981,1.968,1.979,0,0
20YCNY.B,D,20250811,000000,1.98,2.007,1.98,1.989,0,0
20YCNY.B,D,20250812,000000,2.019,2.04,2.018,2.025,0,0
20YCNY.B,D,20250813,000000,2.055,2.06,2.027,2.035,0,0
20YCNY.B,D,20250814,000000,2.047,2.086,2.045,2.055,0,0
20YCNY.B,D,20250815,000000,2.049,2.06,2.043,2.054,0,0
20YCNY.B,D,20250818,000000,2.098,2.14,2.095,2.128,0,0
20YCNY.B,D,20250819,000000,2.15,2.158,2.134,2.143,0,0
20YCNY.B,D,20250820,000000,2.101,2.118,2.1,2.118,0,0
20YCNY.B,D,20250821,000000,2.15,2.17,2.12,2.12,0,0
20YCNY.B,D,20250822,000000,2.123,2.135,2.103,2.128,0,0
20YCNY.B,D,20250825,000000,2.148,2.148,2.098,2.105,0,0
20YCNY.B,D,20250826,000000,2.093,2.1,2.081,2.081,0,0
20YCNY.B,D,20250827,000000,2.085,2.11,2.068,2.07,0,0
20YCNY.B,D,20250828,000000,2.075,2.115,2.073,2.105,0,0
20YCNY.B,D,20250829,000000,2.119,2.125,2.094,2.104,0,0
20YCNY.B,D,20250901,000000,2.138,2.138,2.109,2.114,0,0
20YCNY.B,D,20250902,000000,2.093,2.116,2.088,2.098,0,0
20YCNY.B,D,20250903,000000,2.103,2.113,2.07,2.078,0,0
20YCNY.B,D,20250904,000000,2.058,2.075,2.055,2.063,0,0
20YCNY.B,D,20250905,000000,2.095,2.11,2.083,2.105,0,0
20YCNY.B,D,20250908,000000,2.123,2.15,2.118,2.133,0,0
20YCNY.B,D,20250909,000000,2.138,2.16,2.138,2.143,0,0
20YCNY.B,D,20250910,000000,2.175,2.195,2.153,2.188,0,0
20YCNY.B,D,20250911,000000,2.202,2.228,2.185,2.21,0,0
20YCNY.B,D,20250912,000000,2.195,2.205,2.185,2.188,0,0
20YCNY.B,D,20250915,000000,2.18,2.185,2.171,2.175,0,0
20YCNY.B,D,20250916,000000,2.205,2.218,2.178,2.18,0,0
20YCNY.B,D,20250917,000000,2.183,2.198,2.148,2.148,0,0
20YCNY.B,D,20250918,000000,2.15,2.155,2.145,2.149,0,0
20YCNY.B,D,20250919,000000,2.15,2.183,2.143,2.178,0,0
20YCNY.B,D,20250922,000000,2.185,2.189,2.168,2.189,0,0
20YCNY.B,D,20250923,000000,2.203,2.22,2.195,2.198,0,0
20YCNY.B,D,20250924,000000,2.177,2.193,2.176,2.19,0,0
20YCNY.B,D,20250925,000000,2.254,2.28,2.228,2.228,0,0
20YCNY.B,D,20250926,000000,2.23,2.26,2.213,2.223,0,0
20YCNY.B,D,20250929,000000,2.239,2.254,2.235,2.243,0,0
20YCNY.B,D,20250930,000000,2.26,2.27,2.231,2.241,0,0
20YCNY.B,D,20251009,000000,2.248,2.25,2.22,2.22,0,0
20YCNY.B,D,20251010,000000,2.213,2.268,2.21,2.243,0,0
20YCNY.B,D,20251013,000000,2.205,2.225,2.205,2.213,0,0
20YCNY.B,D,20251014,000000,2.25,2.263,2.228,2.23,0,0
20YCNY.B,D,20251015,000000,2.243,2.253,2.215,2.225,0,0
20YCNY.B,D,20251016,000000,2.22,2.22,2.206,2.209,0,0
20YCNY.B,D,20251017,000000,2.188,2.195,2.168,2.175,0,0
20YCNY.B,D,20251020,000000,2.183,2.205,2.18,2.188,0,0
20YCNY.B,D,20251021,000000,2.193,2.218,2.183,2.183,0,0
20YCNY.B,D,20251022,000000,2.173,2.193,2.168,2.168,0,0
20YCNY.B,D,20251023,000000,2.178,2.185,2.175,2.185,0,0
20YCNY.B,D,20251024,000000,2.2,2.203,2.195,2.201,0,0
20YCNY.B,D,20251027,000000,2.225,2.225,2.193,2.209,0,0
20YCNY.B,D,20251028,000000,2.168,2.17,2.16,2.163,0,0
20YCNY.B,D,20251029,000000,2.17,2.171,2.164,2.169,0,0
20YCNY.B,D,20251030,000000,2.18,2.185,2.163,2.165,0,0
20YCNY.B,D,20251031,000000,2.151,2.151,2.143,2.143,0,0
20YCNY.B,D,20251103,000000,2.133,2.143,2.128,2.128,0,0
20YCNY.B,D,20251104,000000,2.13,2.138,2.129,2.13,0,0
20YCNY.B,D,20251105,000000,2.113,2.14,2.113,2.13,0,0
20YCNY.B,D,20251106,000000,2.135,2.144,2.131,2.139,0,0
20YCNY.B,D,20251107,000000,2.14,2.148,2.14,2.145,0,0
20YCNY.B,D,20251110,000000,2.165,2.173,2.15,2.163,0,0
20YCNY.B,D,20251111,000000,2.145,2.16,2.143,2.155,0,0
20YCNY.B,D,20251112,000000,2.145,2.16,2.143,2.15,0,0
20YCNY.B,D,20251113,000000,2.155,2.165,2.153,2.158,0,0
20YCNY.B,D,20251114,000000,2.153,2.165,2.153,2.159,0,0
20YCNY.B,D,20251117,000000,2.163,2.163,2.145,2.162,0,0
20YCNY.B,D,20251118,000000,2.145,2.155,2.14,2.154,0,0
20YCNY.B,D,20251119,000000,2.155,2.16,2.155,2.159,0,0
20YCNY.B,D,20251120,000000,2.16,2.168,2.15,2.163,0,0
20YCNY.B,D,20251121,000000,2.165,2.18,2.165,2.177,0,0
20YCNY.B,D,20251124,000000,2.18,2.183,2.17,2.183,0,0
20YCNY.B,D,20251125,000000,2.183,2.19,2.18,2.188,0,0
20YCNY.B,D,20251126,000000,2.2,2.225,2.2,2.225,0,0
20YCNY.B,D,20251127,000000,2.223,2.223,2.215,2.223,0,0
20YCNY.B,D,20251128,000000,2.213,2.225,2.203,2.215,0,0
20YCNY.B,D,20251201,000000,2.218,2.223,2.208,2.21,0,0
20YCNY.B,D,20251202,000000,2.235,2.238,2.23,2.238,0,0
20YCNY.B,D,20251203,000000,2.233,2.255,2.228,2.253,0,0
20YCNY.B,D,20251204,000000,2.285,2.309,2.28,2.308,0,0
20YCNY.B,D,20251205,000000,2.31,2.33,2.3,2.305,0,0
20YCNY.B,D,20251208,000000,2.312,2.323,2.311,2.318,0,0
20YCNY.B,D,20251209,000000,2.303,2.325,2.3,2.313,0,0
20YCNY.B,D,20251210,000000,2.318,2.318,2.288,2.305,0,0
20YCNY.B,D,20251211,000000,2.288,2.288,2.273,2.273,0,0
20YCNY.B,D,20251212,000000,2.268,2.295,2.268,2.292,0,0
20YCNY.B,D,20251215,000000,2.318,2.345,2.318,2.34,0,0
20YCNY.B,D,20251216,000000,2.348,2.353,2.328,2.345,0,0
20YCNY.B,D,20251217,000000,2.343,2.343,2.318,2.32,0,0
20YCNY.B,D,20251218,000000,2.318,2.319,2.303,2.316,0,0
20YCNY.B,D,20251219,000000,2.3,2.315,2.3,2.31,0,0
20YCNY.B,D,20251222,000000,2.31,2.318,2.308,2.316,0,0
20YCNY.B,D,20251223,000000,2.328,2.328,2.295,2.3,0,0
20YCNY.B,D,20251224,000000,2.295,2.299,2.283,2.288,0,0
20YCNY.B,D,20251225,000000,2.293,2.305,2.29,2.298,0,0
20YCNY.B,D,20251226,000000,2.307,2.307,2.285,2.29,0,0
20YCNY.B,D,20251229,000000,2.289,2.31,2.289,2.31,0,0
20YCNY.B,D,20251230,000000,2.341,2.35,2.328,2.348,0,0
20YCNY.B,D,20251231,000000,2.339,2.375,2.339,2.363,0,0
20YCNY.B,D,20260105,000000,2.338,2.34,2.329,2.336,0,0
20YCNY.B,D,20260106,000000,2.37,2.378,2.36,2.37,0,0
20YCNY.B,D,20260107,000000,2.383,2.39,2.368,2.385,0,0
20YCNY.B,D,20260108,000000,2.39,2.4,2.373,2.373,0,0
20YCNY.B,D,20260109,000000,2.378,2.383,2.374,2.379,0,0
20YCNY.B,D,20260112,000000,2.375,2.376,2.353,2.376,0,0
20YCNY.B,D,20260113,000000,2.361,2.365,2.35,2.353,0,0
20YCNY.B,D,20260114,000000,2.36,2.369,2.35,2.35,0,0
20YCNY.B,D,20260115,000000,2.345,2.348,2.343,2.347,0,0
20YCNY.B,D,20260116,000000,2.363,2.363,2.343,2.345,0,0
20YCNY.B,D,20260119,000000,2.345,2.353,2.343,2.345,0,0
20YCNY.B,D,20260120,000000,2.343,2.343,2.318,2.318,0,0
20YCNY.B,D,20260121,000000,2.303,2.31,2.278,2.283,0,0
20YCNY.B,D,20260122,000000,2.298,2.3,2.285,2.285,0,0
20YCNY.B,D,20260123,000000,2.29,2.29,2.273,2.283,0,0
20YCNY.B,D,20260126,000000,2.285,2.293,2.273,2.275,0,0
20YCNY.B,D,20260127,000000,2.285,2.308,2.278,2.295,0,0
20YCNY.B,D,20260128,000000,2.308,2.313,2.298,2.298,0,0
20YCNY.B,D,20260129,000000,2.293,2.297,2.278,2.293,0,0
20YCNY.B,D,20260130,000000,2.305,2.33,2.285,2.31,0,0
20YCNY.B,D,20260202,000000,2.29,2.299,2.29,2.291,0,0
20YCNY.B,D,20260203,000000,2.305,2.305,2.298,2.305,0,0
20YCNY.B,D,20260204,000000,2.303,2.312,2.303,2.31,0,0
20YCNY.B,D,20260205,000000,2.308,2.315,2.295,2.298,0,0
20YCNY.B,D,20260206,000000,2.281,2.284,2.278,2.278,0,0
20YCNY.B,D,20260209,000000,2.275,2.275,2.265,2.268,0,0
20YCNY.B,D,20260210,000000,2.273,2.273,2.265,2.27,0,0
