<TICKER>,<PER>,<DATE>,<TIME>,<OPEN>,<HIGH>,<LOW>,<CLOSE>,<VOL>,<OPENINT>
2YITP.B,D,20240321,000000,100.415,100.415,100.354,100.354,0,0
2YITP.B,D,20240322,000000,100.349,100.363,100.349,100.363,0,0
2YITP.B,D,20240325,000000,100.363,100.375,100.318,100.318,0,0
2YITP.B,D,20240326,000000,100.339,100.386,100.339,100.386,0,0
2YITP.B,D,20240327,000000,100.379,100.402,100.379,100.402,0,0
2YITP.B,D,20240328,000000,100.348,100.348,100.348,100.348,0,0
2YITP.B,D,20240402,000000,100.303,100.303,100.271,100.301,0,0
2YITP.B,D,20240403,000000,100.263,100.263,100.25,100.25,0,0
2YITP.B,D,20240404,000000,100.287,100.343,100.287,100.343,0,0
2YITP.B,D,20240405,000000,100.337,100.337,100.288,100.288,0,0
2YITP.B,D,20240408,000000,100.288,100.288,100.23,100.23,0,0
2YITP.B,D,20240409,000000,100.267,100.322,100.267,100.322,0,0
2YITP.B,D,20240410,000000,100.299,100.299,100.208,100.208,0,0
2YITP.B,D,20240411,000000,100.196,100.196,100.16,100.16,0,0
2YITP.B,D,20240412,000000,100.297,100.297,100.297,100.297,0,0
2YITP.B,D,20240415,000000,100.297,100.297,100.243,100.243,0,0
2YITP.B,D,20240416,000000,100.265,100.265,100.163,100.163,0,0
2YITP.B,D,20240417,000000,100.163,100.194,100.163,100.194,0,0
2YITP.B,D,20240418,000000,100.196,100.196,100.152,100.152,0,0
2YITP.B,D,20240419,000000,100.12,100.12,100.087,100.087,0,0
2YITP.B,D,20240422,000000,100.087,100.185,100.087,100.185,0,0
2YITP.B,D,20240423,000000,100.218,100.218,100.208,100.208,0,0
2YITP.B,D,20240424,000000,100.187,100.187,100.119,100.119,0,0
2YITP.B,D,20240425,000000,100.15,100.15,100.082,100.082,0,0
2YITP.B,D,20240426,000000,100.118,100.146,100.118,100.146,0,0
2YITP.B,D,20240429,000000,100.146,100.183,100.137,100.183,0,0
2YITP.B,D,20240430,000000,100.14,100.14,100.078,100.078,0,0
2YITP.B,D,20240502,000000,100.085,100.151,100.085,100.139,0,0
2YITP.B,D,20240503,000000,100.148,100.217,100.148,100.217,0,0
2YITP.B,D,20240506,000000,100.217,100.242,100.217,100.242,0,0
2YITP.B,D,20240507,000000,100.254,100.254,100.221,100.221,0,0
2YITP.B,D,20240508,000000,100.203,100.203,100.189,100.189,0,0
2YITP.B,D,20240509,000000,100.152,100.152,100.149,100.149,0,0
2YITP.B,D,20240510,000000,100.201,100.201,100.124,100.124,0,0
2YITP.B,D,20240513,000000,100.124,100.17,100.124,100.17,0,0
2YITP.B,D,20240514,000000,100.16,100.16,100.131,100.131,0,0
2YITP.B,D,20240515,000000,100.178,100.242,100.178,100.242,0,0
2YITP.B,D,20240516,000000,100.242,100.271,100.231,100.231,0,0
2YITP.B,D,20240517,000000,100.196,100.196,100.163,100.163,0,0
2YITP.B,D,20240520,000000,100.163,100.176,100.156,100.176,0,0
2YITP.B,D,20240521,000000,100.176,100.183,100.169,100.183,0,0
2YITP.B,D,20240522,000000,100.145,100.154,100.145,100.154,0,0
2YITP.B,D,20240523,000000,100.099,100.099,100.012,100.012,0,0
2YITP.B,D,20240524,000000,100.049,100.049,100.016,100.016,0,0
2YITP.B,D,20240527,000000,100.016,100.053,100.004,100.053,0,0
2YITP.B,D,20240528,000000,100.094,100.094,100.065,100.065,0,0
2YITP.B,D,20240529,000000,100.07,100.07,100.005,100.005,0,0
2YITP.B,D,20240530,000000,100.045,100.045,100.045,100.045,0,0
2YITP.B,D,20240531,000000,100.057,100.134,100.057,100.134,0,0
2YITP.B,D,20240603,000000,100.134,100.134,100.066,100.123,0,0
2YITP.B,D,20240604,000000,100.137,100.137,100.136,100.136,0,0
2YITP.B,D,20240605,000000,100.145,100.145,100.142,100.142,0,0
2YITP.B,D,20240606,000000,100.167,100.167,100.124,100.124,0,0
2YITP.B,D,20240607,000000,100.107,100.107,100.032,100.032,0,0
2YITP.B,D,20240610,000000,100.032,100.032,99.969,99.988,0,0
2YITP.B,D,20240611,000000,99.989,99.989,99.98,99.98,0,0
2YITP.B,D,20240612,000000,100.035,100.069,100.035,100.069,0,0
2YITP.B,D,20240613,000000,100.064,100.076,100.064,100.076,0,0
2YITP.B,D,20240614,000000,100.119,100.119,100.099,100.099,0,0
2YITP.B,D,20240617,000000,100.099,100.099,100.071,100.071,0,0
2YITP.B,D,20240618,000000,100.056,100.111,100.056,100.111,0,0
2YITP.B,D,20240619,000000,100.08,100.08,100.071,100.071,0,0
2YITP.B,D,20240620,000000,100.021,100.094,100.021,100.094,0,0
2YITP.B,D,20240621,000000,100.148,100.148,100.125,100.125,0,0
2YITP.B,D,20240624,000000,100.125,100.134,100.125,100.134,0,0
2YITP.B,D,20240625,000000,100.153,100.153,100.137,100.137,0,0
2YITP.B,D,20240626,000000,100.146,100.146,100.146,100.146,0,0
2YITP.B,D,20240627,000000,100.113,100.151,100.113,100.151,0,0
2YITP.B,D,20240628,000000,100.14,100.14,100.043,100.043,0,0
2YITP.B,D,20240701,000000,100.043,100.088,100.043,100.071,0,0
2YITP.B,D,20240702,000000,100.096,100.13,100.096,100.13,0,0
2YITP.B,D,20240703,000000,100.126,100.165,100.126,100.165,0,0
2YITP.B,D,20240704,000000,100.14,100.14,100.111,100.111,0,0
2YITP.B,D,20240705,000000,100.13,100.196,100.13,100.196,0,0
2YITP.B,D,20240708,000000,100.196,100.231,100.196,100.212,0,0
2YITP.B,D,20240709,000000,100.212,100.239,100.212,100.239,0,0
2YITP.B,D,20240710,000000,100.208,100.245,100.208,100.245,0,0
2YITP.B,D,20240711,000000,99.783,99.876,99.783,99.876,0,0
2YITP.B,D,20240712,000000,99.88,99.908,99.88,99.908,0,0
2YITP.B,D,20240715,000000,99.908,99.958,99.908,99.958,0,0
2YITP.B,D,20240716,000000,100.004,100.004,99.985,99.985,0,0
2YITP.B,D,20240717,000000,100.024,100.024,99.943,99.943,0,0
2YITP.B,D,20240718,000000,99.94,99.94,99.94,99.94,0,0
2YITP.B,D,20240719,000000,100.001,100.001,99.993,99.993,0,0
2YITP.B,D,20240722,000000,99.993,99.993,99.913,99.913,0,0
2YITP.B,D,20240723,000000,99.95,99.966,99.95,99.966,0,0
2YITP.B,D,20240724,000000,99.99,99.99,99.954,99.954,0,0
2YITP.B,D,20240725,000000,100.023,100.023,99.986,99.986,0,0
2YITP.B,D,20240726,000000,100.001,100.023,100.001,100.023,0,0
2YITP.B,D,20240729,000000,100.023,100.088,100.023,100.088,0,0
2YITP.B,D,20240730,000000,100.126,100.132,100.126,100.132,0,0
2YITP.B,D,20240731,000000,100.185,100.185,100.163,100.163,0,0
2YITP.B,D,20240801,000000,100.199,100.199,100.199,100.199,0,0
2YITP.B,D,20240802,000000,100.191,100.361,100.191,100.361,0,0
2YITP.B,D,20240805,000000,100.361,100.361,100.298,100.298,0,0
2YITP.B,D,20240806,000000,100.331,100.331,100.301,100.301,0,0
2YITP.B,D,20240807,000000,100.293,100.293,100.282,100.282,0,0
2YITP.B,D,20240808,000000,100.342,100.342,100.265,100.265,0,0
2YITP.B,D,20240809,000000,100.317,100.322,100.317,100.322,0,0
2YITP.B,D,20240812,000000,100.322,100.322,100.322,100.322,0,0
2YITP.B,D,20240813,000000,100.316,100.368,100.316,100.368,0,0
2YITP.B,D,20240814,000000,100.536,100.536,100.518,100.518,0,0
2YITP.B,D,20240815,000000,100.508,100.508,100.344,100.344,0,0
2YITP.B,D,20240816,000000,100.32,100.32,100.32,100.32,0,0
2YITP.B,D,20240819,000000,100.32,100.356,100.32,100.332,0,0
2YITP.B,D,20240820,000000,100.41,100.41,100.388,100.388,0,0
2YITP.B,D,20240821,000000,100.406,100.452,100.406,100.452,0,0
2YITP.B,D,20240822,000000,100.524,100.524,100.458,100.458,0,0
2YITP.B,D,20240823,000000,100.456,100.526,100.456,100.526,0,0
2YITP.B,D,20240826,000000,100.526,100.557,100.526,100.528,0,0
2YITP.B,D,20240827,000000,100.484,100.484,100.4,100.4,0,0
2YITP.B,D,20240828,000000,100.45,100.453,100.45,100.453,0,0
2YITP.B,D,20240829,000000,100.441,100.51,100.441,100.51,0,0
2YITP.B,D,20240830,000000,100.521,100.521,100.44,100.44,0,0
2YITP.B,D,20240902,000000,100.44,100.448,100.372,100.448,0,0
2YITP.B,D,20240903,000000,100.44,100.44,100.44,100.44,0,0
2YITP.B,D,20240904,000000,100.532,100.617,100.532,100.617,0,0
2YITP.B,D,20240905,000000,100.644,100.716,100.644,100.716,0,0
2YITP.B,D,20240906,000000,100.737,100.737,100.724,100.724,0,0
2YITP.B,D,20240909,000000,100.724,100.724,100.71,100.712,0,0
2YITP.B,D,20240910,000000,100.766,100.766,100.766,100.766,0,0
2YITP.B,D,20240911,000000,100.895,100.942,100.895,100.942,0,0
2YITP.B,D,20240912,000000,100.922,100.922,100.881,100.881,0,0
2YITP.B,D,20240913,000000,100.914,100.914,100.892,100.892,0,0
2YITP.B,D,20240916,000000,100.892,100.921,100.892,100.921,0,0
2YITP.B,D,20240917,000000,100.963,100.963,100.893,100.893,0,0
2YITP.B,D,20240918,000000,100.85,100.85,100.799,100.799,0,0
2YITP.B,D,20240919,000000,100.825,100.892,100.825,100.892,0,0
2YITP.B,D,20240920,000000,100.9,100.9,100.852,100.852,0,0
2YITP.B,D,20240923,000000,100.852,100.98,100.852,100.98,0,0
2YITP.B,D,20240924,000000,100.986,100.986,100.986,100.986,0,0
2YITP.B,D,20240925,000000,101.101,101.101,101.066,101.066,0,0
2YITP.B,D,20240926,000000,101.121,101.121,101.121,101.121,0,0
2YITP.B,D,20240927,000000,101.231,101.231,101.165,101.165,0,0
2YITP.B,D,20240930,000000,101.165,101.165,101.119,101.119,0,0
2YITP.B,D,20241001,000000,101.209,101.271,101.209,101.271,0,0
2YITP.B,D,20241002,000000,101.162,101.162,101.157,101.157,0,0
2YITP.B,D,20241003,000000,101.165,101.165,101.165,101.165,0,0
2YITP.B,D,20241004,000000,101.106,101.106,101.106,101.106,0,0
2YITP.B,D,20241007,000000,101.106,101.106,100.861,100.861,0,0
2YITP.B,D,20241008,000000,100.832,100.835,100.832,100.835,0,0
2YITP.B,D,20241009,000000,100.865,100.865,100.822,100.822,0,0
2YITP.B,D,20241010,000000,100.792,100.858,100.792,100.858,0,0
2YITP.B,D,20241011,000000,100.798,100.798,100.798,100.798,0,0
2YITP.B,D,20241014,000000,100.798,100.798,100.792,100.792,0,0
2YITP.B,D,20241015,000000,100.857,100.857,100.857,100.857,0,0
2YITP.B,D,20241016,000000,100.947,100.983,100.947,100.983,0,0
2YITP.B,D,20241017,000000,100.975,100.975,100.975,100.975,0,0
2YITP.B,D,20241018,000000,101.075,101.075,101.075,101.075,0,0
2YITP.B,D,20241021,000000,101.075,101.075,101.069,101.069,0,0
2YITP.B,D,20241022,000000,100.911,100.911,100.911,100.911,0,0
2YITP.B,D,20241023,000000,100.957,100.957,100.957,100.957,0,0
2YITP.B,D,20241024,000000,101.032,101.075,101.032,101.075,0,0
2YITP.B,D,20241025,000000,100.991,100.991,100.991,100.991,0,0
2YITP.B,D,20241028,000000,100.991,100.991,100.931,100.931,0,0
2YITP.B,D,20241029,000000,100.9,100.9,100.9,100.9,0,0
2YITP.B,D,20241030,000000,100.854,100.854,100.652,100.652,0,0
2YITP.B,D,20241031,000000,100.652,100.652,100.623,100.623,0,0
2YITP.B,D,20241101,000000,100.623,100.659,100.549,100.659,0,0
2YITP.B,D,20241104,000000,100.659,100.659,100.616,100.616,0,0
2YITP.B,D,20241105,000000,100.568,100.568,100.568,100.568,0,0
2YITP.B,D,20241106,000000,100.568,100.745,100.568,100.745,0,0
2YITP.B,D,20241107,000000,100.727,100.727,100.727,100.727,0,0
2YITP.B,D,20241108,000000,100.727,100.793,100.716,100.716,0,0
2YITP.B,D,20241111,000000,100.716,100.803,100.716,100.803,0,0
2YITP.B,D,20241112,000000,100.803,100.837,100.803,100.837,0,0
2YITP.B,D,20241113,000000,100.805,100.805,100.805,100.805,0,0
2YITP.B,D,20241114,000000,100.843,100.916,100.843,100.916,0,0
2YITP.B,D,20241115,000000,100.965,100.965,100.953,100.953,0,0
2YITP.B,D,20241118,000000,100.953,100.953,100.84,100.84,0,0
2YITP.B,D,20241119,000000,100.915,100.915,100.848,100.848,0,0
2YITP.B,D,20241120,000000,100.848,100.903,100.848,100.903,0,0
2YITP.B,D,20241121,000000,100.87,100.958,100.87,100.958,0,0
2YITP.B,D,20241122,000000,101.034,101.034,101.034,101.034,0,0
2YITP.B,D,20241125,000000,101.034,101.135,101.034,101.133,0,0
2YITP.B,D,20241126,000000,101.093,101.093,101.093,101.093,0,0
2YITP.B,D,20241127,000000,101.093,101.093,101.011,101.011,0,0
2YITP.B,D,20241128,000000,101.111,101.174,101.111,101.174,0,0
2YITP.B,D,20241129,000000,101.174,101.201,101.174,101.201,0,0
2YITP.B,D,20241202,000000,101.201,101.343,101.201,101.34,0,0
2YITP.B,D,20241203,000000,101.34,101.34,101.316,101.316,0,0
2YITP.B,D,20241204,000000,101.291,101.291,101.291,101.291,0,0
2YITP.B,D,20241205,000000,101.336,101.336,101.336,101.336,0,0
2YITP.B,D,20241206,000000,101.242,101.242,101.242,101.242,0,0
2YITP.B,D,20241209,000000,101.242,101.267,101.242,101.264,0,0
2YITP.B,D,20241210,000000,101.334,101.334,101.334,101.334,0,0
2YITP.B,D,20241211,000000,101.344,101.344,101.344,101.344,0,0
2YITP.B,D,20241212,000000,101.354,101.354,101.354,101.354,0,0
2YITP.B,D,20241213,000000,101.183,101.209,101.183,101.209,0,0
2YITP.B,D,20241216,000000,101.209,101.209,101.166,101.183,0,0
2YITP.B,D,20241217,000000,101.186,101.186,101.156,101.156,0,0
2YITP.B,D,20241218,000000,101.145,101.145,101.145,101.145,0,0
2YITP.B,D,20241219,000000,101.131,101.151,101.131,101.151,0,0
2YITP.B,D,20241220,000000,101.18,101.214,101.18,101.214,0,0
2YITP.B,D,20241223,000000,101.214,101.214,101.126,101.126,0,0
2YITP.B,D,20241227,000000,101.073,101.073,101.073,101.073,0,0
2YITP.B,D,20241230,000000,101.073,101.139,101.073,101.139,0,0
2YITP.B,D,20250102,000000,101.139,101.139,101.129,101.129,0,0
2YITP.B,D,20250103,000000,101.106,101.106,101.106,101.106,0,0
2YITP.B,D,20250106,000000,101.106,101.106,100.986,100.986,0,0
2YITP.B,D,20250107,000000,100.974,100.974,100.974,100.974,0,0
2YITP.B,D,20250108,000000,100.961,100.961,100.961,100.961,0,0
2YITP.B,D,20250109,000000,100.899,100.899,100.877,100.877,0,0
2YITP.B,D,20250110,000000,100.845,100.845,100.844,100.844,0,0
2YITP.B,D,20250113,000000,100.844,100.844,100.706,100.706,0,0
2YITP.B,D,20250114,000000,100.734,100.734,100.734,100.734,0,0
2YITP.B,D,20250115,000000,100.753,100.753,100.753,100.753,0,0
2YITP.B,D,20250116,000000,100.845,100.845,100.845,100.845,0,0
2YITP.B,D,20250117,000000,100.947,100.947,100.947,100.947,0,0
2YITP.B,D,20250120,000000,100.947,100.947,100.925,100.925,0,0
2YITP.B,D,20250121,000000,100.957,100.957,100.957,100.957,0,0
2YITP.B,D,20250122,000000,100.999,100.999,100.999,100.999,0,0
2YITP.B,D,20250123,000000,100.976,100.976,100.907,100.907,0,0
2YITP.B,D,20250124,000000,100.902,100.902,100.902,100.902,0,0
2YITP.B,D,20250127,000000,100.902,100.902,100.897,100.897,0,0
2YITP.B,D,20250128,000000,100.897,100.897,100.877,100.877,0,0
2YITP.B,D,20250129,000000,100.911,100.911,100.9,100.9,0,0
2YITP.B,D,20250130,000000,100.903,100.903,100.903,100.903,0,0
2YITP.B,D,20250131,000000,101.007,101.117,101.007,101.117,0,0
2YITP.B,D,20250203,000000,101.117,101.157,101.117,101.157,0,0
2YITP.B,D,20250204,000000,101.167,101.167,101.167,101.167,0,0
2YITP.B,D,20250205,000000,101.207,101.207,101.207,101.207,0,0
2YITP.B,D,20250206,000000,101.155,101.155,101.155,101.155,0,0
2YITP.B,D,20250207,000000,101.201,101.201,101.201,101.201,0,0
2YITP.B,D,20250210,000000,101.201,101.201,101.178,101.178,0,0
2YITP.B,D,20250211,000000,101.175,101.175,101.175,101.175,0,0
2YITP.B,D,20250212,000000,101.103,101.103,101.103,101.103,0,0
2YITP.B,D,20250213,000000,101.07,101.07,101.07,101.07,0,0
2YITP.B,D,20250214,000000,101.125,101.125,101.125,101.125,0,0
2YITP.B,D,20250217,000000,101.125,101.125,101.031,101.081,0,0
2YITP.B,D,20250218,000000,101.063,101.063,101.063,101.063,0,0
2YITP.B,D,20250219,000000,101.037,101.037,101.037,101.037,0,0
2YITP.B,D,20250220,000000,100.988,100.988,100.988,100.988,0,0
2YITP.B,D,20250221,000000,101.052,101.091,101.052,101.091,0,0
2YITP.B,D,20250224,000000,101.091,101.107,101.09,101.107,0,0
2YITP.B,D,20250225,000000,101.131,101.147,101.131,101.147,0,0
2YITP.B,D,20250226,000000,101.152,101.165,101.152,101.165,0,0
2YITP.B,D,20250227,000000,101.162,101.222,101.162,101.222,0,0
2YITP.B,D,20250228,000000,101.281,101.281,101.253,101.253,0,0
2YITP.B,D,20250303,000000,101.253,101.253,101.188,101.188,0,0
2YITP.B,D,20250304,000000,101.29,101.29,101.29,101.29,0,0
2YITP.B,D,20250305,000000,101.035,101.035,101.035,101.035,0,0
2YITP.B,D,20250306,000000,100.808,100.808,100.808,100.808,0,0
2YITP.B,D,20250307,000000,100.884,100.928,100.884,100.928,0,0
2YITP.B,D,20250310,000000,100.928,100.928,100.928,100.928,0,0
2YITP.B,D,20250311,000000,100.881,100.881,100.881,100.881,0,0
2YITP.B,D,20250312,000000,101.003,101.003,101.003,101.003,0,0
2YITP.B,D,20250313,000000,100.923,100.923,100.923,100.923,0,0
2YITP.B,D,20250314,000000,100.954,100.954,100.954,100.954,0,0
2YITP.B,D,20250317,000000,100.954,101.037,100.954,101.024,0,0
2YITP.B,D,20250318,000000,100.997,100.997,100.997,100.997,0,0
2YITP.B,D,20250319,000000,101.045,101.045,101.045,101.045,0,0
2YITP.B,D,20250320,000000,101.049,101.049,101.025,101.025,0,0
2YITP.B,D,20250321,000000,101.08,101.08,101.08,101.08,0,0
2YITP.B,D,20250324,000000,101.08,101.135,101.08,101.135,0,0
2YITP.B,D,20250325,000000,101.105,101.105,101.102,101.102,0,0
2YITP.B,D,20250326,000000,101.101,101.101,101.101,101.101,0,0
2YITP.B,D,20250327,000000,101.146,101.146,101.146,101.146,0,0
2YITP.B,D,20250328,000000,101.247,101.247,101.247,101.247,0,0
2YITP.B,D,20250331,000000,101.247,101.317,101.247,101.317,0,0
2YITP.B,D,20250401,000000,101.316,101.316,101.309,101.309,0,0
2YITP.B,D,20250402,000000,100.574,100.574,100.56,100.56,0,0
2YITP.B,D,20250403,000000,100.68,100.69,100.68,100.69,0,0
2YITP.B,D,20250404,000000,100.781,100.781,100.781,100.781,0,0
2YITP.B,D,20250407,000000,100.781,100.864,100.776,100.776,0,0
2YITP.B,D,20250408,000000,100.76,100.76,100.703,100.703,0,0
2YITP.B,D,20250409,000000,100.751,100.751,100.751,100.751,0,0
2YITP.B,D,20250410,000000,100.755,100.755,100.755,100.755,0,0
2YITP.B,D,20250411,000000,100.731,100.731,100.731,100.731,0,0
2YITP.B,D,20250414,000000,100.731,100.831,100.731,100.831,0,0
2YITP.B,D,20250415,000000,100.83,100.83,100.829,100.829,0,0
2YITP.B,D,20250416,000000,100.869,100.869,100.864,100.864,0,0
2YITP.B,D,20250417,000000,100.839,100.972,100.839,100.972,0,0
2YITP.B,D,20250422,000000,101.039,101.039,101.003,101.003,0,0
2YITP.B,D,20250423,000000,100.973,100.973,100.891,100.891,0,0
2YITP.B,D,20250424,000000,100.951,101.066,100.951,101.066,0,0
2YITP.B,D,20250425,000000,101.037,101.037,101.005,101.005,0,0
2YITP.B,D,20250428,000000,101.005,101.014,100.973,101.014,0,0
2YITP.B,D,20250429,000000,101.01,101.01,100.97,100.97,0,0
2YITP.B,D,20250430,000000,100.973,100.973,100.973,100.973,0,0
2YITP.B,D,20250502,000000,100.973,100.973,100.962,100.962,0,0
2YITP.B,D,20250505,000000,100.962,100.962,100.898,100.898,0,0
2YITP.B,D,20250506,000000,100.928,100.928,100.928,100.928,0,0
2YITP.B,D,20250507,000000,100.972,101.019,100.972,101.019,0,0
2YITP.B,D,20250508,000000,101.002,101.002,100.959,100.959,0,0
2YITP.B,D,20250509,000000,100.903,100.917,100.903,100.917,0,0
2YITP.B,D,20250512,000000,100.917,100.917,100.715,100.715,0,0
2YITP.B,D,20250513,000000,100.678,100.698,100.678,100.698,0,0
2YITP.B,D,20250514,000000,100.675,100.717,100.675,100.717,0,0
2YITP.B,D,20250515,000000,100.714,100.753,100.714,100.753,0,0
2YITP.B,D,20250516,000000,100.813,100.818,100.813,100.818,0,0
2YITP.B,D,20250519,000000,100.818,100.818,100.811,100.811,0,0
2YITP.B,D,20250520,000000,100.848,100.848,100.821,100.821,0,0
2YITP.B,D,20250521,000000,100.798,100.825,100.798,100.825,0,0
2YITP.B,D,20250522,000000,100.829,100.834,100.829,100.834,0,0
2YITP.B,D,20250523,000000,100.847,100.927,100.847,100.927,0,0
2YITP.B,D,20250526,000000,100.927,100.927,100.89,100.91,0,0
2YITP.B,D,20250527,000000,100.925,100.925,100.885,100.885,0,0
2YITP.B,D,20250528,000000,100.9,100.9,100.877,100.877,0,0
2YITP.B,D,20250529,000000,100.893,100.954,100.893,100.954,0,0
2YITP.B,D,20250530,000000,100.937,100.947,100.937,100.947,0,0
2YITP.B,D,20250602,000000,100.947,100.947,100.927,100.927,0,0
2YITP.B,D,20250603,000000,100.942,100.95,100.942,100.95,0,0
2YITP.B,D,20250604,000000,100.952,100.952,100.94,100.94,0,0
2YITP.B,D,20250605,000000,100.921,100.921,100.786,100.786,0,0
2YITP.B,D,20250606,000000,100.827,100.827,100.804,100.804,0,0
2YITP.B,D,20250609,000000,100.804,100.895,100.794,100.794,0,0
2YITP.B,D,20250610,000000,100.806,100.806,100.801,100.801,0,0
2YITP.B,D,20250611,000000,100.782,100.846,100.782,100.846,0,0
2YITP.B,D,20250612,000000,100.838,100.838,100.828,100.828,0,0
2YITP.B,D,20250613,000000,100.813,100.813,100.749,100.749,0,0
2YITP.B,D,20250616,000000,100.749,100.795,100.736,100.795,0,0
2YITP.B,D,20250617,000000,100.786,100.795,100.786,100.795,0,0
2YITP.B,D,20250618,000000,100.74,100.767,100.74,100.767,0,0
2YITP.B,D,20250619,000000,100.745,100.749,100.745,100.749,0,0
2YITP.B,D,20250620,000000,100.744,100.759,100.744,100.759,0,0
2YITP.B,D,20250623,000000,100.759,100.759,100.709,100.748,0,0
2YITP.B,D,20250624,000000,100.812,100.816,100.812,100.816,0,0
2YITP.B,D,20250625,000000,100.808,100.808,100.772,100.772,0,0
2YITP.B,D,20250626,000000,100.815,100.821,100.815,100.821,0,0
2YITP.B,D,20250627,000000,100.799,100.799,100.763,100.763,0,0
2YITP.B,D,20250630,000000,100.763,100.786,100.763,100.773,0,0
2YITP.B,D,20250701,000000,100.853,100.853,100.804,100.804,0,0
2YITP.B,D,20250702,000000,100.78,100.78,100.768,100.768,0,0
2YITP.B,D,20250703,000000,100.801,100.803,100.801,100.803,0,0
2YITP.B,D,20250704,000000,100.847,100.847,100.831,100.831,0,0
2YITP.B,D,20250707,000000,100.831,100.831,100.774,100.774,0,0
2YITP.B,D,20250708,000000,100.752,100.756,100.752,100.756,0,0
2YITP.B,D,20250709,000000,100.752,100.752,100.749,100.749,0,0
2YITP.B,D,20250710,000000,100.756,100.756,100.708,100.708,0,0
2YITP.B,D,20250711,000000,100.688,100.688,100.688,100.688,0,0
2YITP.B,D,20250714,000000,100.675,100.727,100.675,100.727,0,0
2YITP.B,D,20250715,000000,100.756,100.756,100.752,100.752,0,0
2YITP.B,D,20250716,000000,100.747,100.789,100.747,100.789,0,0
2YITP.B,D,20250717,000000,100.766,100.773,100.766,100.773,0,0
2YITP.B,D,20250718,000000,100.751,100.751,100.751,100.751,0,0
2YITP.B,D,20250721,000000,100.751,100.842,100.751,100.842,0,0
2YITP.B,D,20250722,000000,100.84,100.863,100.84,100.863,0,0
2YITP.B,D,20250723,000000,100.843,100.868,100.843,100.868,0,0
2YITP.B,D,20250724,000000,100.772,100.772,100.703,100.703,0,0
2YITP.B,D,20250725,000000,100.605,100.656,100.605,100.656,0,0
2YITP.B,D,20250728,000000,100.656,100.714,100.656,100.714,0,0
2YITP.B,D,20250729,000000,100.66,100.66,100.66,100.66,0,0
2YITP.B,D,20250730,000000,100.666,100.693,100.666,100.693,0,0
2YITP.B,D,20250731,000000,100.621,100.621,100.621,100.621,0,0
2YITP.B,D,20250801,000000,100.6,100.677,100.6,100.677,0,0
2YITP.B,D,20250804,000000,100.677,100.714,100.677,100.714,0,0
2YITP.B,D,20250805,000000,100.729,100.729,100.724,100.724,0,0
2YITP.B,D,20250806,000000,99.922,99.931,99.922,99.931,0,0
2YITP.B,D,20250807,000000,99.943,99.943,99.936,99.936,0,0
2YITP.B,D,20250808,000000,99.876,99.876,99.832,99.832,0,0
2YITP.B,D,20250811,000000,99.832,99.861,99.82,99.82,0,0
2YITP.B,D,20250812,000000,99.791,99.791,99.778,99.778,0,0
2YITP.B,D,20250813,000000,99.868,99.905,99.868,99.905,0,0
2YITP.B,D,20250814,000000,99.928,99.928,99.865,99.865,0,0
2YITP.B,D,20250818,000000,99.781,99.844,99.781,99.808,0,0
2YITP.B,D,20250819,000000,99.807,99.807,99.806,99.806,0,0
2YITP.B,D,20250820,000000,99.817,99.87,99.817,99.87,0,0
2YITP.B,D,20250821,000000,99.839,99.839,99.75,99.75,0,0
2YITP.B,D,20250822,000000,99.743,99.743,99.743,99.743,0,0
2YITP.B,D,20250825,000000,99.743,99.797,99.743,99.797,0,0
2YITP.B,D,20250826,000000,99.791,99.806,99.791,99.806,0,0
2YITP.B,D,20250827,000000,99.847,99.847,99.819,99.819,0,0
2YITP.B,D,20250828,000000,99.845,99.845,99.845,99.845,0,0
2YITP.B,D,20250829,000000,99.823,99.823,99.823,99.823,0,0
2YITP.B,D,20250901,000000,99.823,99.823,99.777,99.777,0,0
2YITP.B,D,20250902,000000,100.834,100.834,99.702,99.702,0,0
2YITP.B,D,20250903,000000,99.735,99.796,99.735,99.796,0,0
2YITP.B,D,20250904,000000,99.81,99.81,99.788,99.788,0,0
2YITP.B,D,20250905,000000,99.806,99.885,99.806,99.885,0,0
2YITP.B,D,20250908,000000,99.885,99.917,99.885,99.917,0,0
2YITP.B,D,20250909,000000,99.875,99.876,99.875,99.876,0,0
2YITP.B,D,20250910,000000,99.873,99.873,99.85,99.85,0,0
2YITP.B,D,20250911,000000,99.824,99.824,99.794,99.794,0,0
2YITP.B,D,20250912,000000,99.752,99.752,99.712,99.712,0,0
2YITP.B,D,20250915,000000,99.712,99.774,99.712,99.774,0,0
2YITP.B,D,20250916,000000,99.793,99.793,99.793,99.793,0,0
2YITP.B,D,20250917,000000,99.8,99.8,99.779,99.779,0,0
2YITP.B,D,20250918,000000,99.783,99.783,99.743,99.743,0,0
2YITP.B,D,20250919,000000,99.763,99.763,99.763,99.763,0,0
2YITP.B,D,20250922,000000,99.758,99.774,99.758,99.774,0,0
2YITP.B,D,20250923,000000,99.769,99.769,99.746,99.746,0,0
2YITP.B,D,20250924,000000,99.761,99.761,99.749,99.749,0,0
2YITP.B,D,20250925,000000,99.764,99.764,99.705,99.705,0,0
2YITP.B,D,20250926,000000,99.7,99.7,99.7,99.7,0,0
2YITP.B,D,20250929,000000,99.7,99.774,99.7,99.774,0,0
2YITP.B,D,20250930,000000,99.746,99.752,99.746,99.752,0,0
2YITP.B,D,20251001,000000,99.755,99.755,99.755,99.755,0,0
2YITP.B,D,20251002,000000,99.774,99.8,99.774,99.8,0,0
2YITP.B,D,20251003,000000,99.772,99.772,99.772,99.772,0,0
2YITP.B,D,20251006,000000,99.772,99.772,99.77,99.77,0,0
2YITP.B,D,20251007,000000,99.763,99.787,99.763,99.787,0,0
2YITP.B,D,20251008,000000,99.787,99.857,99.787,99.857,0,0
2YITP.B,D,20251009,000000,99.826,99.826,99.812,99.812,0,0
2YITP.B,D,20251010,000000,99.824,99.847,99.824,99.847,0,0
2YITP.B,D,20251013,000000,99.847,99.909,99.847,99.909,0,0
2YITP.B,D,20251014,000000,99.935,99.944,99.935,99.944,0,0
2YITP.B,D,20251015,000000,99.986,99.998,99.986,99.998,0,0
2YITP.B,D,20251016,000000,99.993,99.993,99.993,99.993,0,0
2YITP.B,D,20251017,000000,100.041,100.041,99.98,99.98,0,0
2YITP.B,D,20251020,000000,99.98,99.98,99.949,99.949,0,0
2YITP.B,D,20251021,000000,99.986,100.007,99.986,100.007,0,0
2YITP.B,D,20251022,000000,99.993,99.993,99.992,99.992,0,0
2YITP.B,D,20251023,000000,99.981,99.987,99.981,99.987,0,0
2YITP.B,D,20251024,000000,99.906,99.906,99.906,99.906,0,0
2YITP.B,D,20251027,000000,99.906,99.911,99.906,99.911,0,0
2YITP.B,D,20251028,000000,99.939,99.939,99.939,99.939,0,0
2YITP.B,D,20251029,000000,99.911,99.911,99.911,99.911,0,0
2YITP.B,D,20251030,000000,99.877,99.877,99.877,99.877,0,0
2YITP.B,D,20251031,000000,99.893,99.893,99.89,99.89,0,0
2YITP.B,D,20251103,000000,99.89,99.929,99.89,99.929,0,0
2YITP.B,D,20251104,000000,99.9,99.943,99.9,99.943,0,0
2YITP.B,D,20251105,000000,99.903,99.903,99.903,99.903,0,0
2YITP.B,D,20251106,000000,99.886,99.886,99.886,99.886,0,0
2YITP.B,D,20251107,000000,99.886,99.886,99.86,99.86,0,0
2YITP.B,D,20251110,000000,99.86,99.888,99.86,99.888,0,0
2YITP.B,D,20251111,000000,99.865,99.865,99.865,99.865,0,0
2YITP.B,D,20251112,000000,99.859,99.859,99.859,99.859,0,0
2YITP.B,D,20251113,000000,99.906,99.906,99.906,99.906,0,0
2YITP.B,D,20251114,000000,99.8,99.8,99.8,99.8,0,0
2YITP.B,D,20251117,000000,99.8,99.822,99.8,99.822,0,0
2YITP.B,D,20251118,000000,99.84,99.84,99.84,99.84,0,0
2YITP.B,D,20251119,000000,99.831,99.831,99.831,99.831,0,0
2YITP.B,D,20251120,000000,99.837,99.837,99.837,99.837,0,0
2YITP.B,D,20251121,000000,99.884,99.884,99.884,99.884,0,0
2YITP.B,D,20251124,000000,99.884,99.884,99.86,99.86,0,0
2YITP.B,D,20251125,000000,99.873,99.873,99.873,99.873,0,0
2YITP.B,D,20251126,000000,99.877,99.877,99.877,99.877,0,0
2YITP.B,D,20251127,000000,99.875,99.875,99.875,99.875,0,0
2YITP.B,D,20251128,000000,99.865,99.865,99.865,99.865,0,0
2YITP.B,D,20251201,000000,99.865,99.865,99.846,99.846,0,0
2YITP.B,D,20251202,000000,99.846,99.846,99.846,99.846,0,0
2YITP.B,D,20251203,000000,99.865,99.865,99.865,99.865,0,0
2YITP.B,D,20251204,000000,99.836,99.836,99.836,99.836,0,0
2YITP.B,D,20251205,000000,99.807,99.807,99.807,99.807,0,0
2YITP.B,D,20251208,000000,99.807,99.807,99.742,99.742,0,0
2YITP.B,D,20251209,000000,99.685,99.694,99.685,99.694,0,0
2YITP.B,D,20251210,000000,99.645,99.668,99.645,99.668,0,0
2YITP.B,D,20251211,000000,99.685,99.685,99.685,99.685,0,0
2YITP.B,D,20251212,000000,99.707,99.707,99.707,99.707,0,0
2YITP.B,D,20251215,000000,99.707,99.735,99.707,99.735,0,0
2YITP.B,D,20251216,000000,99.756,99.782,99.756,99.782,0,0
2YITP.B,D,20251217,000000,99.793,99.793,99.793,99.793,0,0
2YITP.B,D,20251218,000000,99.805,99.805,99.805,99.805,0,0
2YITP.B,D,20251219,000000,99.767,99.767,99.739,99.739,0,0
2YITP.B,D,20251222,000000,99.739,99.769,99.725,99.725,0,0
2YITP.B,D,20251223,000000,99.787,99.787,99.76,99.76,0,0
2YITP.B,D,20251225,000000,99.76,99.76,99.76,99.76,0,0
2YITP.B,D,20251226,000000,99.76,99.76,99.76,99.76,0,0
2YITP.B,D,20251229,000000,99.76,99.808,99.76,99.808,0,0
2YITP.B,D,20251230,000000,99.848,99.848,99.84,99.84,0,0
2YITP.B,D,20260101,000000,99.84,99.84,99.84,99.84,0,0
2YITP.B,D,20260102,000000,99.84,99.84,99.789,99.789,0,0
2YITP.B,D,20260105,000000,99.789,99.816,99.789,99.816,0,0
2YITP.B,D,20260106,000000,99.844,99.844,99.844,99.844,0,0
2YITP.B,D,20260107,000000,99.894,99.894,99.894,99.894,0,0
2YITP.B,D,20260108,000000,99.856,99.856,99.856,99.856,0,0
2YITP.B,D,20260109,000000,99.857,99.857,99.857,99.857,0,0
2YITP.B,D,20260112,000000,99.857,99.861,99.857,99.861,0,0
2YITP.B,D,20260113,000000,99.861,99.861,99.847,99.847,0,0
2YITP.B,D,20260114,000000,99.847,99.905,99.847,99.905,0,0
2YITP.B,D,20260115,000000,99.889,99.889,99.889,99.889,0,0
2YITP.B,D,20260116,000000,99.866,99.866,99.866,99.866,0,0
2YITP.B,D,20260119,000000,99.866,99.89,99.866,99.89,0,0
2YITP.B,D,20260120,000000,99.866,99.927,99.866,99.927,0,0
2YITP.B,D,20260121,000000,99.935,99.935,99.935,99.935,0,0
2YITP.B,D,20260122,000000,99.884,99.884,99.884,99.884,0,0
2YITP.B,D,20260123,000000,99.848,99.874,99.848,99.874,0,0
2YITP.B,D,20260126,000000,99.874,99.879,99.874,99.879,0,0
2YITP.B,D,20260127,000000,99.899,99.899,99.899,99.899,0,0
2YITP.B,D,20260128,000000,99.93,99.93,99.93,99.93,0,0
2YITP.B,D,20260129,000000,99.964,99.964,99.964,99.964,0,0
2YITP.B,D,20260130,000000,99.973,99.973,99.953,99.953,0,0
2YITP.B,D,20260202,000000,99.953,99.956,99.953,99.956,0,0
2YITP.B,D,20260203,000000,99.956,99.956,99.914,99.914,0,0
2YITP.B,D,20260204,000000,99.914,99.914,99.912,99.912,0,0
2YITP.B,D,20260205,000000,99.924,99.924,99.924,99.924,0,0
2YITP.B,D,20260206,000000,99.943,99.943,99.943,99.943,0,0
2YITP.B,D,20260209,000000,99.943,99.943,99.941,99.941,0,0
2YITP.B,D,20260210,000000,99.974,99.974,99.974,99.974,0,0
