<TICKER>,<PER>,<DATE>,<TIME>,<OPEN>,<HIGH>,<LOW>,<CLOSE>,<VOL>,<OPENINT>
2YNOY.B,D,20240410,000000,4.334,4.346,4.334,4.346,0,0
2YNOY.B,D,20240411,000000,4.381,4.381,4.381,4.381,0,0
2YNOY.B,D,20240412,000000,4.389,4.389,4.389,4.389,0,0
2YNOY.B,D,20240415,000000,4.389,4.397,4.385,4.397,0,0
2YNOY.B,D,20240416,000000,4.393,4.428,4.393,4.428,0,0
2YNOY.B,D,20240417,000000,4.424,4.424,4.424,4.424,0,0
2YNOY.B,D,20240418,000000,4.401,4.401,4.401,4.401,0,0
2YNOY.B,D,20240419,000000,4.397,4.409,4.397,4.409,0,0
2YNOY.B,D,20240422,000000,4.409,4.417,4.409,4.417,0,0
2YNOY.B,D,20240423,000000,4.401,4.414,4.401,4.414,0,0
2YNOY.B,D,20240424,000000,4.422,4.422,4.41,4.41,0,0
2YNOY.B,D,20240425,000000,4.398,4.41,4.398,4.41,0,0
2YNOY.B,D,20240426,000000,4.394,4.394,4.394,4.394,0,0
2YNOY.B,D,20240429,000000,4.394,4.398,4.386,4.386,0,0
2YNOY.B,D,20240430,000000,4.407,4.407,4.407,4.407,0,0
2YNOY.B,D,20240502,000000,4.419,4.419,4.407,4.407,0,0
2YNOY.B,D,20240503,000000,4.403,4.403,4.403,4.403,0,0
2YNOY.B,D,20240506,000000,4.403,4.403,4.399,4.399,0,0
2YNOY.B,D,20240507,000000,4.345,4.37,4.345,4.37,0,0
2YNOY.B,D,20240508,000000,4.378,4.378,4.378,4.378,0,0
2YNOY.B,D,20240510,000000,4.413,4.413,4.413,4.413,0,0
2YNOY.B,D,20240513,000000,4.413,4.421,4.413,4.421,0,0
2YNOY.B,D,20240514,000000,4.404,4.417,4.404,4.417,0,0
2YNOY.B,D,20240515,000000,4.387,4.387,4.387,4.387,0,0
2YNOY.B,D,20240516,000000,4.387,4.401,4.387,4.388,0,0
2YNOY.B,D,20240521,000000,4.388,4.415,4.388,4.415,0,0
2YNOY.B,D,20240522,000000,3.907,3.907,3.889,3.889,0,0
2YNOY.B,D,20240523,000000,3.9,3.919,3.9,3.919,0,0
2YNOY.B,D,20240524,000000,3.916,3.935,3.916,3.935,0,0
2YNOY.B,D,20240527,000000,3.935,3.939,3.933,3.939,0,0
2YNOY.B,D,20240528,000000,3.911,3.911,3.905,3.905,0,0
2YNOY.B,D,20240529,000000,3.915,3.934,3.915,3.934,0,0
2YNOY.B,D,20240530,000000,3.933,3.939,3.933,3.939,0,0
2YNOY.B,D,20240531,000000,3.93,3.93,3.899,3.899,0,0
2YNOY.B,D,20240603,000000,3.899,3.902,3.883,3.883,0,0
2YNOY.B,D,20240604,000000,3.868,3.868,3.849,3.849,0,0
2YNOY.B,D,20240605,000000,3.878,3.878,3.84,3.84,0,0
2YNOY.B,D,20240606,000000,3.838,3.845,3.838,3.845,0,0
2YNOY.B,D,20240607,000000,3.855,3.919,3.855,3.919,0,0
2YNOY.B,D,20240610,000000,3.919,3.987,3.919,3.987,0,0
2YNOY.B,D,20240611,000000,3.991,3.991,3.953,3.953,0,0
2YNOY.B,D,20240612,000000,3.937,3.937,3.847,3.847,0,0
2YNOY.B,D,20240613,000000,3.884,3.891,3.884,3.891,0,0
2YNOY.B,D,20240614,000000,3.875,3.875,3.856,3.856,0,0
2YNOY.B,D,20240617,000000,3.856,3.873,3.856,3.873,0,0
2YNOY.B,D,20240618,000000,3.89,3.916,3.89,3.916,0,0
2YNOY.B,D,20240619,000000,3.952,3.952,3.939,3.939,0,0
2YNOY.B,D,20240620,000000,3.958,4.049,3.958,4.049,0,0
2YNOY.B,D,20240621,000000,3.995,3.995,3.975,3.975,0,0
2YNOY.B,D,20240624,000000,3.975,3.986,3.975,3.986,0,0
2YNOY.B,D,20240625,000000,4.003,4.003,3.983,3.983,0,0
2YNOY.B,D,20240626,000000,4.007,4.007,4.007,4.007,0,0
2YNOY.B,D,20240627,000000,4.006,4.006,4.006,4.006,0,0
2YNOY.B,D,20240628,000000,3.997,3.997,3.997,3.997,0,0
2YNOY.B,D,20240701,000000,3.997,4.054,3.997,4.054,0,0
2YNOY.B,D,20240702,000000,4.072,4.072,4.065,4.065,0,0
2YNOY.B,D,20240703,000000,4.083,4.083,4.063,4.063,0,0
2YNOY.B,D,20240704,000000,4.069,4.076,4.069,4.076,0,0
2YNOY.B,D,20240705,000000,4.074,4.074,4.074,4.074,0,0
2YNOY.B,D,20240708,000000,4.074,4.085,4.074,4.085,0,0
2YNOY.B,D,20240709,000000,4.085,4.13,4.085,4.13,0,0
2YNOY.B,D,20240710,000000,4.033,4.033,3.999,3.999,0,0
2YNOY.B,D,20240711,000000,4.005,4.005,3.903,3.903,0,0
2YNOY.B,D,20240712,000000,3.901,3.901,3.874,3.874,0,0
2YNOY.B,D,20240715,000000,3.874,3.874,3.864,3.864,0,0
2YNOY.B,D,20240716,000000,3.848,3.848,3.827,3.827,0,0
2YNOY.B,D,20240717,000000,3.825,3.859,3.825,3.859,0,0
2YNOY.B,D,20240718,000000,3.857,3.857,3.857,3.857,0,0
2YNOY.B,D,20240719,000000,3.85,3.861,3.85,3.861,0,0
2YNOY.B,D,20240722,000000,3.861,3.872,3.861,3.865,0,0
2YNOY.B,D,20240723,000000,3.863,3.863,3.849,3.849,0,0
2YNOY.B,D,20240724,000000,3.839,3.839,3.839,3.839,0,0
2YNOY.B,D,20240725,000000,3.838,3.838,3.838,3.838,0,0
2YNOY.B,D,20240726,000000,3.835,3.835,3.828,3.828,0,0
2YNOY.B,D,20240729,000000,3.828,3.828,3.804,3.804,0,0
2YNOY.B,D,20240730,000000,3.815,3.815,3.815,3.815,0,0
2YNOY.B,D,20240731,000000,3.798,3.798,3.792,3.792,0,0
2YNOY.B,D,20240801,000000,3.762,3.762,3.762,3.762,0,0
2YNOY.B,D,20240802,000000,3.668,3.668,3.598,3.598,0,0
2YNOY.B,D,20240805,000000,3.598,3.598,3.518,3.518,0,0
2YNOY.B,D,20240806,000000,3.564,3.564,3.515,3.515,0,0
2YNOY.B,D,20240807,000000,3.54,3.596,3.54,3.596,0,0
2YNOY.B,D,20240808,000000,3.586,3.635,3.586,3.635,0,0
2YNOY.B,D,20240809,000000,3.597,3.597,3.597,3.597,0,0
2YNOY.B,D,20240812,000000,3.597,3.629,3.597,3.629,0,0
2YNOY.B,D,20240813,000000,3.632,3.632,3.611,3.611,0,0
2YNOY.B,D,20240814,000000,3.601,3.622,3.601,3.622,0,0
2YNOY.B,D,20240815,000000,3.612,3.698,3.612,3.698,0,0
2YNOY.B,D,20240816,000000,3.695,3.695,3.695,3.695,0,0
2YNOY.B,D,20240819,000000,3.695,3.695,3.677,3.677,0,0
2YNOY.B,D,20240820,000000,3.681,3.681,3.638,3.638,0,0
2YNOY.B,D,20240821,000000,3.606,3.606,3.599,3.599,0,0
2YNOY.B,D,20240822,000000,3.56,3.575,3.56,3.575,0,0
2YNOY.B,D,20240823,000000,3.557,3.557,3.557,3.557,0,0
2YNOY.B,D,20240826,000000,3.557,3.557,3.517,3.539,0,0
2YNOY.B,D,20240827,000000,3.564,3.601,3.564,3.601,0,0
2YNOY.B,D,20240828,000000,3.568,3.568,3.568,3.568,0,0
2YNOY.B,D,20240829,000000,3.551,3.551,3.536,3.536,0,0
2YNOY.B,D,20240830,000000,3.496,3.518,3.496,3.518,0,0
2YNOY.B,D,20240902,000000,3.518,3.536,3.518,3.536,0,0
2YNOY.B,D,20240903,000000,3.526,3.526,3.526,3.526,0,0
2YNOY.B,D,20240904,000000,3.507,3.515,3.507,3.515,0,0
2YNOY.B,D,20240905,000000,3.489,3.489,3.475,3.475,0,0
2YNOY.B,D,20240906,000000,3.456,3.463,3.456,3.463,0,0
2YNOY.B,D,20240909,000000,3.463,3.467,3.423,3.423,0,0
2YNOY.B,D,20240910,000000,3.434,3.434,3.434,3.434,0,0
2YNOY.B,D,20240911,000000,3.43,3.43,3.415,3.415,0,0
2YNOY.B,D,20240912,000000,3.404,3.404,3.404,3.404,0,0
2YNOY.B,D,20240913,000000,3.408,3.438,3.408,3.438,0,0
2YNOY.B,D,20240916,000000,3.438,3.449,3.434,3.449,0,0
2YNOY.B,D,20240917,000000,3.408,3.468,3.408,3.468,0,0
2YNOY.B,D,20240918,000000,3.468,3.524,3.468,3.524,0,0
2YNOY.B,D,20240919,000000,3.536,3.634,3.536,3.634,0,0
2YNOY.B,D,20240920,000000,3.654,3.684,3.654,3.684,0,0
2YNOY.B,D,20240923,000000,3.684,3.684,3.666,3.666,0,0
2YNOY.B,D,20240924,000000,3.662,3.662,3.662,3.662,0,0
2YNOY.B,D,20240925,000000,3.636,3.636,3.613,3.613,0,0
2YNOY.B,D,20240926,000000,3.587,3.587,3.587,3.587,0,0
2YNOY.B,D,20240927,000000,3.553,3.591,3.553,3.591,0,0
2YNOY.B,D,20240930,000000,3.591,3.634,3.591,3.634,0,0
2YNOY.B,D,20241001,000000,3.646,3.646,3.63,3.63,0,0
2YNOY.B,D,20241002,000000,3.658,3.72,3.658,3.72,0,0
2YNOY.B,D,20241003,000000,3.741,3.741,3.741,3.741,0,0
2YNOY.B,D,20241004,000000,3.722,3.722,3.722,3.722,0,0
2YNOY.B,D,20241007,000000,3.722,3.915,3.722,3.915,0,0
2YNOY.B,D,20241008,000000,3.928,3.928,3.928,3.928,0,0
2YNOY.B,D,20241009,000000,3.878,3.878,3.878,3.878,0,0
2YNOY.B,D,20241010,000000,3.844,3.844,3.837,3.837,0,0
2YNOY.B,D,20241011,000000,3.865,3.865,3.865,3.865,0,0
2YNOY.B,D,20241014,000000,3.865,3.878,3.865,3.878,0,0
2YNOY.B,D,20241015,000000,3.843,3.843,3.843,3.843,0,0
2YNOY.B,D,20241016,000000,3.816,3.824,3.816,3.824,0,0
2YNOY.B,D,20241017,000000,3.83,3.83,3.83,3.83,0,0
2YNOY.B,D,20241018,000000,3.835,3.835,3.835,3.835,0,0
2YNOY.B,D,20241021,000000,3.835,3.835,3.816,3.816,0,0
2YNOY.B,D,20241022,000000,3.845,3.845,3.845,3.845,0,0
2YNOY.B,D,20241023,000000,3.817,3.817,3.817,3.817,0,0
2YNOY.B,D,20241024,000000,3.815,3.832,3.815,3.832,0,0
2YNOY.B,D,20241025,000000,3.828,3.828,3.828,3.828,0,0
2YNOY.B,D,20241028,000000,3.828,3.899,3.828,3.899,0,0
2YNOY.B,D,20241029,000000,3.937,3.937,3.937,3.937,0,0
2YNOY.B,D,20241030,000000,4.008,4.016,4.008,4.016,0,0
2YNOY.B,D,20241031,000000,4.016,4.049,4.016,4.049,0,0
2YNOY.B,D,20241101,000000,4.104,4.104,4.063,4.063,0,0
2YNOY.B,D,20241104,000000,4.063,4.077,4.063,4.077,0,0
2YNOY.B,D,20241105,000000,4.166,4.166,4.166,4.166,0,0
2YNOY.B,D,20241106,000000,4.166,4.166,4.146,4.146,0,0
2YNOY.B,D,20241107,000000,4.172,4.172,4.172,4.172,0,0
2YNOY.B,D,20241108,000000,4.102,4.102,4.051,4.051,0,0
2YNOY.B,D,20241111,000000,4.051,4.051,3.989,3.989,0,0
2YNOY.B,D,20241112,000000,3.989,3.994,3.989,3.994,0,0
2YNOY.B,D,20241113,000000,3.983,3.983,3.983,3.983,0,0
2YNOY.B,D,20241114,000000,3.983,3.99,3.973,3.973,0,0
2YNOY.B,D,20241115,000000,3.979,4.013,3.979,4.013,0,0
2YNOY.B,D,20241118,000000,4.013,4.036,4.013,4.036,0,0
2YNOY.B,D,20241119,000000,4.033,4.033,3.998,3.998,0,0
2YNOY.B,D,20241120,000000,3.987,3.987,3.978,3.978,0,0
2YNOY.B,D,20241121,000000,3.995,3.995,3.96,3.96,0,0
2YNOY.B,D,20241122,000000,3.931,3.931,3.931,3.931,0,0
2YNOY.B,D,20241125,000000,3.931,3.931,3.928,3.928,0,0
2YNOY.B,D,20241126,000000,3.924,3.924,3.924,3.924,0,0
2YNOY.B,D,20241127,000000,3.924,3.924,3.921,3.921,0,0
2YNOY.B,D,20241128,000000,3.885,3.894,3.885,3.894,0,0
2YNOY.B,D,20241129,000000,3.894,3.894,3.881,3.881,0,0
2YNOY.B,D,20241202,000000,3.881,3.904,3.881,3.904,0,0
2YNOY.B,D,20241203,000000,3.857,3.857,3.857,3.857,0,0
2YNOY.B,D,20241204,000000,3.916,3.916,3.916,3.916,0,0
2YNOY.B,D,20241205,000000,3.914,3.914,3.914,3.914,0,0
2YNOY.B,D,20241206,000000,3.938,3.938,3.938,3.938,0,0
2YNOY.B,D,20241209,000000,3.938,3.938,3.899,3.899,0,0
2YNOY.B,D,20241210,000000,3.931,3.931,3.931,3.931,0,0
2YNOY.B,D,20241211,000000,3.964,3.964,3.964,3.964,0,0
2YNOY.B,D,20241212,000000,4.018,4.018,4.018,4.018,0,0
2YNOY.B,D,20241213,000000,4.087,4.106,4.087,4.106,0,0
2YNOY.B,D,20241216,000000,4.106,4.106,4.075,4.075,0,0
2YNOY.B,D,20241217,000000,4.091,4.091,4.063,4.063,0,0
2YNOY.B,D,20241218,000000,4.069,4.069,4.069,4.069,0,0
2YNOY.B,D,20241219,000000,4.106,4.106,4.032,4.032,0,0
2YNOY.B,D,20241220,000000,4.001,4.01,4.001,4.01,0,0
2YNOY.B,D,20241223,000000,4.01,4.01,4.01,4.01,0,0
2YNOY.B,D,20241227,000000,4.025,4.025,4.025,4.025,0,0
2YNOY.B,D,20241230,000000,4.025,4.047,4.025,4.047,0,0
2YNOY.B,D,20250102,000000,4.047,4.053,4.047,4.053,0,0
2YNOY.B,D,20250103,000000,4.021,4.021,4.021,4.021,0,0
2YNOY.B,D,20250106,000000,4.021,4.027,4.021,4.027,0,0
2YNOY.B,D,20250107,000000,4.034,4.034,4.034,4.034,0,0
2YNOY.B,D,20250108,000000,4.059,4.059,4.059,4.059,0,0
2YNOY.B,D,20250109,000000,4.079,4.079,4.069,4.069,0,0
2YNOY.B,D,20250110,000000,4.036,4.075,4.036,4.075,0,0
2YNOY.B,D,20250113,000000,4.075,4.121,4.075,4.121,0,0
2YNOY.B,D,20250114,000000,4.128,4.128,4.128,4.128,0,0
2YNOY.B,D,20250115,000000,4.154,4.154,4.154,4.154,0,0
2YNOY.B,D,20250116,000000,4.145,4.145,4.145,4.145,0,0
2YNOY.B,D,20250117,000000,4.092,4.092,4.092,4.092,0,0
2YNOY.B,D,20250120,000000,4.092,4.099,4.092,4.099,0,0
2YNOY.B,D,20250121,000000,4.085,4.085,4.085,4.085,0,0
2YNOY.B,D,20250122,000000,4.082,4.082,4.082,4.082,0,0
2YNOY.B,D,20250123,000000,4.092,4.092,4.082,4.082,0,0
2YNOY.B,D,20250124,000000,4.089,4.089,4.089,4.089,0,0
2YNOY.B,D,20250127,000000,4.089,4.089,4.066,4.066,0,0
2YNOY.B,D,20250128,000000,4.066,4.066,4.062,4.062,0,0
2YNOY.B,D,20250129,000000,4.008,4.008,3.998,3.998,0,0
2YNOY.B,D,20250130,000000,3.998,3.998,3.998,3.998,0,0
2YNOY.B,D,20250131,000000,3.973,3.994,3.973,3.994,0,0
2YNOY.B,D,20250203,000000,3.994,3.994,3.96,3.96,0,0
2YNOY.B,D,20250204,000000,3.956,3.956,3.956,3.956,0,0
2YNOY.B,D,20250205,000000,3.942,3.942,3.942,3.942,0,0
2YNOY.B,D,20250206,000000,3.941,3.941,3.941,3.941,0,0
2YNOY.B,D,20250207,000000,3.927,3.927,3.927,3.927,0,0
2YNOY.B,D,20250210,000000,3.927,4.017,3.927,4.017,0,0
2YNOY.B,D,20250211,000000,4.003,4.003,4.003,4.003,0,0
2YNOY.B,D,20250212,000000,3.758,3.758,3.758,3.758,0,0
2YNOY.B,D,20250213,000000,3.796,3.796,3.796,3.796,0,0
2YNOY.B,D,20250214,000000,3.788,3.788,3.788,3.788,0,0
2YNOY.B,D,20250217,000000,3.788,3.788,3.747,3.747,0,0
2YNOY.B,D,20250218,000000,3.755,3.755,3.755,3.755,0,0
2YNOY.B,D,20250219,000000,3.736,3.736,3.736,3.736,0,0
2YNOY.B,D,20250220,000000,3.76,3.76,3.76,3.76,0,0
2YNOY.B,D,20250221,000000,3.752,3.752,3.752,3.752,0,0
2YNOY.B,D,20250224,000000,3.752,3.766,3.752,3.766,0,0
2YNOY.B,D,20250225,000000,3.746,3.746,3.697,3.697,0,0
2YNOY.B,D,20250226,000000,3.661,3.661,3.644,3.644,0,0
2YNOY.B,D,20250227,000000,3.647,3.647,3.647,3.647,0,0
2YNOY.B,D,20250228,000000,3.605,3.616,3.605,3.616,0,0
2YNOY.B,D,20250303,000000,3.616,3.63,3.616,3.63,0,0
2YNOY.B,D,20250304,000000,3.566,3.566,3.566,3.566,0,0
2YNOY.B,D,20250305,000000,3.635,3.635,3.635,3.635,0,0
2YNOY.B,D,20250306,000000,3.721,3.721,3.721,3.721,0,0
2YNOY.B,D,20250307,000000,3.723,3.723,3.707,3.707,0,0
2YNOY.B,D,20250310,000000,3.707,3.707,3.707,3.707,0,0
2YNOY.B,D,20250311,000000,3.903,3.903,3.903,3.903,0,0
2YNOY.B,D,20250312,000000,3.861,3.861,3.861,3.861,0,0
2YNOY.B,D,20250313,000000,3.887,3.887,3.887,3.887,0,0
2YNOY.B,D,20250314,000000,3.907,3.907,3.907,3.907,0,0
2YNOY.B,D,20250317,000000,3.907,3.907,3.87,3.87,0,0
2YNOY.B,D,20250318,000000,3.873,3.873,3.873,3.873,0,0
2YNOY.B,D,20250319,000000,3.831,3.831,3.831,3.831,0,0
2YNOY.B,D,20250320,000000,3.805,3.862,3.805,3.862,0,0
2YNOY.B,D,20250321,000000,3.848,3.848,3.848,3.848,0,0
2YNOY.B,D,20250324,000000,3.848,3.874,3.848,3.874,0,0
2YNOY.B,D,20250325,000000,3.911,3.929,3.911,3.929,0,0
2YNOY.B,D,20250326,000000,3.914,3.914,3.914,3.914,0,0
2YNOY.B,D,20250327,000000,3.849,3.849,3.849,3.849,0,0
2YNOY.B,D,20250328,000000,3.811,3.811,3.811,3.811,0,0
2YNOY.B,D,20250331,000000,3.811,3.832,3.797,3.832,0,0
2YNOY.B,D,20250401,000000,3.829,3.829,3.823,3.823,0,0
2YNOY.B,D,20250402,000000,3.832,3.843,3.832,3.843,0,0
2YNOY.B,D,20250403,000000,3.794,3.823,3.794,3.823,0,0
2YNOY.B,D,20250404,000000,3.692,3.692,3.692,3.692,0,0
2YNOY.B,D,20250407,000000,3.692,3.692,3.573,3.62,0,0
2YNOY.B,D,20250408,000000,3.582,3.657,3.582,3.657,0,0
2YNOY.B,D,20250409,000000,3.596,3.596,3.596,3.596,0,0
2YNOY.B,D,20250410,000000,3.75,3.75,3.75,3.75,0,0
2YNOY.B,D,20250411,000000,3.718,3.718,3.683,3.683,0,0
2YNOY.B,D,20250414,000000,3.683,3.683,3.668,3.68,0,0
2YNOY.B,D,20250415,000000,3.671,3.671,3.665,3.665,0,0
2YNOY.B,D,20250416,000000,3.656,3.667,3.656,3.667,0,0
2YNOY.B,D,20250422,000000,3.59,3.596,3.59,3.596,0,0
2YNOY.B,D,20250423,000000,3.611,3.617,3.611,3.617,0,0
2YNOY.B,D,20250424,000000,3.613,3.613,3.595,3.595,0,0
2YNOY.B,D,20250425,000000,3.616,3.652,3.616,3.652,0,0
2YNOY.B,D,20250428,000000,3.652,3.672,3.652,3.672,0,0
2YNOY.B,D,20250429,000000,3.654,3.654,3.642,3.642,0,0
2YNOY.B,D,20250430,000000,3.627,3.627,3.627,3.627,0,0
2YNOY.B,D,20250502,000000,3.627,3.627,3.611,3.611,0,0
2YNOY.B,D,20250505,000000,3.611,3.626,3.611,3.626,0,0
2YNOY.B,D,20250506,000000,3.641,3.641,3.629,3.629,0,0
2YNOY.B,D,20250507,000000,3.626,3.644,3.626,3.644,0,0
2YNOY.B,D,20250508,000000,3.671,3.671,3.671,3.671,0,0
2YNOY.B,D,20250509,000000,3.68,3.68,3.655,3.655,0,0
2YNOY.B,D,20250512,000000,3.655,3.744,3.655,3.744,0,0
2YNOY.B,D,20250513,000000,3.765,3.765,3.765,3.765,0,0
2YNOY.B,D,20250514,000000,3.768,3.787,3.768,3.787,0,0
2YNOY.B,D,20250515,000000,3.802,3.802,3.772,3.772,0,0
2YNOY.B,D,20250516,000000,3.762,3.787,3.762,3.787,0,0
2YNOY.B,D,20250519,000000,3.787,3.815,3.787,3.815,0,0
2YNOY.B,D,20250520,000000,3.818,3.818,3.793,3.793,0,0
2YNOY.B,D,20250521,000000,3.79,3.809,3.79,3.809,0,0
2YNOY.B,D,20250522,000000,3.8,3.8,3.8,3.8,0,0
2YNOY.B,D,20250523,000000,3.791,3.791,3.741,3.741,0,0
2YNOY.B,D,20250526,000000,3.741,3.756,3.741,3.744,0,0
2YNOY.B,D,20250527,000000,3.722,3.722,3.716,3.716,0,0
2YNOY.B,D,20250528,000000,3.713,3.713,3.713,3.713,0,0
2YNOY.B,D,20250530,000000,3.7,3.719,3.7,3.719,0,0
2YNOY.B,D,20250602,000000,3.719,3.766,3.719,3.766,0,0
2YNOY.B,D,20250603,000000,3.775,3.794,3.775,3.794,0,0
2YNOY.B,D,20250604,000000,3.791,3.798,3.791,3.798,0,0
2YNOY.B,D,20250605,000000,3.776,3.839,3.776,3.839,0,0
2YNOY.B,D,20250606,000000,3.868,3.875,3.868,3.875,0,0
2YNOY.B,D,20250610,000000,3.837,3.837,3.837,3.837,0,0
2YNOY.B,D,20250611,000000,3.827,3.827,3.821,3.821,0,0
2YNOY.B,D,20250612,000000,3.792,3.792,3.779,3.779,0,0
2YNOY.B,D,20250613,000000,3.795,3.828,3.795,3.828,0,0
2YNOY.B,D,20250616,000000,3.828,3.863,3.828,3.85,0,0
2YNOY.B,D,20250617,000000,3.847,3.847,3.809,3.809,0,0
2YNOY.B,D,20250618,000000,3.812,3.812,3.792,3.792,0,0
2YNOY.B,D,20250619,000000,3.802,3.802,3.588,3.588,0,0
2YNOY.B,D,20250620,000000,3.578,3.578,3.565,3.565,0,0
2YNOY.B,D,20250623,000000,3.565,3.601,3.565,3.601,0,0
2YNOY.B,D,20250624,000000,3.578,3.578,3.578,3.578,0,0
2YNOY.B,D,20250625,000000,3.548,3.548,3.548,3.548,0,0
2YNOY.B,D,20250626,000000,3.511,3.524,3.511,3.524,0,0
2YNOY.B,D,20250627,000000,3.534,3.534,3.527,3.527,0,0
2YNOY.B,D,20250630,000000,3.527,3.527,3.511,3.511,0,0
2YNOY.B,D,20250701,000000,3.5,3.5,3.494,3.494,0,0
2YNOY.B,D,20250702,000000,3.497,3.51,3.497,3.51,0,0
2YNOY.B,D,20250703,000000,3.499,3.506,3.499,3.506,0,0
2YNOY.B,D,20250704,000000,3.475,3.489,3.475,3.489,0,0
2YNOY.B,D,20250707,000000,3.489,3.531,3.485,3.531,0,0
2YNOY.B,D,20250708,000000,3.548,3.554,3.548,3.554,0,0
2YNOY.B,D,20250709,000000,3.551,3.584,3.551,3.584,0,0
2YNOY.B,D,20250710,000000,3.546,3.546,3.54,3.54,0,0
2YNOY.B,D,20250711,000000,3.55,3.55,3.55,3.55,0,0
2YNOY.B,D,20250714,000000,3.556,3.556,3.519,3.539,0,0
2YNOY.B,D,20250715,000000,3.529,3.529,3.515,3.515,0,0
2YNOY.B,D,20250716,000000,3.552,3.552,3.539,3.539,0,0
2YNOY.B,D,20250717,000000,3.548,3.575,3.548,3.575,0,0
2YNOY.B,D,20250718,000000,3.585,3.585,3.585,3.585,0,0
2YNOY.B,D,20250721,000000,3.585,3.588,3.581,3.588,0,0
2YNOY.B,D,20250722,000000,3.591,3.591,3.591,3.591,0,0
2YNOY.B,D,20250723,000000,3.594,3.594,3.574,3.574,0,0
2YNOY.B,D,20250724,000000,3.59,3.59,3.563,3.563,0,0
2YNOY.B,D,20250725,000000,3.607,3.607,3.6,3.6,0,0
2YNOY.B,D,20250728,000000,3.6,3.6,3.59,3.59,0,0
2YNOY.B,D,20250729,000000,3.586,3.586,3.586,3.586,0,0
2YNOY.B,D,20250730,000000,3.589,3.6,3.589,3.6,0,0
2YNOY.B,D,20250731,000000,3.578,3.585,3.578,3.585,0,0
2YNOY.B,D,20250801,000000,3.575,3.575,3.526,3.526,0,0
2YNOY.B,D,20250804,000000,3.526,3.526,3.508,3.508,0,0
2YNOY.B,D,20250805,000000,3.511,3.518,3.511,3.518,0,0
2YNOY.B,D,20250806,000000,3.535,3.535,3.508,3.508,0,0
2YNOY.B,D,20250807,000000,3.517,3.517,3.517,3.517,0,0
2YNOY.B,D,20250808,000000,3.534,3.534,3.513,3.513,0,0
2YNOY.B,D,20250811,000000,3.513,3.523,3.513,3.523,0,0
2YNOY.B,D,20250812,000000,3.541,3.541,3.519,3.519,0,0
2YNOY.B,D,20250813,000000,3.509,3.509,3.487,3.487,0,0
2YNOY.B,D,20250814,000000,3.476,3.511,3.476,3.511,0,0
2YNOY.B,D,20250815,000000,3.507,3.514,3.507,3.514,0,0
2YNOY.B,D,20250818,000000,3.514,3.525,3.51,3.525,0,0
2YNOY.B,D,20250819,000000,3.528,3.528,3.525,3.525,0,0
2YNOY.B,D,20250820,000000,3.56,3.56,3.553,3.553,0,0
2YNOY.B,D,20250821,000000,3.606,3.606,3.584,3.584,0,0
2YNOY.B,D,20250822,000000,3.609,3.609,3.609,3.609,0,0
2YNOY.B,D,20250825,000000,3.609,3.62,3.609,3.62,0,0
2YNOY.B,D,20250826,000000,3.616,3.63,3.616,3.63,0,0
2YNOY.B,D,20250827,000000,3.67,3.67,3.634,3.634,0,0
2YNOY.B,D,20250828,000000,3.63,3.63,3.63,3.63,0,0
2YNOY.B,D,20250829,000000,3.626,3.626,3.626,3.626,0,0
2YNOY.B,D,20250901,000000,3.626,3.644,3.626,3.637,0,0
2YNOY.B,D,20250902,000000,3.581,3.64,3.581,3.64,0,0
2YNOY.B,D,20250903,000000,3.659,3.659,3.651,3.651,0,0
2YNOY.B,D,20250904,000000,3.64,3.64,3.64,3.64,0,0
2YNOY.B,D,20250905,000000,3.644,3.644,3.614,3.614,0,0
2YNOY.B,D,20250908,000000,3.614,3.617,3.595,3.595,0,0
2YNOY.B,D,20250909,000000,3.591,3.591,3.591,3.591,0,0
2YNOY.B,D,20250910,000000,3.639,3.639,3.639,3.639,0,0
2YNOY.B,D,20250911,000000,3.68,3.695,3.68,3.695,0,0
2YNOY.B,D,20250912,000000,3.707,3.752,3.707,3.752,0,0
2YNOY.B,D,20250915,000000,3.752,3.755,3.752,3.755,0,0
2YNOY.B,D,20250916,000000,3.729,3.729,3.729,3.729,0,0
2YNOY.B,D,20250917,000000,3.748,3.748,3.725,3.725,0,0
2YNOY.B,D,20250918,000000,3.752,3.828,3.752,3.828,0,0
2YNOY.B,D,20250919,000000,3.817,3.817,3.817,3.817,0,0
2YNOY.B,D,20250922,000000,3.832,3.836,3.832,3.836,0,0
2YNOY.B,D,20250923,000000,3.802,3.802,3.787,3.787,0,0
2YNOY.B,D,20250924,000000,3.791,3.791,3.791,3.791,0,0
2YNOY.B,D,20250925,000000,3.772,3.788,3.772,3.788,0,0
2YNOY.B,D,20250926,000000,3.792,3.792,3.792,3.792,0,0
2YNOY.B,D,20250929,000000,3.792,3.827,3.792,3.827,0,0
2YNOY.B,D,20250930,000000,3.8,3.823,3.8,3.823,0,0
2YNOY.B,D,20251001,000000,3.827,3.827,3.827,3.827,0,0
2YNOY.B,D,20251002,000000,3.808,3.808,3.808,3.808,0,0
2YNOY.B,D,20251003,000000,3.82,3.82,3.82,3.82,0,0
2YNOY.B,D,20251006,000000,3.82,3.848,3.82,3.832,0,0
2YNOY.B,D,20251007,000000,3.844,3.844,3.837,3.837,0,0
2YNOY.B,D,20251008,000000,3.817,3.825,3.817,3.825,0,0
2YNOY.B,D,20251009,000000,3.846,3.846,3.846,3.846,0,0
2YNOY.B,D,20251010,000000,3.818,3.818,3.802,3.802,0,0
2YNOY.B,D,20251013,000000,3.802,3.83,3.802,3.83,0,0
2YNOY.B,D,20251014,000000,3.811,3.843,3.811,3.843,0,0
2YNOY.B,D,20251015,000000,3.823,3.823,3.823,3.823,0,0
2YNOY.B,D,20251016,000000,3.836,3.836,3.836,3.836,0,0
2YNOY.B,D,20251017,000000,3.816,3.848,3.816,3.848,0,0
2YNOY.B,D,20251020,000000,3.848,3.848,3.836,3.836,0,0
2YNOY.B,D,20251021,000000,3.833,3.833,3.833,3.833,0,0
2YNOY.B,D,20251022,000000,3.829,3.837,3.829,3.837,0,0
2YNOY.B,D,20251023,000000,3.834,3.834,3.826,3.826,0,0
2YNOY.B,D,20251024,000000,3.846,3.846,3.846,3.846,0,0
2YNOY.B,D,20251027,000000,3.846,3.851,3.846,3.851,0,0
2YNOY.B,D,20251028,000000,3.851,3.863,3.851,3.863,0,0
2YNOY.B,D,20251029,000000,3.863,3.863,3.86,3.86,0,0
2YNOY.B,D,20251030,000000,3.86,3.873,3.86,3.873,0,0
2YNOY.B,D,20251031,000000,3.873,3.878,3.869,3.869,0,0
2YNOY.B,D,20251103,000000,3.869,3.869,3.841,3.841,0,0
2YNOY.B,D,20251104,000000,3.841,3.853,3.841,3.853,0,0
2YNOY.B,D,20251105,000000,3.853,3.853,3.85,3.85,0,0
2YNOY.B,D,20251106,000000,3.838,3.838,3.838,3.838,0,0
2YNOY.B,D,20251107,000000,3.851,3.851,3.851,3.851,0,0
2YNOY.B,D,20251110,000000,3.851,3.957,3.851,3.923,0,0
2YNOY.B,D,20251111,000000,3.923,3.928,3.923,3.928,0,0
2YNOY.B,D,20251112,000000,3.933,3.933,3.933,3.933,0,0
2YNOY.B,D,20251113,000000,3.879,3.879,3.879,3.879,0,0
2YNOY.B,D,20251114,000000,3.943,3.943,3.943,3.943,0,0
2YNOY.B,D,20251117,000000,3.943,3.943,3.931,3.931,0,0
2YNOY.B,D,20251118,000000,3.931,3.931,3.927,3.927,0,0
2YNOY.B,D,20251119,000000,3.915,3.915,3.915,3.915,0,0
2YNOY.B,D,20251120,000000,3.912,3.912,3.912,3.912,0,0
2YNOY.B,D,20251121,000000,3.912,3.917,3.912,3.917,0,0
2YNOY.B,D,20251124,000000,3.917,3.917,3.887,3.887,0,0
2YNOY.B,D,20251125,000000,3.892,3.892,3.892,3.892,0,0
2YNOY.B,D,20251126,000000,3.879,3.879,3.879,3.879,0,0
2YNOY.B,D,20251127,000000,3.879,3.903,3.879,3.903,0,0
2YNOY.B,D,20251128,000000,3.903,3.925,3.903,3.925,0,0
2YNOY.B,D,20251201,000000,3.925,3.93,3.925,3.93,0,0
2YNOY.B,D,20251202,000000,3.93,3.971,3.93,3.971,0,0
2YNOY.B,D,20251203,000000,3.971,3.993,3.971,3.993,0,0
2YNOY.B,D,20251204,000000,3.982,3.982,3.982,3.982,0,0
2YNOY.B,D,20251205,000000,3.978,3.978,3.978,3.978,0,0
2YNOY.B,D,20251208,000000,3.978,3.993,3.978,3.993,0,0
2YNOY.B,D,20251209,000000,4.016,4.025,4.016,4.025,0,0
2YNOY.B,D,20251210,000000,3.994,4.048,3.994,4.048,0,0
2YNOY.B,D,20251211,000000,4.028,4.028,4.028,4.028,0,0
2YNOY.B,D,20251212,000000,3.997,3.997,3.997,3.997,0,0
2YNOY.B,D,20251215,000000,3.997,3.997,3.984,3.984,0,0
2YNOY.B,D,20251216,000000,3.962,3.971,3.962,3.971,0,0
2YNOY.B,D,20251217,000000,3.971,3.971,3.958,3.958,0,0
2YNOY.B,D,20251218,000000,3.946,3.946,3.946,3.946,0,0
2YNOY.B,D,20251219,000000,3.961,3.979,3.961,3.979,0,0
2YNOY.B,D,20251222,000000,3.979,3.979,3.938,3.966,0,0
2YNOY.B,D,20251223,000000,3.965,3.965,3.946,3.946,0,0
2YNOY.B,D,20251225,000000,3.946,3.946,3.946,3.946,0,0
2YNOY.B,D,20251226,000000,3.946,3.946,3.946,3.946,0,0
2YNOY.B,D,20251229,000000,3.946,3.957,3.946,3.957,0,0
2YNOY.B,D,20251230,000000,3.93,3.93,3.93,3.93,0,0
2YNOY.B,D,20260101,000000,3.93,3.93,3.93,3.93,0,0
2YNOY.B,D,20260102,000000,3.93,3.961,3.93,3.961,0,0
2YNOY.B,D,20260105,000000,3.961,3.967,3.957,3.967,0,0
2YNOY.B,D,20260106,000000,3.953,3.953,3.953,3.953,0,0
2YNOY.B,D,20260107,000000,3.953,3.968,3.953,3.968,0,0
2YNOY.B,D,20260108,000000,3.968,3.968,3.966,3.966,0,0
2YNOY.B,D,20260109,000000,3.966,3.991,3.966,3.991,0,0
2YNOY.B,D,20260112,000000,3.991,3.991,3.967,3.967,0,0
2YNOY.B,D,20260113,000000,3.973,3.973,3.973,3.973,0,0
2YNOY.B,D,20260114,000000,3.969,3.988,3.969,3.988,0,0
2YNOY.B,D,20260115,000000,3.976,3.976,3.976,3.976,0,0
2YNOY.B,D,20260116,000000,3.972,3.972,3.972,3.972,0,0
2YNOY.B,D,20260119,000000,3.972,3.972,3.958,3.958,0,0
2YNOY.B,D,20260120,000000,3.983,3.983,3.974,3.974,0,0
2YNOY.B,D,20260121,000000,3.959,3.959,3.959,3.959,0,0
2YNOY.B,D,20260122,000000,3.957,3.957,3.957,3.957,0,0
2YNOY.B,D,20260123,000000,3.973,3.983,3.973,3.983,0,0
2YNOY.B,D,20260126,000000,3.983,3.983,3.958,3.958,0,0
2YNOY.B,D,20260127,000000,3.994,3.994,3.994,3.994,0,0
2YNOY.B,D,20260128,000000,3.97,3.97,3.97,3.97,0,0
2YNOY.B,D,20260129,000000,3.927,3.927,3.927,3.927,0,0
2YNOY.B,D,20260130,000000,3.932,3.932,3.932,3.932,0,0
2YNOY.B,D,20260202,000000,3.932,3.949,3.932,3.949,0,0
2YNOY.B,D,20260203,000000,3.949,3.965,3.949,3.965,0,0
2YNOY.B,D,20260204,000000,3.891,3.891,3.891,3.891,0,0
2YNOY.B,D,20260205,000000,3.874,3.874,3.874,3.874,0,0
2YNOY.B,D,20260206,000000,3.856,3.856,3.856,3.856,0,0
2YNOY.B,D,20260209,000000,3.856,3.898,3.856,3.898,0,0
2YNOY.B,D,20260210,000000,4.12,4.12,4.12,4.12,0,0
