<TICKER>,<PER>,<DATE>,<TIME>,<OPEN>,<HIGH>,<LOW>,<CLOSE>,<VOL>,<OPENINT>
2YUSP.B,D,20240321,000000,100.083984,100.083984,99.984375,99.984375,0,0
2YUSP.B,D,20240322,000000,100.033203,100.060547,100.033203,100.060547,0,0
2YUSP.B,D,20240325,000000,100.060547,100.060547,99.9746095,99.9746095,0,0
2YUSP.B,D,20240326,000000,99.826172,99.826172,99.783203,99.783203,0,0
2YUSP.B,D,20240327,000000,99.810547,99.875,99.810547,99.875,0,0
2YUSP.B,D,20240328,000000,99.751953,99.751953,99.751953,99.751953,0,0
2YUSP.B,D,20240401,000000,99.767578,99.820313,99.591797,99.591797,0,0
2YUSP.B,D,20240402,000000,99.591797,99.6308595,99.591797,99.6308595,0,0
2YUSP.B,D,20240403,000000,99.601563,99.611328,99.601563,99.611328,0,0
2YUSP.B,D,20240404,000000,99.642578,99.673828,99.642578,99.673828,0,0
2YUSP.B,D,20240405,000000,99.7246095,99.7246095,99.6308595,99.6308595,0,0
2YUSP.B,D,20240408,000000,99.6308595,99.6308595,99.480469,99.480469,0,0
2YUSP.B,D,20240409,000000,99.480469,99.554687,99.480469,99.554687,0,0
2YUSP.B,D,20240410,000000,99.546875,99.546875,99.199219,99.199219,0,0
2YUSP.B,D,20240411,000000,99.1308595,99.166016,99.1308595,99.166016,0,0
2YUSP.B,D,20240412,000000,99.230469,99.230469,99.230469,99.230469,0,0
2YUSP.B,D,20240415,000000,99.230469,99.230469,99.121094,99.121094,0,0
2YUSP.B,D,20240416,000000,99.185547,99.185547,99.1503905,99.1503905,0,0
2YUSP.B,D,20240417,000000,99.144531,99.15625,99.144531,99.15625,0,0
2YUSP.B,D,20240418,000000,99.216797,99.216797,99.1191405,99.1191405,0,0
2YUSP.B,D,20240419,000000,99.140625,99.140625,99.107422,99.107422,0,0
2YUSP.B,D,20240422,000000,99.107422,99.140625,99.103516,99.140625,0,0
2YUSP.B,D,20240423,000000,99.125,99.201172,99.125,99.201172,0,0
2YUSP.B,D,20240424,000000,99.876953,99.884766,99.876953,99.884766,0,0
2YUSP.B,D,20240425,000000,99.904297,99.904297,99.763672,99.763672,0,0
2YUSP.B,D,20240426,000000,99.796875,99.796875,99.794922,99.794922,0,0
2YUSP.B,D,20240429,000000,99.794922,99.814453,99.794922,99.814453,0,0
2YUSP.B,D,20240430,000000,99.800781,99.800781,99.740234,99.740234,0,0
2YUSP.B,D,20240501,000000,99.705078,99.705078,99.705078,99.705078,0,0
2YUSP.B,D,20240502,000000,99.705078,99.939453,99.705078,99.939453,0,0
2YUSP.B,D,20240503,000000,99.9746095,100.144531,99.9746095,100.144531,0,0
2YUSP.B,D,20240506,000000,100.144531,100.144531,100.103516,100.103516,0,0
2YUSP.B,D,20240507,000000,100.130859,100.130859,100.125,100.125,0,0
2YUSP.B,D,20240508,000000,100.070313,100.083984,100.070313,100.083984,0,0
2YUSP.B,D,20240509,000000,100.037109,100.097656,100.037109,100.097656,0,0
2YUSP.B,D,20240510,000000,100.107422,100.107422,100.054687,100.054687,0,0
2YUSP.B,D,20240513,000000,100.054687,100.066406,100.037109,100.066406,0,0
2YUSP.B,D,20240514,000000,100.058594,100.095703,100.058594,100.095703,0,0
2YUSP.B,D,20240515,000000,100.130859,100.203125,100.130859,100.203125,0,0
2YUSP.B,D,20240516,000000,100.203125,100.269531,100.177734,100.177734,0,0
2YUSP.B,D,20240517,000000,100.169922,100.169922,100.140625,100.140625,0,0
2YUSP.B,D,20240520,000000,100.140625,100.140625,100.078125,100.078125,0,0
2YUSP.B,D,20240521,000000,100.078125,100.091797,100.070313,100.091797,0,0
2YUSP.B,D,20240522,000000,100.023437,100.023437,100.017578,100.017578,0,0
2YUSP.B,D,20240523,000000,99.984375,99.984375,99.855469,99.855469,0,0
2YUSP.B,D,20240524,000000,99.910156,99.910156,99.878906,99.878906,0,0
2YUSP.B,D,20240528,000000,99.902344,99.917969,99.902344,99.917969,0,0
2YUSP.B,D,20240529,000000,99.855469,99.855469,99.841797,99.841797,0,0
2YUSP.B,D,20240530,000000,99.835937,99.8808595,99.835937,99.8808595,0,0
2YUSP.B,D,20240531,000000,99.871094,99.982422,99.871094,99.982422,0,0
2YUSP.B,D,20240603,000000,99.982422,100.103516,99.982422,100.103516,0,0
2YUSP.B,D,20240604,000000,100.128906,100.191406,100.128906,100.191406,0,0
2YUSP.B,D,20240605,000000,100.152344,100.175781,100.152344,100.175781,0,0
2YUSP.B,D,20240606,000000,100.234375,100.265625,100.234375,100.265625,0,0
2YUSP.B,D,20240607,000000,100.24414,100.24414,100.037109,100.037109,0,0
2YUSP.B,D,20240610,000000,100.037109,100.037109,99.970703,99.992187,0,0
2YUSP.B,D,20240611,000000,100.009766,100.044922,100.009766,100.044922,0,0
2YUSP.B,D,20240612,000000,100.064453,100.378906,100.064453,100.378906,0,0
2YUSP.B,D,20240613,000000,100.197266,100.296875,100.197266,100.296875,0,0
2YUSP.B,D,20240614,000000,100.330078,100.355469,100.330078,100.355469,0,0
2YUSP.B,D,20240617,000000,100.355469,100.355469,100.238281,100.238281,0,0
2YUSP.B,D,20240618,000000,100.1875,100.302734,100.1875,100.302734,0,0
2YUSP.B,D,20240620,000000,100.251953,100.251953,100.246094,100.246094,0,0
2YUSP.B,D,20240621,000000,100.296875,100.296875,100.242187,100.242187,0,0
2YUSP.B,D,20240624,000000,100.242187,100.261719,100.242187,100.261719,0,0
2YUSP.B,D,20240625,000000,100.25,100.25,100.222656,100.222656,0,0
2YUSP.B,D,20240626,000000,99.802734,99.802734,99.802734,99.802734,0,0
2YUSP.B,D,20240627,000000,99.751953,99.835937,99.751953,99.835937,0,0
2YUSP.B,D,20240628,000000,99.824219,99.839844,99.824219,99.839844,0,0
2YUSP.B,D,20240701,000000,99.839844,99.839844,99.714844,99.714844,0,0
2YUSP.B,D,20240702,000000,99.753906,99.832031,99.753906,99.832031,0,0
2YUSP.B,D,20240703,000000,99.761719,99.90625,99.761719,99.90625,0,0
2YUSP.B,D,20240705,000000,99.878906,99.996094,99.878906,99.996094,0,0
2YUSP.B,D,20240708,000000,99.996094,100.011719,99.988281,99.998047,0,0
2YUSP.B,D,20240709,000000,99.998047,99.998047,99.986328,99.996094,0,0
2YUSP.B,D,20240710,000000,99.9941405,100.011719,99.9941405,100.011719,0,0
2YUSP.B,D,20240711,000000,99.982422,100.210937,99.982422,100.210937,0,0
2YUSP.B,D,20240712,000000,100.205078,100.265625,100.205078,100.265625,0,0
2YUSP.B,D,20240715,000000,100.265625,100.333984,100.265625,100.310547,0,0
2YUSP.B,D,20240716,000000,100.36914,100.36914,100.304687,100.304687,0,0
2YUSP.B,D,20240717,000000,100.318359,100.318359,100.294922,100.294922,0,0
2YUSP.B,D,20240718,000000,100.30664,100.30664,100.30664,100.30664,0,0
2YUSP.B,D,20240719,000000,100.253906,100.253906,100.232422,100.232422,0,0
2YUSP.B,D,20240722,000000,100.232422,100.232422,100.195313,100.195313,0,0
2YUSP.B,D,20240723,000000,100.208984,100.224609,100.208984,100.224609,0,0
2YUSP.B,D,20240724,000000,99.890625,99.947266,99.890625,99.947266,0,0
2YUSP.B,D,20240725,000000,100.033203,100.033203,99.953125,99.953125,0,0
2YUSP.B,D,20240726,000000,99.898437,99.982422,99.898437,99.982422,0,0
2YUSP.B,D,20240729,000000,99.982422,100.007813,99.960937,99.960937,0,0
2YUSP.B,D,20240730,000000,99.960937,99.996094,99.960937,99.996094,0,0
2YUSP.B,D,20240731,000000,100.037109,100.037109,100.023437,100.023437,0,0
2YUSP.B,D,20240801,000000,100.152344,100.152344,100.152344,100.152344,0,0
2YUSP.B,D,20240802,000000,100.429687,100.892578,100.429687,100.892578,0,0
2YUSP.B,D,20240805,000000,100.892578,101.058594,100.892578,100.927734,0,0
2YUSP.B,D,20240806,000000,100.738281,100.738281,100.736328,100.736328,0,0
2YUSP.B,D,20240807,000000,100.669922,100.671875,100.669922,100.671875,0,0
2YUSP.B,D,20240808,000000,100.828125,100.828125,100.576172,100.576172,0,0
2YUSP.B,D,20240809,000000,100.638672,100.65039,100.638672,100.65039,0,0
2YUSP.B,D,20240812,000000,100.65039,100.65039,100.65039,100.65039,0,0
2YUSP.B,D,20240813,000000,100.679687,100.755859,100.679687,100.755859,0,0
2YUSP.B,D,20240814,000000,100.800781,100.826172,100.800781,100.826172,0,0
2YUSP.B,D,20240815,000000,100.773437,100.773437,100.519531,100.519531,0,0
2YUSP.B,D,20240816,000000,100.527344,100.527344,100.527344,100.527344,0,0
2YUSP.B,D,20240819,000000,100.527344,100.617187,100.527344,100.580078,0,0
2YUSP.B,D,20240820,000000,100.597656,100.640625,100.597656,100.640625,0,0
2YUSP.B,D,20240821,000000,100.6875,100.693359,100.6875,100.693359,0,0
2YUSP.B,D,20240822,000000,100.818359,100.818359,100.691406,100.691406,0,0
2YUSP.B,D,20240823,000000,100.673828,100.818359,100.673828,100.818359,0,0
2YUSP.B,D,20240826,000000,100.818359,100.90039,100.818359,100.824219,0,0
2YUSP.B,D,20240827,000000,100.800781,100.800781,100.769531,100.769531,0,0
2YUSP.B,D,20240828,000000,99.792969,99.792969,99.791016,99.791016,0,0
2YUSP.B,D,20240829,000000,99.789063,99.789063,99.730469,99.730469,0,0
2YUSP.B,D,20240830,000000,99.720703,99.720703,99.683594,99.683594,0,0
2YUSP.B,D,20240903,000000,99.652344,99.652344,99.652344,99.652344,0,0
2YUSP.B,D,20240904,000000,99.8378905,99.851563,99.8378905,99.851563,0,0
2YUSP.B,D,20240905,000000,99.964844,100.003906,99.964844,100.003906,0,0
2YUSP.B,D,20240906,000000,100.072266,100.072266,100.011719,100.011719,0,0
2YUSP.B,D,20240909,000000,100.011719,100.11914,100.011719,100.11914,0,0
2YUSP.B,D,20240910,000000,100.109375,100.109375,100.109375,100.109375,0,0
2YUSP.B,D,20240911,000000,100.359375,100.359375,100.246094,100.246094,0,0
2YUSP.B,D,20240912,000000,100.144531,100.183594,100.144531,100.183594,0,0
2YUSP.B,D,20240913,000000,100.310547,100.310547,100.296875,100.296875,0,0
2YUSP.B,D,20240916,000000,100.296875,100.355469,100.296875,100.335937,0,0
2YUSP.B,D,20240917,000000,100.371094,100.371094,100.261719,100.261719,0,0
2YUSP.B,D,20240918,000000,100.257813,100.257813,100.203125,100.203125,0,0
2YUSP.B,D,20240919,000000,100.304687,100.304687,100.265625,100.265625,0,0
2YUSP.B,D,20240920,000000,100.322266,100.322266,100.255859,100.255859,0,0
2YUSP.B,D,20240923,000000,100.255859,100.326172,100.255859,100.326172,0,0
2YUSP.B,D,20240924,000000,100.304687,100.304687,100.304687,100.304687,0,0
2YUSP.B,D,20240925,000000,99.958984,99.958984,99.896484,99.896484,0,0
2YUSP.B,D,20240926,000000,99.8808595,99.8808595,99.8808595,99.8808595,0,0
2YUSP.B,D,20240927,000000,99.794922,99.8378905,99.794922,99.8378905,0,0
2YUSP.B,D,20240930,000000,99.8378905,99.845703,99.810547,99.810547,0,0
2YUSP.B,D,20241001,000000,99.761719,99.839844,99.761719,99.839844,0,0
2YUSP.B,D,20241002,000000,99.773437,99.773437,99.71875,99.71875,0,0
2YUSP.B,D,20241003,000000,99.710937,99.710937,99.710937,99.710937,0,0
2YUSP.B,D,20241004,000000,99.625,99.625,99.625,99.625,0,0
2YUSP.B,D,20241007,000000,99.625,99.625,99.089844,99.089844,0,0
2YUSP.B,D,20241008,000000,99.132813,99.132813,99.121094,99.121094,0,0
2YUSP.B,D,20241009,000000,99.146484,99.146484,99.074219,99.074219,0,0
2YUSP.B,D,20241010,000000,99.023437,99.1308595,99.023437,99.1308595,0,0
2YUSP.B,D,20241011,000000,99.0996095,99.0996095,99.0996095,99.0996095,0,0
2YUSP.B,D,20241014,000000,99.0996095,99.144531,99.0996095,99.144531,0,0
2YUSP.B,D,20241015,000000,99.144531,99.144531,99.144531,99.144531,0,0
2YUSP.B,D,20241016,000000,99.1875,99.207031,99.1875,99.207031,0,0
2YUSP.B,D,20241017,000000,99.152344,99.152344,99.152344,99.152344,0,0
2YUSP.B,D,20241018,000000,99.109375,99.109375,99.109375,99.109375,0,0
2YUSP.B,D,20241021,000000,99.109375,99.136719,99.109375,99.136719,0,0
2YUSP.B,D,20241022,000000,98.986328,98.986328,98.986328,98.986328,0,0
2YUSP.B,D,20241023,000000,98.986328,98.986328,98.986328,98.986328,0,0
2YUSP.B,D,20241024,000000,98.984375,98.992187,98.984375,98.992187,0,0
2YUSP.B,D,20241025,000000,98.9746095,98.9746095,98.9746095,98.9746095,0,0
2YUSP.B,D,20241028,000000,98.9746095,98.9746095,98.855469,98.855469,0,0
2YUSP.B,D,20241029,000000,99.953125,99.953125,99.953125,99.953125,0,0
2YUSP.B,D,20241030,000000,100.0625,100.0625,99.941406,99.941406,0,0
2YUSP.B,D,20241031,000000,99.941406,99.941406,99.921875,99.921875,0,0
2YUSP.B,D,20241101,000000,99.921875,99.921875,99.894531,99.919922,0,0
2YUSP.B,D,20241104,000000,99.919922,99.919922,99.914063,99.914063,0,0
2YUSP.B,D,20241105,000000,99.9121095,99.9121095,99.9121095,99.9121095,0,0
2YUSP.B,D,20241106,000000,99.9121095,99.9121095,99.7753905,99.7753905,0,0
2YUSP.B,D,20241107,000000,99.8066405,99.8066405,99.8066405,99.8066405,0,0
2YUSP.B,D,20241108,000000,99.8066405,99.910156,99.8066405,99.847656,0,0
2YUSP.B,D,20241112,000000,99.753906,99.753906,99.642578,99.642578,0,0
2YUSP.B,D,20241113,000000,99.5996095,99.5996095,99.5996095,99.5996095,0,0
2YUSP.B,D,20241114,000000,99.714844,99.714844,99.683594,99.710937,0,0
2YUSP.B,D,20241115,000000,99.621094,99.628906,99.621094,99.628906,0,0
2YUSP.B,D,20241118,000000,99.628906,99.679687,99.628906,99.679687,0,0
2YUSP.B,D,20241119,000000,99.757813,99.757813,99.751953,99.751953,0,0
2YUSP.B,D,20241120,000000,99.751953,99.751953,99.675781,99.697266,0,0
2YUSP.B,D,20241121,000000,99.677734,99.677734,99.673828,99.673828,0,0
2YUSP.B,D,20241122,000000,99.615234,99.615234,99.615234,99.615234,0,0
2YUSP.B,D,20241125,000000,99.615234,99.677734,99.589844,99.677734,0,0
2YUSP.B,D,20241126,000000,99.955078,99.955078,99.955078,99.955078,0,0
2YUSP.B,D,20241127,000000,99.955078,100.027344,99.955078,100.027344,0,0
2YUSP.B,D,20241129,000000,100.041016,100.082031,100.041016,100.082031,0,0
2YUSP.B,D,20241202,000000,100.082031,100.123047,100.054687,100.054687,0,0
2YUSP.B,D,20241203,000000,100.054687,100.126953,100.054687,100.126953,0,0
2YUSP.B,D,20241204,000000,100.128906,100.128906,100.128906,100.128906,0,0
2YUSP.B,D,20241205,000000,100.185547,100.185547,100.185547,100.185547,0,0
2YUSP.B,D,20241206,000000,100.154297,100.154297,100.154297,100.154297,0,0
2YUSP.B,D,20241209,000000,100.154297,100.261719,100.154297,100.232422,0,0
2YUSP.B,D,20241210,000000,100.222656,100.222656,100.222656,100.222656,0,0
2YUSP.B,D,20241211,000000,100.166016,100.166016,100.166016,100.166016,0,0
2YUSP.B,D,20241212,000000,100.15039,100.15039,100.15039,100.15039,0,0
2YUSP.B,D,20241213,000000,100.107422,100.107422,100.052734,100.052734,0,0
2YUSP.B,D,20241216,000000,100.052734,100.052734,100.019531,100.035156,0,0
2YUSP.B,D,20241217,000000,99.972656,100.017578,99.972656,100.017578,0,0
2YUSP.B,D,20241218,000000,100.003906,100.003906,100.003906,100.003906,0,0
2YUSP.B,D,20241219,000000,99.8691405,99.890625,99.8691405,99.890625,0,0
2YUSP.B,D,20241220,000000,99.921875,99.939453,99.921875,99.939453,0,0
2YUSP.B,D,20241223,000000,99.939453,99.939453,99.859375,99.859375,0,0
2YUSP.B,D,20241226,000000,99.859375,99.859375,99.820313,99.820313,0,0
2YUSP.B,D,20241227,000000,99.84375,99.84375,99.84375,99.84375,0,0
2YUSP.B,D,20241230,000000,99.84375,99.898437,99.84375,99.898437,0,0
2YUSP.B,D,20250102,000000,99.898437,100.042969,99.898437,100.042969,0,0
2YUSP.B,D,20250103,000000,100.021484,100.021484,100.021484,100.021484,0,0
2YUSP.B,D,20250106,000000,100.021484,100.021484,99.949219,99.949219,0,0
2YUSP.B,D,20250107,000000,99.9628905,99.9628905,99.9628905,99.9628905,0,0
2YUSP.B,D,20250108,000000,99.933594,99.933594,99.933594,99.933594,0,0
2YUSP.B,D,20250109,000000,99.945313,99.980469,99.945313,99.980469,0,0
2YUSP.B,D,20250110,000000,99.951172,99.951172,99.835937,99.835937,0,0
2YUSP.B,D,20250113,000000,99.835937,99.835937,99.683594,99.732422,0,0
2YUSP.B,D,20250114,000000,99.75,99.75,99.75,99.75,0,0
2YUSP.B,D,20250115,000000,99.794922,99.794922,99.794922,99.794922,0,0
2YUSP.B,D,20250116,000000,99.919922,99.919922,99.919922,99.919922,0,0
2YUSP.B,D,20250117,000000,100.035156,100.035156,100.035156,100.035156,0,0
2YUSP.B,D,20250121,000000,99.988281,99.988281,99.988281,99.988281,0,0
2YUSP.B,D,20250122,000000,99.955078,99.955078,99.955078,99.955078,0,0
2YUSP.B,D,20250123,000000,99.923828,99.923828,99.9003905,99.9003905,0,0
2YUSP.B,D,20250124,000000,99.9746095,99.9746095,99.9746095,99.9746095,0,0
2YUSP.B,D,20250127,000000,99.9746095,100.082031,99.9746095,100.082031,0,0
2YUSP.B,D,20250128,000000,100.082031,100.082031,99.808594,99.808594,0,0
2YUSP.B,D,20250129,000000,99.884766,99.884766,99.861328,99.861328,0,0
2YUSP.B,D,20250130,000000,99.839844,99.839844,99.839844,99.839844,0,0
2YUSP.B,D,20250131,000000,99.839844,99.855469,99.839844,99.855469,0,0
2YUSP.B,D,20250203,000000,99.855469,99.855469,99.716797,99.716797,0,0
2YUSP.B,D,20250204,000000,99.746094,99.746094,99.746094,99.746094,0,0
2YUSP.B,D,20250205,000000,99.855469,99.855469,99.855469,99.855469,0,0
2YUSP.B,D,20250206,000000,99.839844,99.839844,99.839844,99.839844,0,0
2YUSP.B,D,20250207,000000,99.802734,99.802734,99.802734,99.802734,0,0
2YUSP.B,D,20250210,000000,99.802734,99.802734,99.707031,99.707031,0,0
2YUSP.B,D,20250211,000000,99.7128905,99.7128905,99.7128905,99.7128905,0,0
2YUSP.B,D,20250212,000000,99.679687,99.679687,99.679687,99.679687,0,0
2YUSP.B,D,20250213,000000,99.617187,99.617187,99.617187,99.617187,0,0
2YUSP.B,D,20250214,000000,99.6621095,99.6621095,99.6621095,99.6621095,0,0
2YUSP.B,D,20250218,000000,99.726563,99.726563,99.726563,99.726563,0,0
2YUSP.B,D,20250219,000000,99.666016,99.666016,99.666016,99.666016,0,0
2YUSP.B,D,20250220,000000,99.748047,99.748047,99.748047,99.748047,0,0
2YUSP.B,D,20250221,000000,99.751953,99.789063,99.751953,99.789063,0,0
2YUSP.B,D,20250224,000000,99.789063,99.875,99.789063,99.875,0,0
2YUSP.B,D,20250225,000000,100.013672,100.068359,100.013672,100.068359,0,0
2YUSP.B,D,20250226,000000,100.027344,100.027344,99.998047,99.998047,0,0
2YUSP.B,D,20250227,000000,100.023437,100.046875,100.023437,100.046875,0,0
2YUSP.B,D,20250228,000000,100.140625,100.169922,100.140625,100.169922,0,0
2YUSP.B,D,20250303,000000,100.169922,100.230469,100.169922,100.230469,0,0
2YUSP.B,D,20250304,000000,100.361328,100.361328,100.361328,100.361328,0,0
2YUSP.B,D,20250305,000000,100.416016,100.416016,100.416016,100.416016,0,0
2YUSP.B,D,20250306,000000,100.21875,100.21875,100.21875,100.21875,0,0
2YUSP.B,D,20250307,000000,100.335937,100.351563,100.335937,100.351563,0,0
2YUSP.B,D,20250310,000000,100.351563,100.351563,100.351563,100.351563,0,0
2YUSP.B,D,20250311,000000,100.43164,100.43164,100.43164,100.43164,0,0
2YUSP.B,D,20250312,000000,100.357422,100.357422,100.357422,100.357422,0,0
2YUSP.B,D,20250313,000000,100.269531,100.269531,100.269531,100.269531,0,0
2YUSP.B,D,20250314,000000,100.28125,100.28125,100.28125,100.28125,0,0
2YUSP.B,D,20250317,000000,100.28125,100.28125,100.193359,100.193359,0,0
2YUSP.B,D,20250318,000000,100.152344,100.152344,100.152344,100.152344,0,0
2YUSP.B,D,20250319,000000,100.138672,100.138672,100.138672,100.138672,0,0
2YUSP.B,D,20250320,000000,100.265625,100.294922,100.265625,100.294922,0,0
2YUSP.B,D,20250321,000000,100.330078,100.330078,100.330078,100.330078,0,0
2YUSP.B,D,20250324,000000,100.330078,100.330078,100.267578,100.267578,0,0
2YUSP.B,D,20250325,000000,100.136719,100.197266,100.136719,100.197266,0,0
2YUSP.B,D,20250326,000000,99.761719,99.761719,99.761719,99.761719,0,0
2YUSP.B,D,20250327,000000,99.722656,99.722656,99.722656,99.722656,0,0
2YUSP.B,D,20250328,000000,99.783203,99.783203,99.783203,99.783203,0,0
2YUSP.B,D,20250331,000000,99.783203,100.035156,99.783203,99.992187,0,0
2YUSP.B,D,20250401,000000,100.007813,100.007813,100.005859,100.005859,0,0
2YUSP.B,D,20250402,000000,100.001953,100.007813,100.001953,100.007813,0,0
2YUSP.B,D,20250403,000000,100.113281,100.300781,100.113281,100.300781,0,0
2YUSP.B,D,20250404,000000,100.511719,100.511719,100.511719,100.511719,0,0
2YUSP.B,D,20250407,000000,100.511719,100.699219,100.417969,100.417969,0,0
2YUSP.B,D,20250408,000000,100.226563,100.226563,100.166016,100.166016,0,0
2YUSP.B,D,20250409,000000,100.199219,100.199219,100.199219,100.199219,0,0
2YUSP.B,D,20250410,000000,100.0625,100.0625,100.0625,100.0625,0,0
2YUSP.B,D,20250411,000000,100.109375,100.109375,99.865234,99.865234,0,0
2YUSP.B,D,20250414,000000,99.865234,99.960937,99.865234,99.960937,0,0
2YUSP.B,D,20250415,000000,100.023437,100.082031,100.023437,100.082031,0,0
2YUSP.B,D,20250416,000000,100.148437,100.148437,100.107422,100.107422,0,0
2YUSP.B,D,20250417,000000,100.109375,100.205078,100.109375,100.205078,0,0
2YUSP.B,D,20250421,000000,100.136719,100.265625,100.136719,100.265625,0,0
2YUSP.B,D,20250422,000000,100.171875,100.171875,100.152344,100.152344,0,0
2YUSP.B,D,20250423,000000,99.878906,99.878906,99.847656,99.847656,0,0
2YUSP.B,D,20250424,000000,99.826172,99.898437,99.826172,99.898437,0,0
2YUSP.B,D,20250425,000000,99.894531,99.933594,99.894531,99.933594,0,0
2YUSP.B,D,20250428,000000,99.933594,100.066406,99.933594,100.066406,0,0
2YUSP.B,D,20250429,000000,100.082031,100.15625,100.082031,100.15625,0,0
2YUSP.B,D,20250430,000000,100.175781,100.175781,100.175781,100.175781,0,0
2YUSP.B,D,20250502,000000,100.175781,100.175781,100.089844,100.089844,0,0
2YUSP.B,D,20250505,000000,100.089844,100.089844,99.820313,99.820313,0,0
2YUSP.B,D,20250506,000000,99.867187,99.894531,99.867187,99.894531,0,0
2YUSP.B,D,20250507,000000,99.863281,99.892578,99.863281,99.892578,0,0
2YUSP.B,D,20250508,000000,99.890625,99.890625,99.828125,99.828125,0,0
2YUSP.B,D,20250509,000000,99.771484,99.794922,99.771484,99.794922,0,0
2YUSP.B,D,20250512,000000,99.794922,99.794922,99.541016,99.541016,0,0
2YUSP.B,D,20250513,000000,99.5625,99.5625,99.546875,99.546875,0,0
2YUSP.B,D,20250514,000000,99.535156,99.535156,99.509766,99.509766,0,0
2YUSP.B,D,20250515,000000,99.464844,99.552734,99.464844,99.552734,0,0
2YUSP.B,D,20250516,000000,99.642578,99.642578,99.638672,99.638672,0,0
2YUSP.B,D,20250519,000000,99.638672,99.638672,99.566406,99.566406,0,0
2YUSP.B,D,20250520,000000,99.605469,99.605469,99.570313,99.570313,0,0
2YUSP.B,D,20250521,000000,99.554687,99.554687,99.529297,99.529297,0,0
2YUSP.B,D,20250522,000000,99.542969,99.542969,99.542969,99.542969,0,0
2YUSP.B,D,20250523,000000,99.560547,99.595703,99.560547,99.595703,0,0
2YUSP.B,D,20250527,000000,99.580078,99.580078,99.560547,99.560547,0,0
2YUSP.B,D,20250528,000000,99.835937,99.835937,99.810547,99.810547,0,0
2YUSP.B,D,20250529,000000,99.707031,99.835937,99.707031,99.835937,0,0
2YUSP.B,D,20250530,000000,99.867187,99.888672,99.867187,99.888672,0,0
2YUSP.B,D,20250602,000000,99.888672,99.923828,99.888672,99.923828,0,0
2YUSP.B,D,20250603,000000,99.90625,99.90625,99.859375,99.859375,0,0
2YUSP.B,D,20250604,000000,99.839844,99.964844,99.839844,99.964844,0,0
2YUSP.B,D,20250605,000000,99.980469,99.998047,99.980469,99.998047,0,0
2YUSP.B,D,20250606,000000,99.933594,99.933594,99.740234,99.740234,0,0
2YUSP.B,D,20250609,000000,99.740234,99.748047,99.740234,99.746094,0,0
2YUSP.B,D,20250610,000000,99.7871095,99.7871095,99.753906,99.753906,0,0
2YUSP.B,D,20250611,000000,99.722656,99.8125,99.722656,99.8125,0,0
2YUSP.B,D,20250612,000000,99.886719,99.949219,99.886719,99.949219,0,0
2YUSP.B,D,20250613,000000,99.953125,99.953125,99.855469,99.855469,0,0
2YUSP.B,D,20250616,000000,99.855469,99.857422,99.804687,99.857422,0,0
2YUSP.B,D,20250617,000000,99.851563,99.851563,99.826172,99.826172,0,0
2YUSP.B,D,20250618,000000,99.861328,99.892578,99.861328,99.892578,0,0
2YUSP.B,D,20250620,000000,99.890625,99.890625,99.876953,99.876953,0,0
2YUSP.B,D,20250623,000000,99.876953,100.050781,99.876953,100.050781,0,0
2YUSP.B,D,20250624,000000,100.072266,100.089844,100.072266,100.089844,0,0
2YUSP.B,D,20250625,000000,99.935547,99.935547,99.878906,99.878906,0,0
2YUSP.B,D,20250626,000000,99.96875,100.044922,99.96875,100.044922,0,0
2YUSP.B,D,20250627,000000,100.015625,100.015625,99.990234,99.990234,0,0
2YUSP.B,D,20250630,000000,99.990234,100.03125,99.990234,100.03125,0,0
2YUSP.B,D,20250701,000000,100.095703,100.095703,99.9628905,99.9628905,0,0
2YUSP.B,D,20250702,000000,99.925781,99.96875,99.925781,99.96875,0,0
2YUSP.B,D,20250703,000000,99.960937,99.960937,99.753906,99.753906,0,0
2YUSP.B,D,20250707,000000,99.748047,99.783203,99.728516,99.728516,0,0
2YUSP.B,D,20250708,000000,99.710937,99.710937,99.6875,99.6875,0,0
2YUSP.B,D,20250709,000000,99.734375,99.7871095,99.734375,99.7871095,0,0
2YUSP.B,D,20250710,000000,99.800781,99.800781,99.753906,99.753906,0,0
2YUSP.B,D,20250711,000000,99.746094,99.746094,99.746094,99.746094,0,0
2YUSP.B,D,20250714,000000,99.726563,99.751953,99.726563,99.751953,0,0
2YUSP.B,D,20250715,000000,99.722656,99.722656,99.625,99.625,0,0
2YUSP.B,D,20250716,000000,99.617187,99.689453,99.617187,99.689453,0,0
2YUSP.B,D,20250717,000000,99.708984,99.708984,99.703125,99.703125,0,0
2YUSP.B,D,20250718,000000,99.726563,99.726563,99.726563,99.726563,0,0
2YUSP.B,D,20250721,000000,99.726563,99.8183595,99.726563,99.8183595,0,0
2YUSP.B,D,20250722,000000,99.800781,99.855469,99.800781,99.855469,0,0
2YUSP.B,D,20250723,000000,99.816406,99.816406,99.808594,99.808594,0,0
2YUSP.B,D,20250724,000000,99.730469,99.730469,99.679687,99.679687,0,0
2YUSP.B,D,20250725,000000,99.6816405,99.689453,99.6816405,99.689453,0,0
2YUSP.B,D,20250728,000000,99.689453,99.689453,99.6816405,99.6816405,0,0
2YUSP.B,D,20250729,000000,99.910156,99.910156,99.910156,99.910156,0,0
2YUSP.B,D,20250730,000000,100.007813,100.007813,99.960937,99.960937,0,0
2YUSP.B,D,20250731,000000,99.894531,99.898437,99.894531,99.898437,0,0
2YUSP.B,D,20250801,000000,99.863281,100.248047,99.863281,100.248047,0,0
2YUSP.B,D,20250804,000000,100.248047,100.289063,100.248047,100.277344,0,0
2YUSP.B,D,20250805,000000,100.330078,100.330078,100.300781,100.300781,0,0
2YUSP.B,D,20250806,000000,100.257813,100.302734,100.257813,100.302734,0,0
2YUSP.B,D,20250807,000000,100.316406,100.316406,100.283203,100.283203,0,0
2YUSP.B,D,20250808,000000,100.259766,100.259766,100.224609,100.224609,0,0
2YUSP.B,D,20250811,000000,100.224609,100.242187,100.21289,100.21289,0,0
2YUSP.B,D,20250812,000000,100.205078,100.251953,100.205078,100.251953,0,0
2YUSP.B,D,20250813,000000,100.294922,100.373047,100.294922,100.373047,0,0
2YUSP.B,D,20250814,000000,100.375,100.375,100.285156,100.285156,0,0
2YUSP.B,D,20250815,000000,100.283203,100.283203,100.267578,100.267578,0,0
2YUSP.B,D,20250818,000000,100.267578,100.267578,100.199219,100.199219,0,0
2YUSP.B,D,20250819,000000,100.191406,100.197266,100.191406,100.197266,0,0
2YUSP.B,D,20250820,000000,100.205078,100.263672,100.205078,100.263672,0,0
2YUSP.B,D,20250821,000000,100.216797,100.216797,100.169922,100.169922,0,0
2YUSP.B,D,20250822,000000,100.152344,100.152344,100.152344,100.152344,0,0
2YUSP.B,D,20250825,000000,100.152344,100.300781,100.152344,100.300781,0,0
2YUSP.B,D,20250826,000000,100.302734,100.320313,100.302734,100.320313,0,0
2YUSP.B,D,20250827,000000,99.947266,99.953125,99.947266,99.953125,0,0
2YUSP.B,D,20250828,000000,100.011719,100.011719,100.011719,100.011719,0,0
2YUSP.B,D,20250829,000000,99.980469,99.980469,99.980469,99.980469,0,0
2YUSP.B,D,20250902,000000,99.816406,99.947266,99.816406,99.947266,0,0
2YUSP.B,D,20250903,000000,99.935547,100.035156,99.935547,100.035156,0,0
2YUSP.B,D,20250904,000000,100.033203,100.037109,100.033203,100.037109,0,0
2YUSP.B,D,20250905,000000,100.072266,100.283203,100.072266,100.283203,0,0
2YUSP.B,D,20250908,000000,100.283203,100.283203,100.234375,100.253906,0,0
2YUSP.B,D,20250909,000000,100.214844,100.214844,100.193359,100.193359,0,0
2YUSP.B,D,20250910,000000,100.15039,100.183594,100.15039,100.183594,0,0
2YUSP.B,D,20250911,000000,100.148437,100.214844,100.148437,100.214844,0,0
2YUSP.B,D,20250912,000000,100.140625,100.140625,100.130859,100.130859,0,0
2YUSP.B,D,20250915,000000,100.130859,100.130859,100.125,100.125,0,0
2YUSP.B,D,20250916,000000,100.175781,100.175781,100.175781,100.175781,0,0
2YUSP.B,D,20250917,000000,100.210937,100.210937,100.199219,100.199219,0,0
2YUSP.B,D,20250918,000000,100.185547,100.185547,100.083984,100.083984,0,0
2YUSP.B,D,20250919,000000,100.09375,100.09375,100.09375,100.09375,0,0
2YUSP.B,D,20250922,000000,100.101563,100.101563,100.097656,100.097656,0,0
2YUSP.B,D,20250923,000000,100.046875,100.046875,100.041016,100.041016,0,0
2YUSP.B,D,20250924,000000,99.8808595,99.933594,99.8808595,99.933594,0,0
2YUSP.B,D,20250925,000000,99.804687,99.804687,99.710937,99.710937,0,0
2YUSP.B,D,20250926,000000,99.697266,99.697266,99.697266,99.697266,0,0
2YUSP.B,D,20250929,000000,99.697266,99.761719,99.697266,99.75,0,0
2YUSP.B,D,20250930,000000,99.785156,99.804687,99.785156,99.804687,0,0
2YUSP.B,D,20251001,000000,99.796875,99.796875,99.796875,99.796875,0,0
2YUSP.B,D,20251002,000000,99.916016,99.916016,99.914063,99.914063,0,0
2YUSP.B,D,20251003,000000,99.902344,99.902344,99.902344,99.902344,0,0
2YUSP.B,D,20251006,000000,99.902344,99.902344,99.8183595,99.8183595,0,0
2YUSP.B,D,20251007,000000,99.816406,99.8378905,99.816406,99.8378905,0,0
2YUSP.B,D,20251008,000000,99.8378905,99.8808595,99.8378905,99.847656,0,0
2YUSP.B,D,20251009,000000,99.830078,99.830078,99.814453,99.814453,0,0
2YUSP.B,D,20251010,000000,99.845703,99.845703,99.830078,99.830078,0,0
2YUSP.B,D,20251013,000000,99.830078,99.9941405,99.830078,99.9941405,0,0
2YUSP.B,D,20251014,000000,100.052734,100.052734,100.011719,100.011719,0,0
2YUSP.B,D,20251015,000000,100.052734,100.052734,100.021484,100.021484,0,0
2YUSP.B,D,20251016,000000,100.0,100.0,100.0,100.0,0,0
2YUSP.B,D,20251017,000000,100.199219,100.199219,100.060547,100.060547,0,0
2YUSP.B,D,20251020,000000,100.060547,100.060547,100.044922,100.044922,0,0
2YUSP.B,D,20251021,000000,100.08789,100.105469,100.08789,100.105469,0,0
2YUSP.B,D,20251022,000000,100.089844,100.089844,100.072266,100.072266,0,0
2YUSP.B,D,20251023,000000,100.072266,100.072266,100.058594,100.058594,0,0
2YUSP.B,D,20251024,000000,100.011719,100.011719,100.011719,100.011719,0,0
2YUSP.B,D,20251027,000000,100.011719,100.011719,99.9941405,99.9941405,0,0
2YUSP.B,D,20251028,000000,100.033203,100.033203,100.033203,100.033203,0,0
2YUSP.B,D,20251029,000000,100.033203,100.033203,99.998047,99.998047,0,0
2YUSP.B,D,20251030,000000,99.824219,99.824219,99.824219,99.824219,0,0
2YUSP.B,D,20251031,000000,99.792969,99.804687,99.792969,99.804687,0,0
2YUSP.B,D,20251103,000000,99.804687,99.851563,99.804687,99.851563,0,0
2YUSP.B,D,20251104,000000,99.84375,99.857422,99.84375,99.857422,0,0
2YUSP.B,D,20251105,000000,99.878906,99.878906,99.878906,99.878906,0,0
2YUSP.B,D,20251106,000000,99.7871095,99.7871095,99.7871095,99.7871095,0,0
2YUSP.B,D,20251107,000000,99.855469,99.855469,99.855469,99.855469,0,0
2YUSP.B,D,20251110,000000,99.855469,99.855469,99.8125,99.845703,0,0
2YUSP.B,D,20251111,000000,99.824219,99.824219,99.824219,99.824219,0,0
2YUSP.B,D,20251112,000000,99.824219,99.878906,99.824219,99.878906,0,0
2YUSP.B,D,20251113,000000,99.871094,99.871094,99.871094,99.871094,0,0
2YUSP.B,D,20251114,000000,99.839844,99.839844,99.839844,99.839844,0,0
2YUSP.B,D,20251117,000000,99.839844,99.839844,99.816406,99.816406,0,0
2YUSP.B,D,20251118,000000,99.871094,99.871094,99.871094,99.871094,0,0
2YUSP.B,D,20251119,000000,99.855469,99.855469,99.855469,99.855469,0,0
2YUSP.B,D,20251120,000000,99.820313,99.820313,99.820313,99.820313,0,0
2YUSP.B,D,20251121,000000,99.929687,99.929687,99.929687,99.929687,0,0
2YUSP.B,D,20251124,000000,99.929687,99.964844,99.929687,99.958984,0,0
2YUSP.B,D,20251125,000000,99.7753905,99.7753905,99.7753905,99.7753905,0,0
2YUSP.B,D,20251126,000000,99.7753905,99.826172,99.7753905,99.826172,0,0
2YUSP.B,D,20251127,000000,99.804687,99.804687,99.804687,99.804687,0,0
2YUSP.B,D,20251128,000000,99.796875,99.796875,99.796875,99.796875,0,0
2YUSP.B,D,20251201,000000,99.796875,99.796875,99.763672,99.763672,0,0
2YUSP.B,D,20251202,000000,99.763672,99.763672,99.695313,99.695313,0,0
2YUSP.B,D,20251203,000000,99.7753905,99.7753905,99.7753905,99.7753905,0,0
2YUSP.B,D,20251204,000000,99.742187,99.742187,99.742187,99.742187,0,0
2YUSP.B,D,20251205,000000,99.710937,99.710937,99.710937,99.710937,0,0
2YUSP.B,D,20251208,000000,99.710937,99.710937,99.628906,99.628906,0,0
2YUSP.B,D,20251209,000000,99.59375,99.59375,99.589844,99.589844,0,0
2YUSP.B,D,20251210,000000,99.535156,99.574219,99.535156,99.574219,0,0
2YUSP.B,D,20251211,000000,99.695313,99.695313,99.695313,99.695313,0,0
2YUSP.B,D,20251212,000000,99.697266,99.697266,99.697266,99.697266,0,0
2YUSP.B,D,20251215,000000,99.697266,99.742187,99.697266,99.742187,0,0
2YUSP.B,D,20251216,000000,99.785156,99.7871095,99.785156,99.7871095,0,0
2YUSP.B,D,20251217,000000,99.757813,99.757813,99.757813,99.757813,0,0
2YUSP.B,D,20251218,000000,99.835937,99.835937,99.835937,99.835937,0,0
2YUSP.B,D,20251219,000000,99.832031,99.832031,99.796875,99.796875,0,0
2YUSP.B,D,20251222,000000,99.796875,99.796875,99.765625,99.765625,0,0
2YUSP.B,D,20251223,000000,99.769531,99.769531,99.679687,99.679687,0,0
2YUSP.B,D,20251225,000000,99.679687,99.679687,99.679687,99.679687,0,0
2YUSP.B,D,20251226,000000,99.679687,99.679687,99.679687,99.679687,0,0
2YUSP.B,D,20251229,000000,99.679687,99.822266,99.679687,99.822266,0,0
2YUSP.B,D,20251230,000000,99.841797,99.841797,99.839844,99.839844,0,0
2YUSP.B,D,20260101,000000,99.839844,99.839844,99.839844,99.839844,0,0
2YUSP.B,D,20260102,000000,99.839844,99.839844,99.808594,99.808594,0,0
2YUSP.B,D,20260105,000000,99.808594,99.8378905,99.808594,99.8378905,0,0
2YUSP.B,D,20260106,000000,99.853516,99.853516,99.853516,99.853516,0,0
2YUSP.B,D,20260107,000000,99.839844,99.839844,99.839844,99.839844,0,0
2YUSP.B,D,20260108,000000,99.828125,99.828125,99.828125,99.828125,0,0
2YUSP.B,D,20260109,000000,99.753906,99.753906,99.753906,99.753906,0,0
2YUSP.B,D,20260112,000000,99.753906,99.753906,99.7128905,99.7128905,0,0
2YUSP.B,D,20260113,000000,99.664063,99.664063,99.664063,99.664063,0,0
2YUSP.B,D,20260114,000000,99.722656,99.734375,99.722656,99.734375,0,0
2YUSP.B,D,20260115,000000,99.71875,99.71875,99.71875,99.71875,0,0
2YUSP.B,D,20260116,000000,99.652344,99.652344,99.652344,99.652344,0,0
2YUSP.B,D,20260119,000000,99.652344,99.652344,99.609375,99.609375,0,0
2YUSP.B,D,20260120,000000,99.615234,99.615234,99.601563,99.601563,0,0
2YUSP.B,D,20260121,000000,99.613281,99.613281,99.613281,99.613281,0,0
2YUSP.B,D,20260122,000000,99.59375,99.59375,99.59375,99.59375,0,0
2YUSP.B,D,20260123,000000,99.566406,99.580078,99.566406,99.580078,0,0
2YUSP.B,D,20260126,000000,99.580078,99.611328,99.580078,99.611328,0,0
2YUSP.B,D,20260127,000000,99.833984,99.833984,99.833984,99.833984,0,0
2YUSP.B,D,20260128,000000,99.851563,99.851563,99.851563,99.851563,0,0
2YUSP.B,D,20260129,000000,99.8496095,99.8496095,99.8496095,99.8496095,0,0
2YUSP.B,D,20260130,000000,99.871094,99.929687,99.871094,99.929687,0,0
2YUSP.B,D,20260202,000000,99.929687,99.970703,99.929687,99.970703,0,0
2YUSP.B,D,20260203,000000,99.84375,99.84375,99.84375,99.84375,0,0
2YUSP.B,D,20260204,000000,99.851563,99.851563,99.851563,99.851563,0,0
2YUSP.B,D,20260205,000000,99.914063,99.914063,99.914063,99.914063,0,0
2YUSP.B,D,20260206,000000,100.054687,100.054687,100.054687,100.054687,0,0
2YUSP.B,D,20260209,000000,100.054687,100.054687,99.984375,99.984375,0,0
2YUSP.B,D,20260210,000000,100.042969,100.042969,100.042969,100.042969,0,0
