<TICKER>,<PER>,<DATE>,<TIME>,<OPEN>,<HIGH>,<LOW>,<CLOSE>,<VOL>,<OPENINT>
30YCAP.B,D,20240321,000000,69.19,69.19,68.73,68.73,0,0
30YCAP.B,D,20240322,000000,68.88,69.69,68.88,69.69,0,0
30YCAP.B,D,20240325,000000,69.69,69.89,69.3,69.3,0,0
30YCAP.B,D,20240326,000000,69.19,69.19,68.9,68.9,0,0
30YCAP.B,D,20240327,000000,69.22,69.44,69.22,69.44,0,0
30YCAP.B,D,20240328,000000,70.18,70.18,70.18,70.18,0,0
30YCAP.B,D,20240401,000000,69.84,69.84,68.12,68.12,0,0
30YCAP.B,D,20240402,000000,68.12,68.21,67.47,67.47,0,0
30YCAP.B,D,20240403,000000,67.89,67.89,67.37,67.37,0,0
30YCAP.B,D,20240404,000000,67.88,68.19,67.88,68.19,0,0
30YCAP.B,D,20240405,000000,68.49,68.49,68.47,68.47,0,0
30YCAP.B,D,20240408,000000,68.47,68.47,67.48,67.48,0,0
30YCAP.B,D,20240409,000000,67.41,67.93,67.41,67.93,0,0
30YCAP.B,D,20240410,000000,68.34,68.34,67.42,67.42,0,0
30YCAP.B,D,20240411,000000,66.88,66.88,66.52,66.52,0,0
30YCAP.B,D,20240412,000000,66.36,66.36,66.36,66.36,0,0
30YCAP.B,D,20240415,000000,66.36,67.22,66.12,66.12,0,0
30YCAP.B,D,20240416,000000,66.02,66.02,65.73,65.73,0,0
30YCAP.B,D,20240417,000000,65.93,65.93,65.87,65.87,0,0
30YCAP.B,D,20240418,000000,66.18,66.18,65.85,65.85,0,0
30YCAP.B,D,20240419,000000,65.63,66.08,65.63,66.08,0,0
30YCAP.B,D,20240422,000000,66.08,66.08,65.52,65.52,0,0
30YCAP.B,D,20240423,000000,65.68,65.72,65.68,65.72,0,0
30YCAP.B,D,20240424,000000,65.55,65.55,65,65.0,0,0
30YCAP.B,D,20240425,000000,65.21,65.21,64.56,64.56,0,0
30YCAP.B,D,20240426,000000,64.56,65.13,64.56,65.13,0,0
30YCAP.B,D,20240429,000000,65.13,65.91,65.13,65.91,0,0
30YCAP.B,D,20240430,000000,66.19,66.19,65.44,65.44,0,0
30YCAP.B,D,20240501,000000,65.48,65.48,65.48,65.48,0,0
30YCAP.B,D,20240502,000000,65.48,66.17,65.48,65.99,0,0
30YCAP.B,D,20240503,000000,66.14,66.98,66.14,66.98,0,0
30YCAP.B,D,20240506,000000,66.98,67.2,66.98,67.2,0,0
30YCAP.B,D,20240507,000000,67.83,68.52,67.83,68.52,0,0
30YCAP.B,D,20240508,000000,68.39,68.39,67.74,67.74,0,0
30YCAP.B,D,20240509,000000,67.74,67.74,67.53,67.53,0,0
30YCAP.B,D,20240510,000000,67.88,67.88,67.51,67.51,0,0
30YCAP.B,D,20240513,000000,67.51,67.55,67.51,67.52,0,0
30YCAP.B,D,20240514,000000,67.54,67.54,67.31,67.31,0,0
30YCAP.B,D,20240515,000000,67.45,68.56,67.45,68.56,0,0
30YCAP.B,D,20240516,000000,68.56,69.07,68.56,69.07,0,0
30YCAP.B,D,20240517,000000,69.17,69.17,68.58,68.58,0,0
30YCAP.B,D,20240521,000000,68.39,68.91,68.39,68.91,0,0
30YCAP.B,D,20240522,000000,68.62,68.62,68.29,68.29,0,0
30YCAP.B,D,20240523,000000,68.55,68.55,67.98,67.98,0,0
30YCAP.B,D,20240524,000000,68.11,68.19,68.11,68.19,0,0
30YCAP.B,D,20240527,000000,68.19,68.19,68.18,68.18,0,0
30YCAP.B,D,20240528,000000,68.18,68.18,68.02,68.02,0,0
30YCAP.B,D,20240529,000000,67.12,67.12,66.22,66.22,0,0
30YCAP.B,D,20240530,000000,66.28,84.63,66.28,84.63,0,0
30YCAP.B,D,20240531,000000,84.98,86.13,84.98,86.13,0,0
30YCAP.B,D,20240603,000000,86.13,87.26,86.13,87.26,0,0
30YCAP.B,D,20240604,000000,88.38,88.89,88.38,88.89,0,0
30YCAP.B,D,20240605,000000,88.88,89.22,88.88,89.22,0,0
30YCAP.B,D,20240606,000000,89.41,89.41,88.95,88.95,0,0
30YCAP.B,D,20240607,000000,89.01,89.01,87.83,87.83,0,0
30YCAP.B,D,20240610,000000,87.83,87.83,87.18,87.18,0,0
30YCAP.B,D,20240611,000000,87.09,87.34,87.09,87.34,0,0
30YCAP.B,D,20240612,000000,87.49,87.71,87.49,87.71,0,0
30YCAP.B,D,20240613,000000,88.73,89.09,88.73,89.09,0,0
30YCAP.B,D,20240614,000000,89.79,90.89,89.79,90.89,0,0
30YCAP.B,D,20240617,000000,90.89,90.89,89.9,89.9,0,0
30YCAP.B,D,20240618,000000,90.42,90.94,90.42,90.94,0,0
30YCAP.B,D,20240619,000000,91.38,91.38,91.16,91.16,0,0
30YCAP.B,D,20240620,000000,91.16,91.16,89.98,89.98,0,0
30YCAP.B,D,20240621,000000,89.8,90.21,89.8,90.21,0,0
30YCAP.B,D,20240624,000000,90.21,90.21,89.88,89.88,0,0
30YCAP.B,D,20240625,000000,90.27,90.27,89.65,89.65,0,0
30YCAP.B,D,20240626,000000,90.0,90.0,90.0,90.0,0,0
30YCAP.B,D,20240627,000000,88.09,88.26,88.09,88.26,0,0
30YCAP.B,D,20240628,000000,88.28,88.65,88.28,88.65,0,0
30YCAP.B,D,20240702,000000,87.99,87.99,85.63,85.63,0,0
30YCAP.B,D,20240703,000000,85.8,86.3,85.8,86.3,0,0
30YCAP.B,D,20240704,000000,86.68,86.68,85.88,85.88,0,0
30YCAP.B,D,20240705,000000,85.79,86.68,85.79,86.68,0,0
30YCAP.B,D,20240708,000000,86.68,87.05,86.68,87.05,0,0
30YCAP.B,D,20240709,000000,87.05,87.48,87.05,87.47,0,0
30YCAP.B,D,20240710,000000,87.2,87.53,87.2,87.53,0,0
30YCAP.B,D,20240711,000000,87.56,88.13,87.56,88.13,0,0
30YCAP.B,D,20240712,000000,87.82,87.91,87.82,87.91,0,0
30YCAP.B,D,20240715,000000,87.91,88.05,87.69,87.69,0,0
30YCAP.B,D,20240716,000000,87.56,88.2,87.56,88.2,0,0
30YCAP.B,D,20240717,000000,88.73,88.73,88.51,88.51,0,0
30YCAP.B,D,20240718,000000,89.04,89.04,89.04,89.04,0,0
30YCAP.B,D,20240719,000000,88.38,88.38,88.08,88.08,0,0
30YCAP.B,D,20240722,000000,88.08,88.51,87.95,88.51,0,0
30YCAP.B,D,20240723,000000,87.54,87.72,87.54,87.72,0,0
30YCAP.B,D,20240724,000000,87.6,88.09,87.6,88.09,0,0
30YCAP.B,D,20240725,000000,87.13,88.04,87.13,88.04,0,0
30YCAP.B,D,20240726,000000,87.37,88.18,87.37,88.18,0,0
30YCAP.B,D,20240729,000000,88.18,88.75,88.14,88.75,0,0
30YCAP.B,D,20240730,000000,88.66,89.14,88.66,89.14,0,0
30YCAP.B,D,20240731,000000,89.69,89.94,89.69,89.94,0,0
30YCAP.B,D,20240801,000000,90.97,90.97,90.97,90.97,0,0
30YCAP.B,D,20240802,000000,91.71,92.85,91.71,92.85,0,0
30YCAP.B,D,20240806,000000,93.0,93,92.55,92.55,0,0
30YCAP.B,D,20240807,000000,91.26,91.26,90.21,90.21,0,0
30YCAP.B,D,20240808,000000,90.55,90.55,90.37,90.37,0,0
30YCAP.B,D,20240809,000000,90.32,91.3,90.32,91.3,0,0
30YCAP.B,D,20240812,000000,91.3,91.51,91.3,91.51,0,0
30YCAP.B,D,20240813,000000,91.92,92.23,91.92,92.23,0,0
30YCAP.B,D,20240814,000000,92.43,93.17,92.43,93.17,0,0
30YCAP.B,D,20240815,000000,92.76,92.76,91.89,91.89,0,0
30YCAP.B,D,20240816,000000,91.9,91.9,91.9,91.9,0,0
30YCAP.B,D,20240819,000000,91.9,92.58,91.9,92.13,0,0
30YCAP.B,D,20240820,000000,92.43,93.18,92.43,93.18,0,0
30YCAP.B,D,20240821,000000,93.51,93.51,93.12,93.12,0,0
30YCAP.B,D,20240822,000000,93.03,93.03,92.44,92.44,0,0
30YCAP.B,D,20240823,000000,92.04,92.41,92.04,92.41,0,0
30YCAP.B,D,20240826,000000,92.41,92.56,92.16,92.16,0,0
30YCAP.B,D,20240827,000000,92.13,92.13,91.45,91.45,0,0
30YCAP.B,D,20240828,000000,92.09,92.09,91.76,91.76,0,0
30YCAP.B,D,20240829,000000,91.47,91.47,90.61,90.61,0,0
30YCAP.B,D,20240830,000000,90.59,90.9,90.59,90.9,0,0
30YCAP.B,D,20240903,000000,89.96,89.96,89.96,89.96,0,0
30YCAP.B,D,20240904,000000,91.63,91.95,91.63,91.95,0,0
30YCAP.B,D,20240905,000000,92.56,92.69,92.56,92.69,0,0
30YCAP.B,D,20240906,000000,92.88,92.88,92.33,92.33,0,0
30YCAP.B,D,20240910,000000,92.8,93.22,92.8,93.22,0,0
30YCAP.B,D,20240911,000000,93.83,93.89,93.83,93.89,0,0
30YCAP.B,D,20240912,000000,93.31,93.38,93.31,93.38,0,0
30YCAP.B,D,20240913,000000,93.34,93.54,93.34,93.54,0,0
30YCAP.B,D,20240916,000000,93.54,93.54,93.21,93.47,0,0
30YCAP.B,D,20240917,000000,93.85,93.85,93.83,93.83,0,0
30YCAP.B,D,20240918,000000,93.57,93.57,93.31,93.31,0,0
30YCAP.B,D,20240919,000000,92.6,92.6,91.89,91.89,0,0
30YCAP.B,D,20240920,000000,92.45,92.45,92.11,92.11,0,0
30YCAP.B,D,20240923,000000,92.11,92.24,92.11,92.24,0,0
30YCAP.B,D,20240924,000000,92.28,92.28,92.28,92.28,0,0
30YCAP.B,D,20240925,000000,92.03,92.03,91.4,91.4,0,0
30YCAP.B,D,20240926,000000,91.13,91.13,91.13,91.13,0,0
30YCAP.B,D,20240927,000000,91.19,91.94,91.19,91.94,0,0
30YCAP.B,D,20241001,000000,92.37,92.9,92.37,92.9,0,0
30YCAP.B,D,20241002,000000,92.7,92.7,91.29,91.29,0,0
30YCAP.B,D,20241003,000000,91.08,91.08,91.08,91.08,0,0
30YCAP.B,D,20241004,000000,90.0,90.0,90.0,90.0,0,0
30YCAP.B,D,20241007,000000,90.0,90,88.03,88.03,0,0
30YCAP.B,D,20241008,000000,88.44,88.44,88.04,88.04,0,0
30YCAP.B,D,20241009,000000,88.58,88.58,88.24,88.24,0,0
30YCAP.B,D,20241010,000000,88.18,88.18,88.03,88.03,0,0
30YCAP.B,D,20241011,000000,88.35,88.35,88.35,88.35,0,0
30YCAP.B,D,20241015,000000,88.4,88.4,88.4,88.4,0,0
30YCAP.B,D,20241016,000000,89.47,90.51,89.47,90.51,0,0
30YCAP.B,D,20241017,000000,90.36,90.36,90.36,90.36,0,0
30YCAP.B,D,20241018,000000,89.08,89.08,89.08,89.08,0,0
30YCAP.B,D,20241021,000000,89.08,89.6,89.08,89.6,0,0
30YCAP.B,D,20241022,000000,87.74,87.74,87.74,87.74,0,0
30YCAP.B,D,20241023,000000,87.83,87.83,87.83,87.83,0,0
30YCAP.B,D,20241024,000000,87.35,87.4,87.35,87.4,0,0
30YCAP.B,D,20241025,000000,88.08,88.08,88.08,88.08,0,0
30YCAP.B,D,20241028,000000,88.08,88.08,87.76,87.76,0,0
30YCAP.B,D,20241029,000000,87.67,87.67,87.67,87.67,0,0
30YCAP.B,D,20241030,000000,88.41,89.02,88.41,89.02,0,0
30YCAP.B,D,20241031,000000,89.02,89.02,88.63,88.63,0,0
30YCAP.B,D,20241101,000000,88.63,89.6,88.63,88.66,0,0
30YCAP.B,D,20241104,000000,88.66,88.66,88.46,88.46,0,0
30YCAP.B,D,20241105,000000,89.8,89.8,89.8,89.8,0,0
30YCAP.B,D,20241106,000000,89.8,89.89,89.8,89.89,0,0
30YCAP.B,D,20241107,000000,88.9,88.9,88.9,88.9,0,0
30YCAP.B,D,20241108,000000,88.9,91.38,88.9,91.38,0,0
30YCAP.B,D,20241112,000000,91.32,91.32,91.32,91.32,0,0
30YCAP.B,D,20241113,000000,90.52,90.52,90.52,90.52,0,0
30YCAP.B,D,20241114,000000,89.77,89.86,89.11,89.86,0,0
30YCAP.B,D,20241115,000000,89.59,89.83,89.59,89.83,0,0
30YCAP.B,D,20241118,000000,89.83,89.83,89.8,89.8,0,0
30YCAP.B,D,20241119,000000,89.03,89.03,88.86,88.86,0,0
30YCAP.B,D,20241120,000000,88.86,88.86,87.63,87.63,0,0
30YCAP.B,D,20241121,000000,87.14,87.14,87.02,87.02,0,0
30YCAP.B,D,20241122,000000,86.14,86.14,86.14,86.14,0,0
30YCAP.B,D,20241125,000000,86.14,88.65,86.14,88.65,0,0
30YCAP.B,D,20241126,000000,89.16,89.16,89.16,89.16,0,0
30YCAP.B,D,20241127,000000,89.16,89.56,89.16,89.56,0,0
30YCAP.B,D,20241128,000000,89.9,90.56,89.9,90.56,0,0
30YCAP.B,D,20241129,000000,90.56,90.56,90.5,90.5,0,0
30YCAP.B,D,20241202,000000,90.5,92.03,90.5,91.58,0,0
30YCAP.B,D,20241203,000000,91.58,92.59,91.58,92.59,0,0
30YCAP.B,D,20241204,000000,91.79,91.79,91.79,91.79,0,0
30YCAP.B,D,20241205,000000,92.23,92.23,92.23,92.23,0,0
30YCAP.B,D,20241206,000000,92.16,92.16,92.16,92.16,0,0
30YCAP.B,D,20241209,000000,92.16,93.05,92.16,92.47,0,0
30YCAP.B,D,20241210,000000,91.78,91.78,91.78,91.78,0,0
30YCAP.B,D,20241211,000000,92.04,92.04,92.04,92.04,0,0
30YCAP.B,D,20241212,000000,91.24,91.24,91.24,91.24,0,0
30YCAP.B,D,20241213,000000,90.45,90.45,90.15,90.15,0,0
30YCAP.B,D,20241216,000000,90.15,90.15,89.58,89.58,0,0
30YCAP.B,D,20241217,000000,89.81,90.91,89.81,90.91,0,0
30YCAP.B,D,20241218,000000,90.86,90.86,90.86,90.86,0,0
30YCAP.B,D,20241219,000000,90.05,90.05,88.38,88.38,0,0
30YCAP.B,D,20241220,000000,87.85,88.24,87.85,88.24,0,0
30YCAP.B,D,20241223,000000,88.24,88.64,88.24,88.64,0,0
30YCAP.B,D,20241227,000000,88.11,88.11,88.11,88.11,0,0
30YCAP.B,D,20241230,000000,88.11,88.11,87.31,87.31,0,0
30YCAP.B,D,20250102,000000,87.31,88.88,87.31,88.88,0,0
30YCAP.B,D,20250103,000000,88.91,88.91,88.91,88.91,0,0
30YCAP.B,D,20250106,000000,88.91,88.91,88.57,88.57,0,0
30YCAP.B,D,20250107,000000,88.45,88.45,88.45,88.45,0,0
30YCAP.B,D,20250108,000000,87.41,87.41,87.41,87.41,0,0
30YCAP.B,D,20250109,000000,86.75,86.75,86.75,86.75,0,0
30YCAP.B,D,20250110,000000,86.32,86.32,85.62,85.62,0,0
30YCAP.B,D,20250113,000000,85.62,85.62,84.93,84.93,0,0
30YCAP.B,D,20250114,000000,84.51,84.51,84.51,84.51,0,0
30YCAP.B,D,20250115,000000,83.9,83.9,83.9,83.9,0,0
30YCAP.B,D,20250116,000000,85.41,85.41,85.41,85.41,0,0
30YCAP.B,D,20250117,000000,86.44,86.44,86.44,86.44,0,0
30YCAP.B,D,20250120,000000,86.44,87.41,86.44,87.41,0,0
30YCAP.B,D,20250121,000000,87.49,87.49,87.49,87.49,0,0
30YCAP.B,D,20250122,000000,87.77,87.77,87.77,87.77,0,0
30YCAP.B,D,20250123,000000,86.99,86.99,86.46,86.46,0,0
30YCAP.B,D,20250124,000000,86.59,86.59,86.59,86.59,0,0
30YCAP.B,D,20250127,000000,86.59,87.36,86.59,87.36,0,0
30YCAP.B,D,20250128,000000,87.36,88.54,87.36,88.54,0,0
30YCAP.B,D,20250129,000000,88.31,88.61,88.31,88.61,0,0
30YCAP.B,D,20250130,000000,88.86,88.86,88.86,88.86,0,0
30YCAP.B,D,20250131,000000,89.57,90.51,89.57,90.51,0,0
30YCAP.B,D,20250203,000000,90.51,90.52,90.51,90.52,0,0
30YCAP.B,D,20250204,000000,90.71,90.71,90.71,90.71,0,0
30YCAP.B,D,20250205,000000,91.41,91.41,91.41,91.41,0,0
30YCAP.B,D,20250206,000000,92.47,92.47,92.47,92.47,0,0
30YCAP.B,D,20250207,000000,92.13,92.13,92.13,92.13,0,0
30YCAP.B,D,20250210,000000,92.13,92.13,91.96,91.96,0,0
30YCAP.B,D,20250211,000000,90.18,90.18,90.18,90.18,0,0
30YCAP.B,D,20250212,000000,89.63,89.63,89.63,89.63,0,0
30YCAP.B,D,20250213,000000,88.35,88.35,88.35,88.35,0,0
30YCAP.B,D,20250214,000000,89.27,89.27,89.27,89.27,0,0
30YCAP.B,D,20250218,000000,89.66,89.66,89.66,89.66,0,0
30YCAP.B,D,20250219,000000,88.29,88.29,88.29,88.29,0,0
30YCAP.B,D,20250220,000000,88.42,88.42,88.42,88.42,0,0
30YCAP.B,D,20250221,000000,87.93,88.58,87.93,88.58,0,0
30YCAP.B,D,20250224,000000,88.58,89.39,88.58,89.39,0,0
30YCAP.B,D,20250225,000000,89.98,90.94,89.98,90.94,0,0
30YCAP.B,D,20250226,000000,91.39,91.39,91.13,91.13,0,0
30YCAP.B,D,20250227,000000,91.66,91.71,91.66,91.71,0,0
30YCAP.B,D,20250228,000000,91.61,92.22,91.61,92.22,0,0
30YCAP.B,D,20250303,000000,92.22,92.22,91.58,91.58,0,0
30YCAP.B,D,20250304,000000,93.68,93.68,93.68,93.68,0,0
30YCAP.B,D,20250305,000000,92.06,92.06,92.06,92.06,0,0
30YCAP.B,D,20250306,000000,91.27,91.27,91.27,91.27,0,0
30YCAP.B,D,20250307,000000,89.39,89.82,89.39,89.82,0,0
30YCAP.B,D,20250310,000000,89.82,89.82,89.82,89.82,0,0
30YCAP.B,D,20250311,000000,90.61,90.61,90.61,90.61,0,0
30YCAP.B,D,20250312,000000,90.05,90.05,90.05,90.05,0,0
30YCAP.B,D,20250313,000000,89.09,89.09,89.09,89.09,0,0
30YCAP.B,D,20250314,000000,89.41,89.41,89.41,89.41,0,0
30YCAP.B,D,20250317,000000,89.41,90.7,88.89,90.7,0,0
30YCAP.B,D,20250318,000000,90.27,90.27,90.27,90.27,0,0
30YCAP.B,D,20250319,000000,90.25,90.25,90.25,90.25,0,0
30YCAP.B,D,20250320,000000,90.54,91.03,90.54,91.03,0,0
30YCAP.B,D,20250321,000000,90.4,90.4,90.4,90.4,0,0
30YCAP.B,D,20250324,000000,90.4,90.52,90.4,90.52,0,0
30YCAP.B,D,20250325,000000,89.48,89.48,89.46,89.46,0,0
30YCAP.B,D,20250326,000000,89.29,89.29,89.29,89.29,0,0
30YCAP.B,D,20250327,000000,88.27,88.27,88.27,88.27,0,0
30YCAP.B,D,20250328,000000,88.65,88.65,88.65,88.65,0,0
30YCAP.B,D,20250331,000000,88.65,90.49,88.65,90.49,0,0
30YCAP.B,D,20250401,000000,90.78,91.35,90.78,91.35,0,0
30YCAP.B,D,20250402,000000,91.55,92.12,91.55,92.12,0,0
30YCAP.B,D,20250403,000000,91.61,91.77,91.61,91.77,0,0
30YCAP.B,D,20250404,000000,92.04,92.04,92.04,92.04,0,0
30YCAP.B,D,20250407,000000,92.04,92.04,89.23,89.23,0,0
30YCAP.B,D,20250408,000000,88.53,88.53,87.47,87.47,0,0
30YCAP.B,D,20250409,000000,86.62,86.62,86.62,86.62,0,0
30YCAP.B,D,20250410,000000,86.26,86.26,86.26,86.26,0,0
30YCAP.B,D,20250411,000000,85.06,85.25,85.06,85.25,0,0
30YCAP.B,D,20250414,000000,85.25,85.84,85.14,85.84,0,0
30YCAP.B,D,20250415,000000,87.03,87.19,87.03,87.19,0,0
30YCAP.B,D,20250416,000000,87.18,87.18,86.71,86.71,0,0
30YCAP.B,D,20250417,000000,87.76,87.76,87.67,87.67,0,0
30YCAP.B,D,20250421,000000,86.62,86.62,85.85,85.85,0,0
30YCAP.B,D,20250422,000000,84.66,85.35,84.66,85.35,0,0
30YCAP.B,D,20250423,000000,85.37,86.27,85.37,86.27,0,0
30YCAP.B,D,20250424,000000,84.98,85.31,84.98,85.31,0,0
30YCAP.B,D,20250425,000000,85.65,86.11,85.65,86.11,0,0
30YCAP.B,D,20250428,000000,86.11,86.11,85.85,85.85,0,0
30YCAP.B,D,20250429,000000,86.16,86.42,86.16,86.42,0,0
30YCAP.B,D,20250430,000000,86.6,86.6,86.6,86.6,0,0
30YCAP.B,D,20250502,000000,86.6,86.86,86.6,86.86,0,0
30YCAP.B,D,20250505,000000,86.86,86.86,85.7,85.7,0,0
30YCAP.B,D,20250506,000000,85.77,85.77,85.56,85.56,0,0
30YCAP.B,D,20250507,000000,86.48,87.13,86.48,87.13,0,0
30YCAP.B,D,20250508,000000,87.32,87.32,86.39,86.39,0,0
30YCAP.B,D,20250509,000000,86.01,86.33,86.01,86.33,0,0
30YCAP.B,D,20250512,000000,86.33,86.5,85.79,85.79,0,0
30YCAP.B,D,20250513,000000,85.85,85.85,85.66,85.66,0,0
30YCAP.B,D,20250514,000000,85.75,85.75,85.3,85.3,0,0
30YCAP.B,D,20250515,000000,84.87,85.6,84.87,85.6,0,0
30YCAP.B,D,20250516,000000,86.46,86.52,86.46,86.52,0,0
30YCAP.B,D,20250520,000000,86.21,86.21,84.25,84.25,0,0
30YCAP.B,D,20250521,000000,84.3,84.3,83.11,83.11,0,0
30YCAP.B,D,20250522,000000,82.86,82.86,82.41,82.41,0,0
30YCAP.B,D,20250523,000000,83.31,84.03,83.31,84.03,0,0
30YCAP.B,D,20250526,000000,84.03,84.23,83.44,84.23,0,0
30YCAP.B,D,20250527,000000,84.31,84.6,84.31,84.6,0,0
30YCAP.B,D,20250528,000000,85.23,85.23,84.66,84.66,0,0
30YCAP.B,D,20250529,000000,85.32,85.32,85.25,85.25,0,0
30YCAP.B,D,20250530,000000,86.09,86.09,86,86.0,0,0
30YCAP.B,D,20250602,000000,86.0,86.09,86,86.03,0,0
30YCAP.B,D,20250603,000000,86.03,86.03,85.54,85.54,0,0
30YCAP.B,D,20250604,000000,85.19,85.72,85.19,85.72,0,0
30YCAP.B,D,20250605,000000,85.78,85.78,85.45,85.45,0,0
30YCAP.B,D,20250606,000000,85.7,85.7,84.87,84.87,0,0
30YCAP.B,D,20250609,000000,84.87,84.87,83.75,83.75,0,0
30YCAP.B,D,20250610,000000,84.05,84.66,84.05,84.66,0,0
30YCAP.B,D,20250611,000000,84.11,84.11,83.81,83.81,0,0
30YCAP.B,D,20250612,000000,83.67,84.39,83.67,84.39,0,0
30YCAP.B,D,20250613,000000,84.0,84,83.97,83.97,0,0
30YCAP.B,D,20250616,000000,83.97,84.08,83.37,83.37,0,0
30YCAP.B,D,20250617,000000,82.95,83.09,82.95,83.09,0,0
30YCAP.B,D,20250618,000000,83.31,83.44,83.31,83.44,0,0
30YCAP.B,D,20250619,000000,83.95,84.02,83.95,84.02,0,0
30YCAP.B,D,20250620,000000,84.05,84.05,83.87,83.87,0,0
30YCAP.B,D,20250623,000000,83.87,84.34,83.87,84.34,0,0
30YCAP.B,D,20250624,000000,84.74,84.74,84.46,84.46,0,0
30YCAP.B,D,20250625,000000,84.69,84.69,83.83,83.83,0,0
30YCAP.B,D,20250626,000000,83.86,83.88,83.86,83.88,0,0
30YCAP.B,D,20250627,000000,83.94,84.03,83.94,84.03,0,0
30YCAP.B,D,20250630,000000,84.03,84.77,84.03,84.77,0,0
30YCAP.B,D,20250702,000000,85.03,85.03,83.71,83.71,0,0
30YCAP.B,D,20250703,000000,83.59,83.59,83.46,83.46,0,0
30YCAP.B,D,20250704,000000,83.22,84.12,83.22,84.12,0,0
30YCAP.B,D,20250707,000000,84.12,84.12,82.8,82.8,0,0
30YCAP.B,D,20250708,000000,82.79,82.79,82.15,82.15,0,0
30YCAP.B,D,20250709,000000,82.38,82.58,82.38,82.58,0,0
30YCAP.B,D,20250710,000000,83.14,83.14,82.4,82.4,0,0
30YCAP.B,D,20250711,000000,82.51,82.51,82.51,82.51,0,0
30YCAP.B,D,20250714,000000,81.68,81.68,80.59,80.59,0,0
30YCAP.B,D,20250715,000000,80.63,80.63,80,80.0,0,0
30YCAP.B,D,20250716,000000,79.75,80.09,79.75,80.09,0,0
30YCAP.B,D,20250717,000000,79.82,80.02,79.82,80.02,0,0
30YCAP.B,D,20250718,000000,80.05,80.05,80.05,80.05,0,0
30YCAP.B,D,20250721,000000,80.05,80.86,79.85,80.86,0,0
30YCAP.B,D,20250722,000000,80.76,81.23,80.76,81.23,0,0
30YCAP.B,D,20250723,000000,81.05,81.05,80.76,80.76,0,0
30YCAP.B,D,20250724,000000,80.21,80.21,79.95,79.95,0,0
30YCAP.B,D,20250725,000000,80.36,80.36,80.34,80.34,0,0
30YCAP.B,D,20250728,000000,80.34,80.64,80.34,80.64,0,0
30YCAP.B,D,20250729,000000,80.53,80.53,80.53,80.53,0,0
30YCAP.B,D,20250730,000000,81.4,81.4,80.89,80.89,0,0
30YCAP.B,D,20250731,000000,81.33,81.55,81.33,81.55,0,0
30YCAP.B,D,20250801,000000,81.87,82.15,81.87,82.15,0,0
30YCAP.B,D,20250805,000000,82.77,82.84,82.77,82.84,0,0
30YCAP.B,D,20250806,000000,82.67,82.67,82.44,82.44,0,0
30YCAP.B,D,20250807,000000,81.92,82.36,81.92,82.36,0,0
30YCAP.B,D,20250808,000000,82.01,82.41,82.01,82.41,0,0
30YCAP.B,D,20250811,000000,82.41,82.41,81.98,82.17,0,0
30YCAP.B,D,20250812,000000,81.81,81.84,81.81,81.84,0,0
30YCAP.B,D,20250813,000000,81.03,81.41,81.03,81.41,0,0
30YCAP.B,D,20250814,000000,81.52,81.52,81.26,81.26,0,0
30YCAP.B,D,20250815,000000,81.19,81.19,80.5,80.5,0,0
30YCAP.B,D,20250818,000000,80.5,80.5,80.07,80.07,0,0
30YCAP.B,D,20250819,000000,79.77,80.07,79.77,80.07,0,0
30YCAP.B,D,20250820,000000,80.35,80.49,80.35,80.49,0,0
30YCAP.B,D,20250821,000000,80.38,80.38,80.19,80.19,0,0
30YCAP.B,D,20250822,000000,80.04,80.04,80.04,80.04,0,0
30YCAP.B,D,20250825,000000,80.04,80.63,80.04,80.63,0,0
30YCAP.B,D,20250826,000000,80.07,80.07,79.77,79.77,0,0
30YCAP.B,D,20250827,000000,79.96,79.96,79.52,79.52,0,0
30YCAP.B,D,20250828,000000,79.9,79.9,79.9,79.9,0,0
30YCAP.B,D,20250829,000000,80.4,80.4,80.4,80.4,0,0
30YCAP.B,D,20250902,000000,79.85,79.86,79.85,79.86,0,0
30YCAP.B,D,20250903,000000,79.78,80.58,79.78,80.58,0,0
30YCAP.B,D,20250904,000000,80.59,81.08,80.59,81.08,0,0
30YCAP.B,D,20250905,000000,81.12,81.83,81.12,81.83,0,0
30YCAP.B,D,20250908,000000,81.83,82.99,81.83,82.99,0,0
30YCAP.B,D,20250909,000000,83.47,83.47,83,83.0,0,0
30YCAP.B,D,20250910,000000,83.2,83.58,83.2,83.58,0,0
30YCAP.B,D,20250911,000000,84.07,84.29,84.07,84.29,0,0
30YCAP.B,D,20250912,000000,84.4,84.4,83.89,83.89,0,0
30YCAP.B,D,20250915,000000,83.89,84.17,83.89,84.17,0,0
30YCAP.B,D,20250916,000000,84.5,84.5,84.5,84.5,0,0
30YCAP.B,D,20250917,000000,84.7,84.98,84.7,84.98,0,0
30YCAP.B,D,20250918,000000,84.3,84.3,83.91,83.91,0,0
30YCAP.B,D,20250919,000000,84.05,84.05,84.05,84.05,0,0
30YCAP.B,D,20250922,000000,83.72,83.72,83.6,83.6,0,0
30YCAP.B,D,20250923,000000,83.42,83.68,83.42,83.68,0,0
30YCAP.B,D,20250924,000000,83.54,83.54,83.07,83.07,0,0
30YCAP.B,D,20250925,000000,83.26,83.26,83.22,83.22,0,0
30YCAP.B,D,20250926,000000,83.32,83.32,83.32,83.32,0,0
30YCAP.B,D,20250929,000000,83.32,84.1,83.32,84.1,0,0
30YCAP.B,D,20250930,000000,84.16,84.16,84.16,84.16,0,0
30YCAP.B,D,20251001,000000,84.16,84.16,84.16,84.16,0,0
30YCAP.B,D,20251002,000000,83.45,83.63,83.45,83.63,0,0
30YCAP.B,D,20251003,000000,83.58,83.58,83.58,83.58,0,0
30YCAP.B,D,20251006,000000,83.58,83.58,82.78,82.78,0,0
30YCAP.B,D,20251007,000000,82.61,82.61,82.35,82.35,0,0
30YCAP.B,D,20251008,000000,82.35,82.95,82.35,82.95,0,0
30YCAP.B,D,20251009,000000,82.47,82.68,82.47,82.68,0,0
30YCAP.B,D,20251010,000000,82.56,82.8,82.56,82.8,0,0
30YCAP.B,D,20251013,000000,82.8,83.32,82.8,83.32,0,0
30YCAP.B,D,20251014,000000,83.32,83.44,83.32,83.44,0,0
30YCAP.B,D,20251015,000000,83.81,84.52,83.81,84.52,0,0
30YCAP.B,D,20251016,000000,84.24,84.24,84.24,84.24,0,0
30YCAP.B,D,20251017,000000,84.75,84.75,84.74,84.74,0,0
30YCAP.B,D,20251020,000000,84.74,84.74,84.57,84.57,0,0
30YCAP.B,D,20251021,000000,85.12,85.35,85.12,85.35,0,0
30YCAP.B,D,20251022,000000,85.15,85.15,85.08,85.08,0,0
30YCAP.B,D,20251023,000000,85.25,85.25,84.89,84.89,0,0
30YCAP.B,D,20251024,000000,84.79,84.79,84.79,84.79,0,0
30YCAP.B,D,20251027,000000,84.79,84.84,84.79,84.84,0,0
30YCAP.B,D,20251028,000000,85.65,85.65,85.65,85.65,0,0
30YCAP.B,D,20251029,000000,85.65,85.91,85.65,85.91,0,0
30YCAP.B,D,20251030,000000,85.91,85.91,84.49,84.49,0,0
30YCAP.B,D,20251031,000000,84.49,84.81,84.49,84.81,0,0
30YCAP.B,D,20251103,000000,84.81,84.82,84.81,84.82,0,0
30YCAP.B,D,20251104,000000,84.82,84.82,84.36,84.49,0,0
30YCAP.B,D,20251105,000000,84.96,84.96,84.96,84.96,0,0
30YCAP.B,D,20251106,000000,84.2,84.2,84.2,84.2,0,0
30YCAP.B,D,20251107,000000,85.12,85.12,85.12,85.12,0,0
30YCAP.B,D,20251110,000000,85.12,85.12,84.23,84.31,0,0
30YCAP.B,D,20251111,000000,84.22,84.22,84.22,84.22,0,0
30YCAP.B,D,20251112,000000,84.22,84.22,84.22,84.22,0,0
30YCAP.B,D,20251113,000000,84.22,84.78,84.22,84.78,0,0
30YCAP.B,D,20251114,000000,84.16,84.16,84.16,84.16,0,0
30YCAP.B,D,20251117,000000,84.16,84.16,83.55,83.55,0,0
30YCAP.B,D,20251118,000000,83.36,83.36,83.36,83.36,0,0
30YCAP.B,D,20251119,000000,82.92,82.92,82.92,82.92,0,0
30YCAP.B,D,20251120,000000,82.81,82.81,82.81,82.81,0,0
30YCAP.B,D,20251121,000000,83.32,83.32,83.32,83.32,0,0
30YCAP.B,D,20251124,000000,83.32,83.75,83.32,83.75,0,0
30YCAP.B,D,20251125,000000,84.01,84.01,84.01,84.01,0,0
30YCAP.B,D,20251126,000000,84.35,84.35,84.35,84.35,0,0
30YCAP.B,D,20251127,000000,84.35,84.63,84.35,84.63,0,0
30YCAP.B,D,20251128,000000,84.82,84.82,84.82,84.82,0,0
30YCAP.B,D,20251201,000000,84.82,84.82,84.55,84.55,0,0
30YCAP.B,D,20251202,000000,82.92,82.92,82.92,82.92,0,0
30YCAP.B,D,20251203,000000,82.92,82.92,82.92,82.92,0,0
30YCAP.B,D,20251204,000000,82.92,82.92,82.87,82.87,0,0
30YCAP.B,D,20251205,000000,82.16,82.16,82.16,82.16,0,0
30YCAP.B,D,20251208,000000,82.16,82.16,80.52,80.52,0,0
30YCAP.B,D,20251209,000000,80.63,80.63,80.19,80.19,0,0
30YCAP.B,D,20251210,000000,80.14,80.4,80.14,80.4,0,0
30YCAP.B,D,20251211,000000,80.7,80.7,80.7,80.7,0,0
30YCAP.B,D,20251212,000000,80.56,80.56,80.56,80.56,0,0
30YCAP.B,D,20251215,000000,80.56,80.56,80.1,80.1,0,0
30YCAP.B,D,20251216,000000,80.53,80.53,80.4,80.4,0,0
30YCAP.B,D,20251217,000000,80.77,80.77,80.77,80.77,0,0
30YCAP.B,D,20251218,000000,80.2,80.2,80.2,80.2,0,0
30YCAP.B,D,20251219,000000,80.38,80.38,80.01,80.01,0,0
30YCAP.B,D,20251222,000000,80.01,80.02,79.93,79.93,0,0
30YCAP.B,D,20251223,000000,80.15,80.54,80.15,80.54,0,0
30YCAP.B,D,20251225,000000,80.54,80.54,80.54,80.54,0,0
30YCAP.B,D,20251226,000000,80.54,80.54,80.54,80.54,0,0
30YCAP.B,D,20251229,000000,80.54,81.13,80.54,81.02,0,0
30YCAP.B,D,20251230,000000,81.18,81.18,80.68,80.68,0,0
30YCAP.B,D,20260101,000000,80.68,80.68,80.68,80.68,0,0
30YCAP.B,D,20260102,000000,80.68,80.68,80.05,80.05,0,0
30YCAP.B,D,20260105,000000,80.05,80.05,79.55,79.83,0,0
30YCAP.B,D,20260106,000000,80.14,80.14,80.14,80.14,0,0
30YCAP.B,D,20260107,000000,80.03,80.03,80.03,80.03,0,0
30YCAP.B,D,20260108,000000,80.64,80.64,80.64,80.64,0,0
30YCAP.B,D,20260109,000000,80.72,80.72,80.72,80.72,0,0
30YCAP.B,D,20260112,000000,80.72,81,80.72,81.0,0,0
30YCAP.B,D,20260113,000000,80.69,80.69,80.69,80.69,0,0
30YCAP.B,D,20260114,000000,80.48,80.76,80.48,80.76,0,0
30YCAP.B,D,20260115,000000,81.25,81.25,81.25,81.25,0,0
30YCAP.B,D,20260116,000000,81.51,81.51,81.51,81.51,0,0
30YCAP.B,D,20260119,000000,81.51,81.51,81.43,81.43,0,0
30YCAP.B,D,20260120,000000,80.94,80.94,80.42,80.42,0,0
30YCAP.B,D,20260121,000000,80.34,80.34,80.34,80.34,0,0
30YCAP.B,D,20260122,000000,80.71,80.71,80.71,80.71,0,0
30YCAP.B,D,20260123,000000,81.0,81,80.65,80.65,0,0
30YCAP.B,D,20260126,000000,80.65,80.74,80.65,80.74,0,0
30YCAP.B,D,20260127,000000,81.43,81.43,81.43,81.43,0,0
30YCAP.B,D,20260128,000000,80.49,80.49,80.49,80.49,0,0
30YCAP.B,D,20260129,000000,80.42,80.42,80.42,80.42,0,0
30YCAP.B,D,20260130,000000,80.4,80.4,80.29,80.29,0,0
30YCAP.B,D,20260202,000000,80.29,80.33,80.29,80.33,0,0
30YCAP.B,D,20260203,000000,80.21,80.21,80.21,80.21,0,0
30YCAP.B,D,20260204,000000,80.18,80.18,80.18,80.18,0,0
30YCAP.B,D,20260205,000000,80.13,80.13,80.13,80.13,0,0
30YCAP.B,D,20260206,000000,80.59,80.59,80.59,80.59,0,0
30YCAP.B,D,20260209,000000,80.59,80.64,80.59,80.64,0,0
30YCAP.B,D,20260210,000000,80.58,80.58,80.58,80.58,0,0
