<TICKER>,<PER>,<DATE>,<TIME>,<OPEN>,<HIGH>,<LOW>,<CLOSE>,<VOL>,<OPENINT>
30YCHP.B,D,20240321,000000,94.9,94.9,94.9,94.9,0,0
30YCHP.B,D,20240322,000000,94.9,94.9,94.9,94.9,0,0
30YCHP.B,D,20240325,000000,94.9,95.55,94.9,95.55,0,0
30YCHP.B,D,20240326,000000,95.55,95.55,95.55,95.55,0,0
30YCHP.B,D,20240327,000000,95.55,95.55,95.55,95.55,0,0
30YCHP.B,D,20240328,000000,95.55,95.55,95.55,95.55,0,0
30YCHP.B,D,20240402,000000,95.55,95.55,95.55,95.55,0,0
30YCHP.B,D,20240403,000000,95.55,95.55,95.55,95.55,0,0
30YCHP.B,D,20240404,000000,95.55,95.55,95.55,95.55,0,0
30YCHP.B,D,20240405,000000,95.55,95.55,95.55,95.55,0,0
30YCHP.B,D,20240408,000000,95.55,95.55,95.55,95.55,0,0
30YCHP.B,D,20240409,000000,95.55,95.55,95.55,95.55,0,0
30YCHP.B,D,20240410,000000,95.79,95.79,95.79,95.79,0,0
30YCHP.B,D,20240411,000000,95.79,95.79,95.32,95.32,0,0
30YCHP.B,D,20240412,000000,95.73,95.73,95.73,95.73,0,0
30YCHP.B,D,20240415,000000,95.73,95.73,95.73,95.73,0,0
30YCHP.B,D,20240416,000000,95.73,95.73,95.73,95.73,0,0
30YCHP.B,D,20240417,000000,95.52,95.75,95.52,95.75,0,0
30YCHP.B,D,20240418,000000,95.75,95.75,95.75,95.75,0,0
30YCHP.B,D,20240419,000000,95.75,95.75,95.75,95.75,0,0
30YCHP.B,D,20240422,000000,95.75,96.08,95.66,96.08,0,0
30YCHP.B,D,20240423,000000,96.08,96.88,96.08,96.88,0,0
30YCHP.B,D,20240424,000000,96.88,96.88,96.88,96.88,0,0
30YCHP.B,D,20240425,000000,95.81,95.81,95.81,95.81,0,0
30YCHP.B,D,20240426,000000,95.37,95.37,95.37,95.37,0,0
30YCHP.B,D,20240429,000000,95.37,97.91,95.37,97.91,0,0
30YCHP.B,D,20240430,000000,97.91,97.91,97.91,97.91,0,0
30YCHP.B,D,20240502,000000,97.91,97.91,97.7,97.7,0,0
30YCHP.B,D,20240503,000000,96.72,96.72,96.72,96.72,0,0
30YCHP.B,D,20240506,000000,96.72,96.87,96.72,96.87,0,0
30YCHP.B,D,20240507,000000,96.87,96.87,96.66,96.66,0,0
30YCHP.B,D,20240508,000000,96.66,96.66,96.66,96.66,0,0
30YCHP.B,D,20240510,000000,96.66,96.66,96.21,96.21,0,0
30YCHP.B,D,20240513,000000,96.21,96.21,96.21,96.21,0,0
30YCHP.B,D,20240514,000000,96.21,96.55,96.21,96.55,0,0
30YCHP.B,D,20240515,000000,96.55,96.55,96.55,96.55,0,0
30YCHP.B,D,20240516,000000,96.55,96.55,96.55,96.55,0,0
30YCHP.B,D,20240517,000000,96.54,96.54,96.54,96.54,0,0
30YCHP.B,D,20240521,000000,96.54,96.54,96.26,96.26,0,0
30YCHP.B,D,20240522,000000,95.98,95.98,95.98,95.98,0,0
30YCHP.B,D,20240523,000000,95.37,95.37,95.37,95.37,0,0
30YCHP.B,D,20240524,000000,95.03,95.03,95.03,95.03,0,0
30YCHP.B,D,20240527,000000,95.03,95.03,95.03,95.03,0,0
30YCHP.B,D,20240528,000000,95.03,95.03,95.03,95.03,0,0
30YCHP.B,D,20240529,000000,95.03,95.03,93,93.0,0,0
30YCHP.B,D,20240530,000000,93.0,93.0,93.0,93.0,0,0
30YCHP.B,D,20240531,000000,93.0,93.0,93.0,93.0,0,0
30YCHP.B,D,20240603,000000,93.0,93,92.5,92.5,0,0
30YCHP.B,D,20240604,000000,92.5,92.5,92.5,92.5,0,0
30YCHP.B,D,20240605,000000,92.5,92.5,92.5,92.5,0,0
30YCHP.B,D,20240606,000000,92.75,92.75,92.75,92.75,0,0
30YCHP.B,D,20240607,000000,92.75,92.75,92.75,92.75,0,0
30YCHP.B,D,20240610,000000,92.75,92.75,92.75,92.75,0,0
30YCHP.B,D,20240611,000000,92.75,92.75,92.75,92.75,0,0
30YCHP.B,D,20240612,000000,92.75,92.75,92.75,92.75,0,0
30YCHP.B,D,20240613,000000,92.75,94,92.75,94.0,0,0
30YCHP.B,D,20240614,000000,94.0,94.0,94.0,94.0,0,0
30YCHP.B,D,20240617,000000,94.0,95.02,94,95.02,0,0
30YCHP.B,D,20240618,000000,95.25,95.25,95.25,95.25,0,0
30YCHP.B,D,20240619,000000,95.5,95.5,95.5,95.5,0,0
30YCHP.B,D,20240620,000000,95.5,95.5,95.5,95.5,0,0
30YCHP.B,D,20240621,000000,96.15,96.15,96.15,96.15,0,0
30YCHP.B,D,20240624,000000,96.15,96.75,96.15,96.75,0,0
30YCHP.B,D,20240625,000000,96.8,96.8,96.8,96.8,0,0
30YCHP.B,D,20240626,000000,98.19,98.19,98.19,98.19,0,0
30YCHP.B,D,20240627,000000,98.19,98.19,98.19,98.19,0,0
30YCHP.B,D,20240628,000000,98.19,98.19,98.19,98.19,0,0
30YCHP.B,D,20240701,000000,98.19,98.5,98.19,98.5,0,0
30YCHP.B,D,20240702,000000,98.6,98.6,98.6,98.6,0,0
30YCHP.B,D,20240703,000000,98.6,98.6,98.6,98.6,0,0
30YCHP.B,D,20240704,000000,98.54,98.54,98.54,98.54,0,0
30YCHP.B,D,20240705,000000,97.63,98.12,97.63,98.12,0,0
30YCHP.B,D,20240708,000000,98.12,98.12,98.12,98.12,0,0
30YCHP.B,D,20240709,000000,98.12,98.12,98.12,98.12,0,0
30YCHP.B,D,20240710,000000,98.12,98.12,98.12,98.12,0,0
30YCHP.B,D,20240711,000000,98.12,98.13,98.12,98.13,0,0
30YCHP.B,D,20240712,000000,98.13,98.13,98.13,98.13,0,0
30YCHP.B,D,20240715,000000,98.13,98.13,98.13,98.13,0,0
30YCHP.B,D,20240716,000000,98.61,98.61,98.61,98.61,0,0
30YCHP.B,D,20240717,000000,99.54,99.54,99.54,99.54,0,0
30YCHP.B,D,20240718,000000,99.98,99.98,99.98,99.98,0,0
30YCHP.B,D,20240719,000000,99.98,99.98,99.98,99.98,0,0
30YCHP.B,D,20240722,000000,99.98,99.98,99.98,99.98,0,0
30YCHP.B,D,20240723,000000,99.98,99.98,99.98,99.98,0,0
30YCHP.B,D,20240724,000000,100.43,100.43,100.43,100.43,0,0
30YCHP.B,D,20240725,000000,100.43,100.43,100.43,100.43,0,0
30YCHP.B,D,20240726,000000,100.43,100.43,100.43,100.43,0,0
30YCHP.B,D,20240729,000000,100.43,100.44,100.43,100.44,0,0
30YCHP.B,D,20240730,000000,100.87,100.87,100.87,100.87,0,0
30YCHP.B,D,20240731,000000,101.82,101.82,101.82,101.82,0,0
30YCHP.B,D,20240802,000000,101.82,103.07,101.82,103.07,0,0
30YCHP.B,D,20240805,000000,103.07,104.56,103.07,104.56,0,0
30YCHP.B,D,20240806,000000,104.56,104.56,104.56,104.56,0,0
30YCHP.B,D,20240807,000000,104.56,104.56,104.56,104.56,0,0
30YCHP.B,D,20240808,000000,104.48,104.48,104.48,104.48,0,0
30YCHP.B,D,20240809,000000,104.48,104.48,104.48,104.48,0,0
30YCHP.B,D,20240812,000000,104.48,104.48,104.48,104.48,0,0
30YCHP.B,D,20240813,000000,104.48,104.48,104.48,104.48,0,0
30YCHP.B,D,20240814,000000,104.48,104.48,104.48,104.48,0,0
30YCHP.B,D,20240815,000000,104.48,104.48,104.48,104.48,0,0
30YCHP.B,D,20240816,000000,104.19,104.19,104.19,104.19,0,0
30YCHP.B,D,20240819,000000,104.19,104.19,104.19,104.19,0,0
30YCHP.B,D,20240820,000000,104.6,106.5,104.6,106.5,0,0
30YCHP.B,D,20240821,000000,106.5,106.5,106.5,106.5,0,0
30YCHP.B,D,20240822,000000,106.5,106.5,106.5,106.5,0,0
30YCHP.B,D,20240823,000000,105.76,105.76,105.76,105.76,0,0
30YCHP.B,D,20240826,000000,105.76,105.76,105.75,105.75,0,0
30YCHP.B,D,20240827,000000,105.25,105.25,105.25,105.25,0,0
30YCHP.B,D,20240828,000000,103.93,103.93,103.93,103.93,0,0
30YCHP.B,D,20240829,000000,103.93,103.93,103.93,103.93,0,0
30YCHP.B,D,20240830,000000,103.93,103.93,103.93,103.93,0,0
30YCHP.B,D,20240902,000000,103.93,103.93,103.93,103.93,0,0
30YCHP.B,D,20240903,000000,103.64,103.64,103.64,103.64,0,0
30YCHP.B,D,20240904,000000,103.64,103.64,103.64,103.64,0,0
30YCHP.B,D,20240905,000000,103.64,103.64,103.64,103.64,0,0
30YCHP.B,D,20240906,000000,103.64,103.64,103.64,103.64,0,0
30YCHP.B,D,20240909,000000,103.64,103.64,103.64,103.64,0,0
30YCHP.B,D,20240910,000000,103.64,103.64,103.64,103.64,0,0
30YCHP.B,D,20240911,000000,103.64,103.64,103.64,103.64,0,0
30YCHP.B,D,20240912,000000,103.64,103.64,103.64,103.64,0,0
30YCHP.B,D,20240913,000000,103.64,103.64,103.64,103.64,0,0
30YCHP.B,D,20240916,000000,103.64,103.64,103.64,103.64,0,0
30YCHP.B,D,20240917,000000,103.64,103.64,103.64,103.64,0,0
30YCHP.B,D,20240918,000000,103.64,103.64,103.64,103.64,0,0
30YCHP.B,D,20240919,000000,103.41,103.41,103.41,103.41,0,0
30YCHP.B,D,20240920,000000,102.89,102.89,102.89,102.89,0,0
30YCHP.B,D,20240923,000000,102.89,102.89,101.87,101.87,0,0
30YCHP.B,D,20240924,000000,101.87,101.87,101.87,101.87,0,0
30YCHP.B,D,20240925,000000,101.87,101.87,101.87,101.87,0,0
30YCHP.B,D,20240926,000000,101.87,101.87,101.87,101.87,0,0
30YCHP.B,D,20240927,000000,104.42,104.42,104.42,104.42,0,0
30YCHP.B,D,20240930,000000,104.42,104.42,104.42,104.42,0,0
30YCHP.B,D,20241001,000000,104.42,104.42,104.42,104.42,0,0
30YCHP.B,D,20241002,000000,104.42,104.42,104.42,104.42,0,0
30YCHP.B,D,20241003,000000,104.42,104.42,104.42,104.42,0,0
30YCHP.B,D,20241004,000000,103.9,103.9,103.9,103.9,0,0
30YCHP.B,D,20241007,000000,103.9,103.9,103.24,103.24,0,0
30YCHP.B,D,20241008,000000,103.01,103.01,103.01,103.01,0,0
30YCHP.B,D,20241009,000000,101.55,101.55,101.34,101.34,0,0
30YCHP.B,D,20241010,000000,101.34,101.34,101.34,101.34,0,0
30YCHP.B,D,20241011,000000,100.53,100.53,100.53,100.53,0,0
30YCHP.B,D,20241014,000000,100.53,100.53,100.53,100.53,0,0
30YCHP.B,D,20241015,000000,100.53,100.53,100.53,100.53,0,0
30YCHP.B,D,20241016,000000,100.53,103.1,100.53,103.1,0,0
30YCHP.B,D,20241017,000000,103.1,103.1,103.1,103.1,0,0
30YCHP.B,D,20241018,000000,102.92,102.92,102.92,102.92,0,0
30YCHP.B,D,20241021,000000,102.92,102.92,102.92,102.92,0,0
30YCHP.B,D,20241022,000000,102.26,102.26,102.26,102.26,0,0
30YCHP.B,D,20241023,000000,101.38,101.38,101.38,101.38,0,0
30YCHP.B,D,20241024,000000,100.73,100.73,100.73,100.73,0,0
30YCHP.B,D,20241025,000000,100.73,100.73,100.73,100.73,0,0
30YCHP.B,D,20241028,000000,100.73,100.76,100.73,100.76,0,0
30YCHP.B,D,20241029,000000,100.85,100.85,100.85,100.85,0,0
30YCHP.B,D,20241030,000000,100.85,100.85,100.85,100.85,0,0
30YCHP.B,D,20241031,000000,100.85,100.85,100.85,100.85,0,0
30YCHP.B,D,20241101,000000,100.85,101.75,100.85,101.75,0,0
30YCHP.B,D,20241104,000000,101.75,103.05,101.75,103.05,0,0
30YCHP.B,D,20241105,000000,103.05,103.05,103.05,103.05,0,0
30YCHP.B,D,20241106,000000,103.05,103.05,103.05,103.05,0,0
30YCHP.B,D,20241107,000000,103.05,103.05,103.05,103.05,0,0
30YCHP.B,D,20241108,000000,103.05,103.05,103.05,103.05,0,0
30YCHP.B,D,20241111,000000,103.05,103.05,103.05,103.05,0,0
30YCHP.B,D,20241112,000000,103.05,103.05,103.05,103.05,0,0
30YCHP.B,D,20241113,000000,103.05,103.05,103.05,103.05,0,0
30YCHP.B,D,20241114,000000,103.05,103.05,103.05,103.05,0,0
30YCHP.B,D,20241115,000000,103.05,103.05,103.05,103.05,0,0
30YCHP.B,D,20241118,000000,103.05,103.05,103.05,103.05,0,0
30YCHP.B,D,20241119,000000,103.05,103.05,103.05,103.05,0,0
30YCHP.B,D,20241120,000000,103.05,103.05,103.05,103.05,0,0
30YCHP.B,D,20241121,000000,102.95,102.95,102.95,102.95,0,0
30YCHP.B,D,20241122,000000,102.95,102.95,102.95,102.95,0,0
30YCHP.B,D,20241125,000000,102.95,102.95,102.95,102.95,0,0
30YCHP.B,D,20241126,000000,103.75,103.75,103.75,103.75,0,0
30YCHP.B,D,20241127,000000,103.75,103.75,103.75,103.75,0,0
30YCHP.B,D,20241128,000000,103.75,103.75,103.75,103.75,0,0
30YCHP.B,D,20241129,000000,103.75,108,103.75,108.0,0,0
30YCHP.B,D,20241202,000000,108.0,109.32,108,109.32,0,0
30YCHP.B,D,20241203,000000,109.32,109.32,108,108.0,0,0
30YCHP.B,D,20241204,000000,110.02,110.02,110.02,110.02,0,0
30YCHP.B,D,20241205,000000,110.02,110.02,110.02,110.02,0,0
30YCHP.B,D,20241206,000000,109.31,109.31,109.31,109.31,0,0
30YCHP.B,D,20241209,000000,109.31,109.31,109,109.0,0,0
30YCHP.B,D,20241210,000000,108.69,108.69,108.69,108.69,0,0
30YCHP.B,D,20241211,000000,108.07,108.07,108.07,108.07,0,0
30YCHP.B,D,20241212,000000,106.65,106.65,105.15,105.15,0,0
30YCHP.B,D,20241213,000000,105.15,105.15,105.15,105.15,0,0
30YCHP.B,D,20241216,000000,105.15,107.5,105.15,107.5,0,0
30YCHP.B,D,20241217,000000,107.5,107.5,107.5,107.5,0,0
30YCHP.B,D,20241218,000000,106.2,106.2,106.2,106.2,0,0
30YCHP.B,D,20241219,000000,106.2,106.2,106.2,106.2,0,0
30YCHP.B,D,20241220,000000,106.2,106.2,106.2,106.2,0,0
30YCHP.B,D,20241223,000000,106.2,106.2,106.2,106.2,0,0
30YCHP.B,D,20241227,000000,106.2,106.2,105.99,105.99,0,0
30YCHP.B,D,20241230,000000,105.99,105.99,104.93,104.93,0,0
30YCHP.B,D,20250103,000000,104.93,104.93,104.93,104.93,0,0
30YCHP.B,D,20250106,000000,104.93,104.93,104.93,104.93,0,0
30YCHP.B,D,20250107,000000,103.22,103.22,103.22,103.22,0,0
30YCHP.B,D,20250108,000000,102.27,102.27,102.27,102.27,0,0
30YCHP.B,D,20250109,000000,101.53,101.53,101.53,101.53,0,0
30YCHP.B,D,20250110,000000,101.17,101.17,101.17,101.17,0,0
30YCHP.B,D,20250113,000000,101.17,101.17,100.6,100.6,0,0
30YCHP.B,D,20250114,000000,100.1,100.1,100.1,100.1,0,0
30YCHP.B,D,20250115,000000,99.81,99.81,99.81,99.81,0,0
30YCHP.B,D,20250116,000000,99.81,99.81,99.81,99.81,0,0
30YCHP.B,D,20250117,000000,99.81,99.81,99.81,99.81,0,0
30YCHP.B,D,20250120,000000,99.81,100.63,99.81,100.63,0,0
30YCHP.B,D,20250121,000000,101.0,101.0,101.0,101.0,0,0
30YCHP.B,D,20250122,000000,101.0,101.0,101.0,101.0,0,0
30YCHP.B,D,20250123,000000,101.0,101.0,101.0,101.0,0,0
30YCHP.B,D,20250124,000000,101.0,101.0,101.0,101.0,0,0
30YCHP.B,D,20250127,000000,101.0,101.0,101.0,101.0,0,0
30YCHP.B,D,20250128,000000,101.0,101.0,101.0,101.0,0,0
30YCHP.B,D,20250129,000000,101.0,101.0,101.0,101.0,0,0
30YCHP.B,D,20250130,000000,100.9,100.9,100.9,100.9,0,0
30YCHP.B,D,20250131,000000,100.9,101,100.9,101.0,0,0
30YCHP.B,D,20250203,000000,101.0,101.0,101.0,101.0,0,0
30YCHP.B,D,20250204,000000,101.0,101.0,101.0,101.0,0,0
30YCHP.B,D,20250205,000000,101.0,101.0,101.0,101.0,0,0
30YCHP.B,D,20250206,000000,101.0,101.0,101.0,101.0,0,0
30YCHP.B,D,20250207,000000,101.0,101.0,101.0,101.0,0,0
30YCHP.B,D,20250210,000000,101.0,101.0,101.0,101.0,0,0
30YCHP.B,D,20250211,000000,101.05,101.05,101.05,101.05,0,0
30YCHP.B,D,20250212,000000,101.05,101.05,101.05,101.05,0,0
30YCHP.B,D,20250213,000000,101.05,101.05,101.05,101.05,0,0
30YCHP.B,D,20250214,000000,101.05,101.05,99.46,99.46,0,0
30YCHP.B,D,20250217,000000,99.46,99.46,99.46,99.46,0,0
30YCHP.B,D,20250218,000000,99.31,99.31,99.31,99.31,0,0
30YCHP.B,D,20250219,000000,98.47,98.47,98.47,98.47,0,0
30YCHP.B,D,20250220,000000,97.71,97.71,97.71,97.71,0,0
30YCHP.B,D,20250221,000000,97.02,97.02,97.02,97.02,0,0
30YCHP.B,D,20250224,000000,97.02,97.02,97.02,97.02,0,0
30YCHP.B,D,20250225,000000,97.02,97.02,97.02,97.02,0,0
30YCHP.B,D,20250226,000000,97.02,97.02,97.02,97.02,0,0
30YCHP.B,D,20250227,000000,97.77,97.77,97.77,97.77,0,0
30YCHP.B,D,20250228,000000,97.77,97.77,97.77,97.77,0,0
30YCHP.B,D,20250303,000000,97.77,99.25,97.77,99.25,0,0
30YCHP.B,D,20250304,000000,98.44,98.44,98.44,98.44,0,0
30YCHP.B,D,20250305,000000,98.44,98.44,98.44,98.44,0,0
30YCHP.B,D,20250306,000000,95.96,95.96,95.96,95.96,0,0
30YCHP.B,D,20250307,000000,94.77,94.77,94.77,94.77,0,0
30YCHP.B,D,20250310,000000,94.77,94.77,94.71,94.71,0,0
30YCHP.B,D,20250311,000000,94.71,94.71,94.71,94.71,0,0
30YCHP.B,D,20250312,000000,92.52,92.52,92.52,92.52,0,0
30YCHP.B,D,20250313,000000,92.52,92.52,92.52,92.52,0,0
30YCHP.B,D,20250314,000000,92.52,92.52,92.52,92.52,0,0
30YCHP.B,D,20250317,000000,92.52,92.52,92.52,92.52,0,0
30YCHP.B,D,20250318,000000,92.52,92.52,92.52,92.52,0,0
30YCHP.B,D,20250319,000000,92.52,92.52,92.52,92.52,0,0
30YCHP.B,D,20250320,000000,92.52,92.52,92.52,92.52,0,0
30YCHP.B,D,20250321,000000,92.52,92.52,92.52,92.52,0,0
30YCHP.B,D,20250324,000000,92.52,92.52,92.52,92.52,0,0
30YCHP.B,D,20250325,000000,92.52,92.52,92.52,92.52,0,0
30YCHP.B,D,20250326,000000,92.52,92.52,92.52,92.52,0,0
30YCHP.B,D,20250327,000000,92.52,94.31,92.52,94.31,0,0
30YCHP.B,D,20250328,000000,94.31,95.9,94.31,95.9,0,0
30YCHP.B,D,20250331,000000,95.9,98.72,95.9,98.72,0,0
30YCHP.B,D,20250401,000000,98.72,98.72,98.72,98.72,0,0
30YCHP.B,D,20250402,000000,98.15,98.15,98.15,98.15,0,0
30YCHP.B,D,20250403,000000,97.65,97.65,97.65,97.65,0,0
30YCHP.B,D,20250404,000000,97.65,97.65,97.65,97.65,0,0
30YCHP.B,D,20250407,000000,97.65,97.81,97.65,97.81,0,0
30YCHP.B,D,20250408,000000,97.81,97.81,97.81,97.81,0,0
30YCHP.B,D,20250409,000000,97.81,97.81,97.81,97.81,0,0
30YCHP.B,D,20250410,000000,97.81,97.81,97.81,97.81,0,0
30YCHP.B,D,20250411,000000,97.81,97.81,97.81,97.81,0,0
30YCHP.B,D,20250414,000000,97.81,99.55,97.81,99.55,0,0
30YCHP.B,D,20250415,000000,99.55,99.55,99.55,99.55,0,0
30YCHP.B,D,20250416,000000,98.63,99.9,98.63,99.9,0,0
30YCHP.B,D,20250417,000000,99.9,99.9,99.9,99.9,0,0
30YCHP.B,D,20250422,000000,99.9,99.9,99.9,99.9,0,0
30YCHP.B,D,20250423,000000,99.9,99.9,99.9,99.9,0,0
30YCHP.B,D,20250424,000000,99.9,99.9,99.9,99.9,0,0
30YCHP.B,D,20250425,000000,99.9,99.9,99.9,99.9,0,0
30YCHP.B,D,20250428,000000,99.9,99.9,99.9,99.9,0,0
30YCHP.B,D,20250429,000000,99.9,99.9,99.9,99.9,0,0
30YCHP.B,D,20250430,000000,100.75,102.78,100.75,102.78,0,0
30YCHP.B,D,20250502,000000,102.78,102.78,101.6,101.69,0,0
30YCHP.B,D,20250505,000000,101.69,101.69,101.69,101.69,0,0
30YCHP.B,D,20250506,000000,101.83,102.49,101.83,102.49,0,0
30YCHP.B,D,20250507,000000,102.49,102.49,102.49,102.49,0,0
30YCHP.B,D,20250508,000000,105.07,105.07,105.07,105.07,0,0
30YCHP.B,D,20250509,000000,105.07,105.07,105.07,105.07,0,0
30YCHP.B,D,20250512,000000,105.07,105.07,104.35,104.35,0,0
30YCHP.B,D,20250513,000000,102.95,102.95,102.95,102.95,0,0
30YCHP.B,D,20250514,000000,101.95,101.95,101.95,101.95,0,0
30YCHP.B,D,20250515,000000,101.9,101.9,101.9,101.9,0,0
30YCHP.B,D,20250516,000000,101.9,101.9,101.9,101.9,0,0
30YCHP.B,D,20250519,000000,101.9,101.96,101.9,101.96,0,0
30YCHP.B,D,20250520,000000,101.96,101.96,101.96,101.96,0,0
30YCHP.B,D,20250521,000000,100.7,100.7,100.7,100.7,0,0
30YCHP.B,D,20250522,000000,99.85,99.85,99.85,99.85,0,0
30YCHP.B,D,20250523,000000,99.7,99.7,99.7,99.7,0,0
30YCHP.B,D,20250526,000000,99.7,99.77,99.7,99.77,0,0
30YCHP.B,D,20250527,000000,99.77,99.77,99.77,99.77,0,0
30YCHP.B,D,20250528,000000,101.03,101.03,101.03,101.03,0,0
30YCHP.B,D,20250530,000000,101.03,103,101.03,103.0,0,0
30YCHP.B,D,20250602,000000,103.0,103.0,103.0,103.0,0,0
30YCHP.B,D,20250603,000000,103.0,103.0,103.0,103.0,0,0
30YCHP.B,D,20250604,000000,103.0,103.0,103.0,103.0,0,0
30YCHP.B,D,20250605,000000,103.0,103.0,103.0,103.0,0,0
30YCHP.B,D,20250606,000000,102.48,102.48,102.48,102.48,0,0
30YCHP.B,D,20250610,000000,102.48,102.48,102.3,102.3,0,0
30YCHP.B,D,20250611,000000,102.04,102.04,102.04,102.04,0,0
30YCHP.B,D,20250612,000000,102.04,102.04,102.04,102.04,0,0
30YCHP.B,D,20250613,000000,102.04,102.04,102.04,102.04,0,0
30YCHP.B,D,20250616,000000,102.04,102.04,102.04,102.04,0,0
30YCHP.B,D,20250617,000000,101.47,101.47,101.47,101.47,0,0
30YCHP.B,D,20250618,000000,101.47,101.47,101.18,101.18,0,0
30YCHP.B,D,20250619,000000,101.18,101.18,101.18,101.18,0,0
30YCHP.B,D,20250620,000000,100.83,100.83,100.83,100.83,0,0
30YCHP.B,D,20250623,000000,100.83,100.83,100.4,100.4,0,0
30YCHP.B,D,20250624,000000,100.4,100.4,100.4,100.4,0,0
30YCHP.B,D,20250625,000000,99.62,99.62,99.62,99.62,0,0
30YCHP.B,D,20250626,000000,97.86,97.86,97.86,97.86,0,0
30YCHP.B,D,20250627,000000,97.86,97.86,97.86,97.86,0,0
30YCHP.B,D,20250630,000000,97.86,97.86,96.48,96.48,0,0
30YCHP.B,D,20250701,000000,96.48,96.48,96.48,96.48,0,0
30YCHP.B,D,20250702,000000,96.48,96.48,96.48,96.48,0,0
30YCHP.B,D,20250703,000000,96.48,96.48,96.48,96.48,0,0
30YCHP.B,D,20250704,000000,96.48,96.48,96.48,96.48,0,0
30YCHP.B,D,20250707,000000,96.48,96.48,96.48,96.48,0,0
30YCHP.B,D,20250708,000000,96.48,96.48,96.48,96.48,0,0
30YCHP.B,D,20250709,000000,96.48,96.48,96.48,96.48,0,0
30YCHP.B,D,20250710,000000,96.48,96.48,96.48,96.48,0,0
30YCHP.B,D,20250711,000000,96.48,96.48,96.48,96.48,0,0
30YCHP.B,D,20250714,000000,97.15,97.15,97.15,97.15,0,0
30YCHP.B,D,20250715,000000,96.8,96.8,96.8,96.8,0,0
30YCHP.B,D,20250716,000000,96.8,96.8,96.8,96.8,0,0
30YCHP.B,D,20250717,000000,96.8,96.8,94.8,94.8,0,0
30YCHP.B,D,20250718,000000,94.8,94.8,94.8,94.8,0,0
30YCHP.B,D,20250721,000000,94.8,97.8,94.8,97.8,0,0
30YCHP.B,D,20250722,000000,97.8,97.8,97.8,97.8,0,0
30YCHP.B,D,20250723,000000,97.8,97.8,97.8,97.8,0,0
30YCHP.B,D,20250724,000000,97.8,97.8,96.25,96.25,0,0
30YCHP.B,D,20250725,000000,96.25,96.25,96.25,96.25,0,0
30YCHP.B,D,20250728,000000,96.25,96.45,96.25,96.45,0,0
30YCHP.B,D,20250729,000000,97.95,97.95,97.95,97.95,0,0
30YCHP.B,D,20250730,000000,98.1,98.1,98.1,98.1,0,0
30YCHP.B,D,20250731,000000,98.1,98.1,98.1,98.1,0,0
30YCHP.B,D,20250804,000000,98.1,98.47,98.1,98.47,0,0
30YCHP.B,D,20250805,000000,100.69,100.69,100.69,100.69,0,0
30YCHP.B,D,20250806,000000,100.98,100.98,100.98,100.98,0,0
30YCHP.B,D,20250807,000000,100.98,100.98,100.98,100.98,0,0
30YCHP.B,D,20250808,000000,102.06,102.06,102.06,102.06,0,0
30YCHP.B,D,20250811,000000,102.06,102.06,102.06,102.06,0,0
30YCHP.B,D,20250812,000000,102.06,102.06,102.06,102.06,0,0
30YCHP.B,D,20250813,000000,102.06,102.06,102.06,102.06,0,0
30YCHP.B,D,20250814,000000,102.06,102.06,102.06,102.06,0,0
30YCHP.B,D,20250815,000000,102.06,102.06,102.06,102.06,0,0
30YCHP.B,D,20250818,000000,102.06,102.06,101.93,101.93,0,0
30YCHP.B,D,20250819,000000,101.71,101.71,101.71,101.71,0,0
30YCHP.B,D,20250820,000000,101.71,101.71,101.71,101.71,0,0
30YCHP.B,D,20250821,000000,101.71,101.71,100.45,100.45,0,0
30YCHP.B,D,20250822,000000,100.45,100.45,100.45,100.45,0,0
30YCHP.B,D,20250825,000000,100.45,100.81,100.45,100.81,0,0
30YCHP.B,D,20250826,000000,100.81,100.81,100.81,100.81,0,0
30YCHP.B,D,20250827,000000,100.74,100.74,100.74,100.74,0,0
30YCHP.B,D,20250828,000000,100.74,100.74,100.74,100.74,0,0
30YCHP.B,D,20250829,000000,100.81,102,100.81,102.0,0,0
30YCHP.B,D,20250901,000000,102.0,102.0,102.0,102.0,0,0
30YCHP.B,D,20250902,000000,101.5,101.5,101.5,101.5,0,0
30YCHP.B,D,20250903,000000,101.15,101.15,101.15,101.15,0,0
30YCHP.B,D,20250904,000000,101.15,102.65,101.15,102.65,0,0
30YCHP.B,D,20250905,000000,102.65,102.65,102.65,102.65,0,0
30YCHP.B,D,20250908,000000,102.65,102.65,102.65,102.65,0,0
30YCHP.B,D,20250909,000000,102.65,102.65,102.65,102.65,0,0
30YCHP.B,D,20250910,000000,102.65,102.65,102.65,102.65,0,0
30YCHP.B,D,20250911,000000,102.65,102.65,102.65,102.65,0,0
30YCHP.B,D,20250912,000000,102.65,103.65,102.65,103.65,0,0
30YCHP.B,D,20250915,000000,103.65,103.65,103.65,103.65,0,0
30YCHP.B,D,20250916,000000,103.65,103.65,103.65,103.65,0,0
30YCHP.B,D,20250917,000000,103.65,105.35,103.65,105.35,0,0
30YCHP.B,D,20250918,000000,105.35,105.35,105.35,105.35,0,0
30YCHP.B,D,20250919,000000,105.35,105.35,105.35,105.35,0,0
30YCHP.B,D,20250922,000000,105.35,105.35,105.2,105.2,0,0
30YCHP.B,D,20250923,000000,104.95,104.95,104.95,104.95,0,0
30YCHP.B,D,20250924,000000,104.95,104.95,104.95,104.95,0,0
30YCHP.B,D,20250925,000000,104.6,104.6,104.6,104.6,0,0
30YCHP.B,D,20250926,000000,104.6,104.6,104.6,104.6,0,0
30YCHP.B,D,20250929,000000,104.6,104.6,104.6,104.6,0,0
30YCHP.B,D,20250930,000000,104.6,104.6,104.6,104.6,0,0
30YCHP.B,D,20251001,000000,104.6,104.6,104.6,104.6,0,0
30YCHP.B,D,20251002,000000,104.3,104.3,104.3,104.3,0,0
30YCHP.B,D,20251003,000000,103.57,103.57,103.57,103.57,0,0
30YCHP.B,D,20251006,000000,103.57,103.57,103.57,103.57,0,0
30YCHP.B,D,20251007,000000,103.13,103.13,103.13,103.13,0,0
30YCHP.B,D,20251008,000000,103.13,103.13,102.6,102.6,0,0
30YCHP.B,D,20251009,000000,102.67,102.67,102.67,102.67,0,0
30YCHP.B,D,20251010,000000,102.89,102.89,102.89,102.89,0,0
30YCHP.B,D,20251013,000000,102.89,102.89,102.89,102.89,0,0
30YCHP.B,D,20251014,000000,104.65,104.65,104.65,104.65,0,0
30YCHP.B,D,20251015,000000,104.87,106.8,104.87,106.8,0,0
30YCHP.B,D,20251016,000000,106.8,107.05,106.8,107.05,0,0
30YCHP.B,D,20251017,000000,107.05,107.05,107.05,107.05,0,0
30YCHP.B,D,20251020,000000,107.05,107.05,106.6,106.6,0,0
30YCHP.B,D,20251021,000000,106.6,106.6,106.6,106.6,0,0
30YCHP.B,D,20251022,000000,106.6,106.6,106.6,106.6,0,0
30YCHP.B,D,20251023,000000,106.6,107.54,106.6,107.54,0,0
30YCHP.B,D,20251024,000000,107.54,107.54,107.54,107.54,0,0
30YCHP.B,D,20251027,000000,107.54,107.95,107.54,107.95,0,0
30YCHP.B,D,20251028,000000,107.95,107.95,107.95,107.95,0,0
30YCHP.B,D,20251029,000000,107.95,107.95,107.95,107.95,0,0
30YCHP.B,D,20251030,000000,107.95,107.95,107.95,107.95,0,0
30YCHP.B,D,20251031,000000,108.45,108.7,108.45,108.7,0,0
30YCHP.B,D,20251103,000000,108.7,108.7,108.7,108.7,0,0
30YCHP.B,D,20251104,000000,108.55,108.55,108.55,108.55,0,0
30YCHP.B,D,20251105,000000,108.55,108.55,108.5,108.5,0,0
30YCHP.B,D,20251106,000000,108.5,108.5,108.5,108.5,0,0
30YCHP.B,D,20251107,000000,108.5,108.5,107.88,107.88,0,0
30YCHP.B,D,20251110,000000,107.88,107.88,107.88,107.88,0,0
30YCHP.B,D,20251111,000000,107.88,107.88,107.88,107.88,0,0
30YCHP.B,D,20251112,000000,107.5,107.5,107.5,107.5,0,0
30YCHP.B,D,20251113,000000,107.2,107.2,107.2,107.2,0,0
30YCHP.B,D,20251114,000000,107.2,107.2,107.2,107.2,0,0
30YCHP.B,D,20251117,000000,107.2,107.2,106.65,106.65,0,0
30YCHP.B,D,20251118,000000,106.65,106.65,106.65,106.65,0,0
30YCHP.B,D,20251119,000000,106.65,106.65,106.65,106.65,0,0
30YCHP.B,D,20251120,000000,106.35,106.35,106.35,106.35,0,0
30YCHP.B,D,20251121,000000,106.35,106.85,106.35,106.85,0,0
30YCHP.B,D,20251124,000000,106.85,106.85,106.85,106.85,0,0
30YCHP.B,D,20251125,000000,106.3,106.3,106.3,106.3,0,0
30YCHP.B,D,20251126,000000,106.3,106.45,106.3,106.45,0,0
30YCHP.B,D,20251127,000000,106.45,106.45,106.45,106.45,0,0
30YCHP.B,D,20251128,000000,106.15,106.15,106.15,106.15,0,0
30YCHP.B,D,20251201,000000,106.15,106.15,106.1,106.1,0,0
30YCHP.B,D,20251202,000000,105.75,105.75,105.75,105.75,0,0
30YCHP.B,D,20251203,000000,105.75,105.75,105.75,105.75,0,0
30YCHP.B,D,20251204,000000,105.75,105.75,105.75,105.75,0,0
30YCHP.B,D,20251205,000000,105.75,105.75,105.75,105.75,0,0
30YCHP.B,D,20251208,000000,105.75,105.75,105.7,105.7,0,0
30YCHP.B,D,20251209,000000,104.15,104.15,104.15,104.15,0,0
30YCHP.B,D,20251210,000000,104.15,104.15,104.15,104.15,0,0
30YCHP.B,D,20251211,000000,103.34,103.34,103.34,103.34,0,0
30YCHP.B,D,20251212,000000,102.83,102.83,102.83,102.83,0,0
30YCHP.B,D,20251215,000000,102.83,102.83,101.81,101.81,0,0
30YCHP.B,D,20251216,000000,101.81,101.81,101.81,101.81,0,0
30YCHP.B,D,20251217,000000,101.81,101.81,101.75,101.75,0,0
30YCHP.B,D,20251218,000000,101.75,101.75,101.75,101.75,0,0
30YCHP.B,D,20251219,000000,101.75,101.75,101.75,101.75,0,0
30YCHP.B,D,20251222,000000,101.75,101.75,101.43,101.43,0,0
30YCHP.B,D,20251223,000000,101.43,101.43,101.43,101.43,0,0
30YCHP.B,D,20251225,000000,101.43,101.43,101.43,101.43,0,0
30YCHP.B,D,20251226,000000,101.43,101.43,101.43,101.43,0,0
30YCHP.B,D,20251229,000000,101.43,101.43,101.43,101.43,0,0
30YCHP.B,D,20251230,000000,101.43,101.43,101.43,101.43,0,0
30YCHP.B,D,20260101,000000,101.43,101.43,101.43,101.43,0,0
30YCHP.B,D,20260102,000000,101.43,101.43,101.43,101.43,0,0
30YCHP.B,D,20260105,000000,101.43,101.9,101.43,101.9,0,0
30YCHP.B,D,20260106,000000,101.9,103.3,101.9,103.3,0,0
30YCHP.B,D,20260107,000000,103.3,103.3,103.3,103.3,0,0
30YCHP.B,D,20260108,000000,103.0,103.0,103.0,103.0,0,0
30YCHP.B,D,20260109,000000,102.45,102.45,102.45,102.45,0,0
30YCHP.B,D,20260112,000000,102.45,102.45,102.15,102.15,0,0
30YCHP.B,D,20260113,000000,102.15,102.15,102.15,102.15,0,0
30YCHP.B,D,20260114,000000,102.2,102.2,102.2,102.2,0,0
30YCHP.B,D,20260115,000000,102.2,102.2,102.2,102.2,0,0
30YCHP.B,D,20260116,000000,102.28,102.28,102.28,102.28,0,0
30YCHP.B,D,20260119,000000,102.28,102.28,102.28,102.28,0,0
30YCHP.B,D,20260120,000000,102.28,102.28,102.28,102.28,0,0
30YCHP.B,D,20260121,000000,102.28,102.28,102.28,102.28,0,0
30YCHP.B,D,20260122,000000,102.25,102.25,102.25,102.25,0,0
30YCHP.B,D,20260123,000000,102.25,102.25,102.25,102.25,0,0
30YCHP.B,D,20260126,000000,102.25,102.25,102.25,102.25,0,0
30YCHP.B,D,20260127,000000,102.25,102.25,102.25,102.25,0,0
30YCHP.B,D,20260128,000000,102.25,102.25,102.25,102.25,0,0
30YCHP.B,D,20260129,000000,102.25,102.25,102.25,102.25,0,0
30YCHP.B,D,20260130,000000,102.84,102.84,102.84,102.84,0,0
30YCHP.B,D,20260202,000000,102.84,102.84,102.84,102.84,0,0
30YCHP.B,D,20260203,000000,102.84,102.84,102.84,102.84,0,0
30YCHP.B,D,20260204,000000,102.84,102.84,101.5,101.5,0,0
30YCHP.B,D,20260205,000000,101.5,101.5,101.5,101.5,0,0
30YCHP.B,D,20260206,000000,101.5,101.5,101.5,101.5,0,0
30YCHP.B,D,20260209,000000,101.5,101.5,101.5,101.5,0,0
30YCHP.B,D,20260210,000000,101.5,101.5,101.5,101.5,0,0
