<TICKER>,<PER>,<DATE>,<TIME>,<OPEN>,<HIGH>,<LOW>,<CLOSE>,<VOL>,<OPENINT>
30YFRP.B,D,20240321,000000,94.217,94.217,93.758,93.758,0,0
30YFRP.B,D,20240322,000000,94.236,94.743,94.236,94.743,0,0
30YFRP.B,D,20240325,000000,94.743,94.743,94.177,94.177,0,0
30YFRP.B,D,20240326,000000,94.346,94.346,94.293,94.293,0,0
30YFRP.B,D,20240327,000000,94.501,94.953,94.501,94.953,0,0
30YFRP.B,D,20240328,000000,94.763,94.763,94.763,94.763,0,0
30YFRP.B,D,20240402,000000,94.744,94.744,92.17,92.17,0,0
30YFRP.B,D,20240403,000000,91.976,92.477,91.976,92.477,0,0
30YFRP.B,D,20240404,000000,92.816,93.502,92.816,93.502,0,0
30YFRP.B,D,20240405,000000,93.423,93.423,92.851,92.851,0,0
30YFRP.B,D,20240408,000000,92.851,92.851,92.304,92.607,0,0
30YFRP.B,D,20240409,000000,93.257,94.193,93.257,94.193,0,0
30YFRP.B,D,20240410,000000,94.035,94.035,93.084,93.084,0,0
30YFRP.B,D,20240411,000000,92.713,92.713,92.32,92.32,0,0
30YFRP.B,D,20240412,000000,93.972,93.972,93.972,93.972,0,0
30YFRP.B,D,20240415,000000,93.972,93.972,92.56,92.56,0,0
30YFRP.B,D,20240416,000000,92.056,92.056,91.347,91.347,0,0
30YFRP.B,D,20240417,000000,91.898,92.114,91.898,92.114,0,0
30YFRP.B,D,20240418,000000,96.681,96.681,95.924,95.924,0,0
30YFRP.B,D,20240419,000000,96.126,96.126,95.736,95.736,0,0
30YFRP.B,D,20240422,000000,95.736,95.858,95.623,95.858,0,0
30YFRP.B,D,20240423,000000,96.201,96.201,95.806,95.806,0,0
30YFRP.B,D,20240424,000000,95.256,95.256,94.015,94.015,0,0
30YFRP.B,D,20240425,000000,94.322,94.322,93.494,93.494,0,0
30YFRP.B,D,20240426,000000,94.2,94.864,94.2,94.864,0,0
30YFRP.B,D,20240429,000000,94.864,95.82,94.864,95.82,0,0
30YFRP.B,D,20240430,000000,95.391,95.391,95.103,95.103,0,0
30YFRP.B,D,20240502,000000,95.23,95.876,95.23,95.779,0,0
30YFRP.B,D,20240503,000000,95.905,96.149,95.905,96.149,0,0
30YFRP.B,D,20240506,000000,96.149,97.037,96.149,97.037,0,0
30YFRP.B,D,20240507,000000,97.404,97.636,97.404,97.636,0,0
30YFRP.B,D,20240508,000000,97.516,97.516,97.005,97.005,0,0
30YFRP.B,D,20240509,000000,96.42,96.42,95.954,95.954,0,0
30YFRP.B,D,20240510,000000,96.572,96.572,95.866,95.866,0,0
30YFRP.B,D,20240513,000000,95.866,95.941,95.796,95.941,0,0
30YFRP.B,D,20240514,000000,95.966,95.966,95.263,95.263,0,0
30YFRP.B,D,20240515,000000,95.956,96.868,95.956,96.868,0,0
30YFRP.B,D,20240516,000000,96.868,97.416,96.868,96.997,0,0
30YFRP.B,D,20240517,000000,96.095,96.095,95.949,95.949,0,0
30YFRP.B,D,20240520,000000,95.949,95.949,95.624,95.624,0,0
30YFRP.B,D,20240521,000000,95.624,96.086,95.624,96.086,0,0
30YFRP.B,D,20240522,000000,95.657,95.682,95.657,95.682,0,0
30YFRP.B,D,20240523,000000,95.374,95.374,94.895,94.895,0,0
30YFRP.B,D,20240524,000000,95.183,95.467,95.183,95.467,0,0
30YFRP.B,D,20240527,000000,95.467,95.818,95.025,95.818,0,0
30YFRP.B,D,20240528,000000,95.712,95.712,95.218,95.218,0,0
30YFRP.B,D,20240529,000000,94.51,94.51,93.521,93.521,0,0
30YFRP.B,D,20240530,000000,93.268,93.268,93.108,93.108,0,0
30YFRP.B,D,20240531,000000,93.242,93.842,93.242,93.842,0,0
30YFRP.B,D,20240603,000000,93.842,95.037,93.842,95.037,0,0
30YFRP.B,D,20240604,000000,95.595,95.595,95.509,95.509,0,0
30YFRP.B,D,20240605,000000,95.479,95.807,95.479,95.807,0,0
30YFRP.B,D,20240606,000000,95.982,95.982,95.622,95.622,0,0
30YFRP.B,D,20240607,000000,95.473,95.473,94.669,94.669,0,0
30YFRP.B,D,20240610,000000,94.669,94.669,92.643,92.643,0,0
30YFRP.B,D,20240611,000000,92.137,92.137,91.664,91.664,0,0
30YFRP.B,D,20240612,000000,92.672,93.489,92.672,93.489,0,0
30YFRP.B,D,20240613,000000,92.895,93.444,92.895,93.444,0,0
30YFRP.B,D,20240614,000000,93.269,94.099,93.269,94.099,0,0
30YFRP.B,D,20240617,000000,94.099,94.099,93.547,93.547,0,0
30YFRP.B,D,20240618,000000,93.625,94.161,93.625,94.161,0,0
30YFRP.B,D,20240619,000000,93.592,93.592,93.568,93.568,0,0
30YFRP.B,D,20240620,000000,93.287,93.357,93.287,93.357,0,0
30YFRP.B,D,20240621,000000,94.036,94.036,92.657,92.657,0,0
30YFRP.B,D,20240624,000000,92.657,93.103,92.657,93.103,0,0
30YFRP.B,D,20240625,000000,93.354,93.354,93.069,93.069,0,0
30YFRP.B,D,20240626,000000,93.1,93.1,93.1,93.1,0,0
30YFRP.B,D,20240627,000000,91.754,92.093,91.754,92.093,0,0
30YFRP.B,D,20240628,000000,91.793,91.793,90.272,90.272,0,0
30YFRP.B,D,20240701,000000,90.272,90.763,90.153,90.153,0,0
30YFRP.B,D,20240702,000000,90.18,90.682,90.18,90.682,0,0
30YFRP.B,D,20240703,000000,90.844,91.641,90.844,91.641,0,0
30YFRP.B,D,20240704,000000,91.36,91.56,91.36,91.56,0,0
30YFRP.B,D,20240705,000000,91.882,92.42,91.882,92.42,0,0
30YFRP.B,D,20240708,000000,92.42,93.349,91.934,93.349,0,0
30YFRP.B,D,20240709,000000,93.349,93.349,92.312,92.312,0,0
30YFRP.B,D,20240710,000000,92.742,93.107,92.742,93.107,0,0
30YFRP.B,D,20240711,000000,92.924,93.555,92.924,93.555,0,0
30YFRP.B,D,20240712,000000,92.929,93.13,92.929,93.13,0,0
30YFRP.B,D,20240715,000000,93.13,93.77,93.13,93.77,0,0
30YFRP.B,D,20240716,000000,94.037,94.117,94.037,94.117,0,0
30YFRP.B,D,20240717,000000,94.362,94.362,94.348,94.348,0,0
30YFRP.B,D,20240718,000000,94.331,94.331,94.331,94.331,0,0
30YFRP.B,D,20240719,000000,94.246,94.246,93.296,93.296,0,0
30YFRP.B,D,20240722,000000,93.296,93.374,93.242,93.374,0,0
30YFRP.B,D,20240723,000000,93.053,93.207,93.053,93.207,0,0
30YFRP.B,D,20240724,000000,93.19,93.19,92.6,92.6,0,0
30YFRP.B,D,20240725,000000,92.467,92.655,92.467,92.655,0,0
30YFRP.B,D,20240726,000000,92.207,92.864,92.207,92.864,0,0
30YFRP.B,D,20240729,000000,92.864,93.721,92.864,93.721,0,0
30YFRP.B,D,20240730,000000,93.915,93.982,93.915,93.982,0,0
30YFRP.B,D,20240731,000000,94.32,94.728,94.32,94.728,0,0
30YFRP.B,D,20240801,000000,94.851,94.851,94.851,94.851,0,0
30YFRP.B,D,20240802,000000,94.963,95.792,94.963,95.792,0,0
30YFRP.B,D,20240805,000000,95.792,95.792,95.286,95.286,0,0
30YFRP.B,D,20240806,000000,95.821,95.821,95.632,95.632,0,0
30YFRP.B,D,20240807,000000,95.317,95.317,94.933,94.933,0,0
30YFRP.B,D,20240808,000000,95.177,95.177,94.341,94.341,0,0
30YFRP.B,D,20240809,000000,94.85,95.407,94.85,95.407,0,0
30YFRP.B,D,20240812,000000,95.407,95.407,95.407,95.407,0,0
30YFRP.B,D,20240813,000000,95.368,95.994,95.368,95.994,0,0
30YFRP.B,D,20240814,000000,95.73,96.198,95.73,96.198,0,0
30YFRP.B,D,20240815,000000,96.141,96.141,95.185,95.185,0,0
30YFRP.B,D,20240816,000000,95.389,95.389,95.389,95.389,0,0
30YFRP.B,D,20240819,000000,95.389,95.836,95.389,95.427,0,0
30YFRP.B,D,20240820,000000,95.691,95.783,95.691,95.783,0,0
30YFRP.B,D,20240821,000000,95.786,95.814,95.786,95.814,0,0
30YFRP.B,D,20240822,000000,96.068,96.068,95.655,95.655,0,0
30YFRP.B,D,20240823,000000,95.089,95.977,95.089,95.977,0,0
30YFRP.B,D,20240826,000000,95.977,95.977,95.12,95.12,0,0
30YFRP.B,D,20240827,000000,95.014,95.014,93.752,93.752,0,0
30YFRP.B,D,20240828,000000,94.492,94.693,94.492,94.693,0,0
30YFRP.B,D,20240829,000000,94.836,94.836,94.457,94.457,0,0
30YFRP.B,D,20240830,000000,94.547,94.547,94.494,94.494,0,0
30YFRP.B,D,20240902,000000,94.494,94.494,93.287,93.775,0,0
30YFRP.B,D,20240903,000000,93.795,93.795,93.795,93.795,0,0
30YFRP.B,D,20240904,000000,95.114,95.757,95.114,95.757,0,0
30YFRP.B,D,20240905,000000,95.404,95.897,95.404,95.897,0,0
30YFRP.B,D,20240906,000000,96.668,96.668,96.141,96.141,0,0
30YFRP.B,D,20240909,000000,96.141,96.141,95.454,96.038,0,0
30YFRP.B,D,20240910,000000,95.899,95.899,95.899,95.899,0,0
30YFRP.B,D,20240911,000000,97.132,97.235,97.132,97.235,0,0
30YFRP.B,D,20240912,000000,96.795,96.868,96.795,96.868,0,0
30YFRP.B,D,20240913,000000,96.816,96.816,96.412,96.412,0,0
30YFRP.B,D,20240916,000000,96.412,96.614,96.412,96.614,0,0
30YFRP.B,D,20240917,000000,96.982,96.982,96.652,96.652,0,0
30YFRP.B,D,20240918,000000,96.167,96.167,95.451,95.451,0,0
30YFRP.B,D,20240919,000000,95.085,95.085,94.476,94.476,0,0
30YFRP.B,D,20240920,000000,95.094,95.094,94.317,94.317,0,0
30YFRP.B,D,20240923,000000,94.317,94.317,94.029,94.029,0,0
30YFRP.B,D,20240924,000000,93.823,93.823,93.823,93.823,0,0
30YFRP.B,D,20240925,000000,94.779,94.779,93.427,93.427,0,0
30YFRP.B,D,20240926,000000,93.947,93.947,93.947,93.947,0,0
30YFRP.B,D,20240927,000000,94.878,94.878,94.185,94.185,0,0
30YFRP.B,D,20240930,000000,94.185,94.533,93.594,94.533,0,0
30YFRP.B,D,20241001,000000,95.265,96.764,95.265,96.764,0,0
30YFRP.B,D,20241002,000000,95.426,95.426,94.819,94.819,0,0
30YFRP.B,D,20241003,000000,94.652,94.652,94.652,94.652,0,0
30YFRP.B,D,20241004,000000,94.083,94.083,94.083,94.083,0,0
30YFRP.B,D,20241007,000000,94.083,94.083,93.606,93.606,0,0
30YFRP.B,D,20241008,000000,93.394,93.557,93.394,93.557,0,0
30YFRP.B,D,20241009,000000,93.664,93.664,93.484,93.484,0,0
30YFRP.B,D,20241010,000000,93.233,93.486,93.233,93.486,0,0
30YFRP.B,D,20241011,000000,93.406,93.406,93.406,93.406,0,0
30YFRP.B,D,20241014,000000,93.406,93.406,93.307,93.307,0,0
30YFRP.B,D,20241015,000000,94.156,94.156,94.156,94.156,0,0
30YFRP.B,D,20241016,000000,94.76,95.243,94.76,95.243,0,0
30YFRP.B,D,20241017,000000,94.64,94.64,94.64,94.64,0,0
30YFRP.B,D,20241018,000000,94.086,94.086,94.086,94.086,0,0
30YFRP.B,D,20241021,000000,94.086,94.485,94.086,94.485,0,0
30YFRP.B,D,20241022,000000,92.347,92.347,92.347,92.347,0,0
30YFRP.B,D,20241023,000000,92.547,92.547,92.547,92.547,0,0
30YFRP.B,D,20241024,000000,92.948,93.628,92.948,93.628,0,0
30YFRP.B,D,20241025,000000,93.608,93.608,93.608,93.608,0,0
30YFRP.B,D,20241028,000000,93.608,93.608,92.843,92.843,0,0
30YFRP.B,D,20241029,000000,92.549,92.549,92.549,92.549,0,0
30YFRP.B,D,20241030,000000,92.645,92.645,92.168,92.168,0,0
30YFRP.B,D,20241031,000000,92.168,92.387,92.168,92.387,0,0
30YFRP.B,D,20241101,000000,92.387,92.699,92.387,92.618,0,0
30YFRP.B,D,20241104,000000,92.618,92.618,92.441,92.441,0,0
30YFRP.B,D,20241105,000000,92.729,92.729,92.729,92.729,0,0
30YFRP.B,D,20241106,000000,92.729,92.879,92.729,92.879,0,0
30YFRP.B,D,20241107,000000,90.879,90.879,90.879,90.879,0,0
30YFRP.B,D,20241108,000000,90.879,92.965,90.879,92.965,0,0
30YFRP.B,D,20241111,000000,92.965,93.754,92.965,93.535,0,0
30YFRP.B,D,20241112,000000,93.535,93.83,93.535,93.83,0,0
30YFRP.B,D,20241113,000000,93.197,93.197,93.197,93.197,0,0
30YFRP.B,D,20241114,000000,93.175,93.641,93.109,93.641,0,0
30YFRP.B,D,20241115,000000,94.005,94.133,94.005,94.133,0,0
30YFRP.B,D,20241118,000000,94.133,94.133,93.67,93.67,0,0
30YFRP.B,D,20241119,000000,94.942,94.942,94.489,94.489,0,0
30YFRP.B,D,20241120,000000,94.489,94.489,93.906,94.117,0,0
30YFRP.B,D,20241121,000000,93.603,93.918,93.603,93.918,0,0
30YFRP.B,D,20241122,000000,94.062,94.062,94.062,94.062,0,0
30YFRP.B,D,20241125,000000,94.062,94.769,94.062,94.769,0,0
30YFRP.B,D,20241126,000000,94.57,94.57,94.57,94.57,0,0
30YFRP.B,D,20241127,000000,94.57,94.57,94.443,94.443,0,0
30YFRP.B,D,20241128,000000,95.327,95.775,95.327,95.775,0,0
30YFRP.B,D,20241129,000000,95.775,95.784,95.775,95.784,0,0
30YFRP.B,D,20241202,000000,95.784,96.903,95.784,96.119,0,0
30YFRP.B,D,20241203,000000,96.119,96.246,96.119,96.246,0,0
30YFRP.B,D,20241204,000000,96.462,96.462,96.462,96.462,0,0
30YFRP.B,D,20241205,000000,97.163,97.163,97.163,97.163,0,0
30YFRP.B,D,20241206,000000,98.216,98.216,98.216,98.216,0,0
30YFRP.B,D,20241209,000000,98.216,98.216,97.182,97.182,0,0
30YFRP.B,D,20241210,000000,97.232,97.232,97.232,97.232,0,0
30YFRP.B,D,20241211,000000,96.885,96.885,96.885,96.885,0,0
30YFRP.B,D,20241212,000000,95.906,95.906,95.906,95.906,0,0
30YFRP.B,D,20241213,000000,94.6,94.6,94.31,94.31,0,0
30YFRP.B,D,20241216,000000,94.31,94.31,93.85,94.077,0,0
30YFRP.B,D,20241217,000000,94.167,94.167,94.063,94.063,0,0
30YFRP.B,D,20241218,000000,93.846,93.846,93.846,93.846,0,0
30YFRP.B,D,20241219,000000,93.356,93.356,92.845,92.845,0,0
30YFRP.B,D,20241220,000000,92.37,93.159,92.37,93.159,0,0
30YFRP.B,D,20241223,000000,93.159,93.159,92.53,92.53,0,0
30YFRP.B,D,20241227,000000,91.327,91.327,91.327,91.327,0,0
30YFRP.B,D,20241230,000000,91.327,91.327,91.293,91.293,0,0
30YFRP.B,D,20250102,000000,91.293,91.293,90.97,90.97,0,0
30YFRP.B,D,20250103,000000,90.698,90.698,90.698,90.698,0,0
30YFRP.B,D,20250106,000000,90.698,90.698,90.273,90.273,0,0
30YFRP.B,D,20250107,000000,89.953,89.953,89.953,89.953,0,0
30YFRP.B,D,20250108,000000,89.576,89.576,89.576,89.576,0,0
30YFRP.B,D,20250109,000000,87.988,88.124,87.988,88.124,0,0
30YFRP.B,D,20250110,000000,87.86,88.155,87.86,88.155,0,0
30YFRP.B,D,20250113,000000,88.155,88.155,87.334,87.69,0,0
30YFRP.B,D,20250114,000000,87.674,87.674,87.674,87.674,0,0
30YFRP.B,D,20250115,000000,87.49,87.49,87.49,87.49,0,0
30YFRP.B,D,20250116,000000,88.616,88.616,88.616,88.616,0,0
30YFRP.B,D,20250117,000000,89.216,89.216,89.216,89.216,0,0
30YFRP.B,D,20250120,000000,89.216,89.287,89.216,89.287,0,0
30YFRP.B,D,20250121,000000,89.585,89.585,89.585,89.585,0,0
30YFRP.B,D,20250122,000000,90.431,90.431,90.431,90.431,0,0
30YFRP.B,D,20250123,000000,89.83,89.83,89.347,89.347,0,0
30YFRP.B,D,20250124,000000,89.325,89.325,89.325,89.325,0,0
30YFRP.B,D,20250127,000000,89.325,90.298,89.325,90.298,0,0
30YFRP.B,D,20250128,000000,90.298,90.298,89.766,89.766,0,0
30YFRP.B,D,20250129,000000,90.167,90.167,89.364,89.364,0,0
30YFRP.B,D,20250130,000000,89.678,89.678,89.678,89.678,0,0
30YFRP.B,D,20250131,000000,90.326,90.595,90.326,90.595,0,0
30YFRP.B,D,20250203,000000,90.595,91.031,90.595,91.031,0,0
30YFRP.B,D,20250204,000000,91.766,91.766,91.766,91.766,0,0
30YFRP.B,D,20250205,000000,92.581,92.581,92.581,92.581,0,0
30YFRP.B,D,20250206,000000,92.464,92.464,92.464,92.464,0,0
30YFRP.B,D,20250207,000000,92.926,92.926,92.926,92.926,0,0
30YFRP.B,D,20250210,000000,92.926,92.926,92.418,92.418,0,0
30YFRP.B,D,20250211,000000,91.874,91.874,91.874,91.874,0,0
30YFRP.B,D,20250212,000000,91.086,91.086,91.086,91.086,0,0
30YFRP.B,D,20250213,000000,91.28,91.28,91.28,91.28,0,0
30YFRP.B,D,20250214,000000,92.042,92.042,92.042,92.042,0,0
30YFRP.B,D,20250217,000000,92.042,92.042,91.029,91.141,0,0
30YFRP.B,D,20250218,000000,90.716,90.716,90.716,90.716,0,0
30YFRP.B,D,20250219,000000,90.696,90.696,90.696,90.696,0,0
30YFRP.B,D,20250220,000000,89.878,89.878,89.878,89.878,0,0
30YFRP.B,D,20250221,000000,90.164,90.693,90.164,90.693,0,0
30YFRP.B,D,20250224,000000,90.693,90.764,90.594,90.594,0,0
30YFRP.B,D,20250225,000000,90.405,90.969,90.405,90.969,0,0
30YFRP.B,D,20250226,000000,91.548,91.548,91.265,91.265,0,0
30YFRP.B,D,20250227,000000,91.189,91.239,91.189,91.239,0,0
30YFRP.B,D,20250228,000000,91.85,91.85,91.712,91.712,0,0
30YFRP.B,D,20250303,000000,91.712,91.712,89.886,89.886,0,0
30YFRP.B,D,20250304,000000,90.435,90.435,90.435,90.435,0,0
30YFRP.B,D,20250305,000000,86.781,86.781,86.781,86.781,0,0
30YFRP.B,D,20250306,000000,85.401,85.401,85.401,85.401,0,0
30YFRP.B,D,20250307,000000,86.527,86.527,85.977,85.977,0,0
30YFRP.B,D,20250310,000000,85.977,85.977,85.977,85.977,0,0
30YFRP.B,D,20250311,000000,85.013,85.013,85.013,85.013,0,0
30YFRP.B,D,20250312,000000,85.099,85.099,85.099,85.099,0,0
30YFRP.B,D,20250313,000000,84.813,84.813,84.813,84.813,0,0
30YFRP.B,D,20250314,000000,84.72,84.72,84.72,84.72,0,0
30YFRP.B,D,20250317,000000,84.72,86.324,84.72,86.324,0,0
30YFRP.B,D,20250318,000000,85.91,85.91,85.91,85.91,0,0
30YFRP.B,D,20250319,000000,86.207,86.207,86.207,86.207,0,0
30YFRP.B,D,20250320,000000,86.472,86.472,86.084,86.084,0,0
30YFRP.B,D,20250321,000000,86.061,86.061,86.061,86.061,0,0
30YFRP.B,D,20250324,000000,86.061,86.061,85.997,85.997,0,0
30YFRP.B,D,20250325,000000,85.374,85.404,85.374,85.404,0,0
30YFRP.B,D,20250326,000000,85.501,85.501,85.501,85.501,0,0
30YFRP.B,D,20250327,000000,85.32,85.32,85.32,85.32,0,0
30YFRP.B,D,20250328,000000,86.051,86.051,86.051,86.051,0,0
30YFRP.B,D,20250331,000000,86.051,86.051,85.904,85.904,0,0
30YFRP.B,D,20250401,000000,86.437,86.585,86.437,86.585,0,0
30YFRP.B,D,20250402,000000,86.716,86.716,86.716,86.716,0,0
30YFRP.B,D,20250403,000000,86.671,86.671,86.355,86.355,0,0
30YFRP.B,D,20250404,000000,86.928,86.928,86.928,86.928,0,0
30YFRP.B,D,20250407,000000,86.928,87.183,86.166,86.166,0,0
30YFRP.B,D,20250408,000000,86.519,86.519,86.06,86.06,0,0
30YFRP.B,D,20250409,000000,85.199,85.199,85.199,85.199,0,0
30YFRP.B,D,20250410,000000,86.29,86.29,86.29,86.29,0,0
30YFRP.B,D,20250411,000000,86.578,87.366,86.578,87.366,0,0
30YFRP.B,D,20250414,000000,87.366,88.338,87.366,88.338,0,0
30YFRP.B,D,20250415,000000,88.566,88.566,87.704,87.704,0,0
30YFRP.B,D,20250416,000000,88.33,88.33,87.716,87.716,0,0
30YFRP.B,D,20250417,000000,87.177,87.993,87.177,87.993,0,0
30YFRP.B,D,20250422,000000,87.739,88.186,87.739,88.186,0,0
30YFRP.B,D,20250423,000000,88.214,88.214,87.801,87.801,0,0
30YFRP.B,D,20250424,000000,87.964,88.857,87.964,88.857,0,0
30YFRP.B,D,20250425,000000,88.939,88.939,88.75,88.75,0,0
30YFRP.B,D,20250428,000000,88.75,88.75,87.906,87.906,0,0
30YFRP.B,D,20250429,000000,87.872,87.955,87.872,87.955,0,0
30YFRP.B,D,20250430,000000,88.541,88.541,88.541,88.541,0,0
30YFRP.B,D,20250502,000000,88.541,88.541,88.381,88.381,0,0
30YFRP.B,D,20250505,000000,88.381,88.381,87.299,87.299,0,0
30YFRP.B,D,20250506,000000,87.005,87.005,86.81,86.81,0,0
30YFRP.B,D,20250507,000000,87.211,88.315,87.211,88.315,0,0
30YFRP.B,D,20250508,000000,88.199,88.199,87.743,87.743,0,0
30YFRP.B,D,20250509,000000,86.801,87.25,86.801,87.25,0,0
30YFRP.B,D,20250512,000000,87.25,87.25,86.567,86.805,0,0
30YFRP.B,D,20250513,000000,86.144,86.144,86.118,86.118,0,0
30YFRP.B,D,20250514,000000,86.085,86.085,85.941,85.941,0,0
30YFRP.B,D,20250515,000000,85.868,86.404,85.868,86.404,0,0
30YFRP.B,D,20250516,000000,87.353,87.625,87.353,87.625,0,0
30YFRP.B,D,20250519,000000,87.625,87.625,86.712,86.712,0,0
30YFRP.B,D,20250520,000000,87.513,87.513,86.585,86.585,0,0
30YFRP.B,D,20250521,000000,86.265,86.265,85.904,85.904,0,0
30YFRP.B,D,20250522,000000,85.362,85.362,85.338,85.338,0,0
30YFRP.B,D,20250523,000000,85.785,86.033,85.785,86.033,0,0
30YFRP.B,D,20250526,000000,86.033,86.783,86.033,86.783,0,0
30YFRP.B,D,20250527,000000,87.663,87.663,87.643,87.643,0,0
30YFRP.B,D,20250528,000000,87.668,87.668,87.442,87.442,0,0
30YFRP.B,D,20250529,000000,87.18,87.768,87.18,87.768,0,0
30YFRP.B,D,20250530,000000,87.951,87.958,87.951,87.958,0,0
30YFRP.B,D,20250602,000000,87.958,87.958,87.463,87.712,0,0
30YFRP.B,D,20250603,000000,87.927,87.927,87.888,87.888,0,0
30YFRP.B,D,20250604,000000,87.64,87.64,87.526,87.526,0,0
30YFRP.B,D,20250605,000000,87.53,87.54,87.53,87.54,0,0
30YFRP.B,D,20250606,000000,88.071,88.071,87.765,87.765,0,0
30YFRP.B,D,20250609,000000,87.765,88.479,87.435,87.435,0,0
30YFRP.B,D,20250610,000000,87.996,88.182,87.996,88.182,0,0
30YFRP.B,D,20250611,000000,87.835,87.835,87.651,87.651,0,0
30YFRP.B,D,20250612,000000,87.99,88.165,87.99,88.165,0,0
30YFRP.B,D,20250613,000000,88.133,88.133,87.53,87.53,0,0
30YFRP.B,D,20250616,000000,87.53,87.609,86.69,87.609,0,0
30YFRP.B,D,20250617,000000,87.059,87.497,87.059,87.497,0,0
30YFRP.B,D,20250618,000000,87.115,87.899,87.115,87.899,0,0
30YFRP.B,D,20250619,000000,87.146,87.195,87.146,87.195,0,0
30YFRP.B,D,20250620,000000,87.321,87.321,87.163,87.163,0,0
30YFRP.B,D,20250623,000000,87.163,87.593,86.765,87.593,0,0
30YFRP.B,D,20250624,000000,87.425,87.425,87.156,87.156,0,0
30YFRP.B,D,20250625,000000,87.694,87.694,86.551,86.551,0,0
30YFRP.B,D,20250626,000000,87.17,87.17,86.611,86.611,0,0
30YFRP.B,D,20250627,000000,86.405,86.429,86.405,86.429,0,0
30YFRP.B,D,20250630,000000,86.429,86.809,86.429,86.528,0,0
30YFRP.B,D,20250701,000000,87.158,87.158,86.974,86.974,0,0
30YFRP.B,D,20250702,000000,86.492,86.492,85.657,85.657,0,0
30YFRP.B,D,20250703,000000,86.272,86.489,86.272,86.489,0,0
30YFRP.B,D,20250704,000000,86.854,86.854,86.401,86.401,0,0
30YFRP.B,D,20250707,000000,86.401,86.401,85.551,85.551,0,0
30YFRP.B,D,20250708,000000,85.074,85.074,85.046,85.046,0,0
30YFRP.B,D,20250709,000000,85.251,85.251,84.982,84.982,0,0
30YFRP.B,D,20250710,000000,84.969,84.969,84.243,84.243,0,0
30YFRP.B,D,20250711,000000,84.038,84.038,84.038,84.038,0,0
30YFRP.B,D,20250714,000000,84.063,84.063,83.477,83.519,0,0
30YFRP.B,D,20250715,000000,83.923,83.933,83.923,83.933,0,0
30YFRP.B,D,20250716,000000,83.703,84.175,83.703,84.175,0,0
30YFRP.B,D,20250717,000000,83.618,84.034,83.618,84.034,0,0
30YFRP.B,D,20250718,000000,83.863,83.863,83.863,83.863,0,0
30YFRP.B,D,20250721,000000,83.863,85.143,83.863,85.143,0,0
30YFRP.B,D,20250722,000000,85.103,85.628,85.103,85.628,0,0
30YFRP.B,D,20250723,000000,85.178,85.406,85.178,85.406,0,0
30YFRP.B,D,20250724,000000,84.596,84.596,84.513,84.513,0,0
30YFRP.B,D,20250725,000000,83.744,84.336,83.744,84.336,0,0
30YFRP.B,D,20250728,000000,84.336,84.782,84.336,84.782,0,0
30YFRP.B,D,20250729,000000,84.379,84.379,84.379,84.379,0,0
30YFRP.B,D,20250730,000000,84.959,84.974,84.959,84.974,0,0
30YFRP.B,D,20250731,000000,85.14,85.14,84.887,84.887,0,0
30YFRP.B,D,20250801,000000,84.367,85.14,84.367,85.14,0,0
30YFRP.B,D,20250804,000000,85.14,85.433,84.41,85.433,0,0
30YFRP.B,D,20250805,000000,85.838,85.838,85.635,85.635,0,0
30YFRP.B,D,20250806,000000,85.406,85.406,85.113,85.113,0,0
30YFRP.B,D,20250807,000000,85.023,85.314,85.023,85.314,0,0
30YFRP.B,D,20250808,000000,85.291,85.291,84.724,84.724,0,0
30YFRP.B,D,20250811,000000,84.724,84.943,84.362,84.362,0,0
30YFRP.B,D,20250812,000000,83.909,83.909,83.088,83.088,0,0
30YFRP.B,D,20250813,000000,83.939,84.199,83.939,84.199,0,0
30YFRP.B,D,20250814,000000,84.6,84.6,83.883,83.883,0,0
30YFRP.B,D,20250815,000000,83.301,83.301,82.505,82.505,0,0
30YFRP.B,D,20250818,000000,82.505,83.029,82.203,82.203,0,0
30YFRP.B,D,20250819,000000,82.048,82.188,82.048,82.188,0,0
30YFRP.B,D,20250820,000000,82.534,82.883,82.534,82.883,0,0
30YFRP.B,D,20250821,000000,82.551,82.551,82.298,82.298,0,0
30YFRP.B,D,20250822,000000,82.164,82.164,82.164,82.164,0,0
30YFRP.B,D,20250825,000000,82.164,82.164,81.898,81.898,0,0
30YFRP.B,D,20250826,000000,81.078,81.09,81.078,81.09,0,0
30YFRP.B,D,20250827,000000,81.441,81.441,80.595,80.595,0,0
30YFRP.B,D,20250828,000000,81.187,81.187,81.187,81.187,0,0
30YFRP.B,D,20250829,000000,81.317,81.317,81.317,81.317,0,0
30YFRP.B,D,20250901,000000,81.317,81.317,80.497,80.497,0,0
30YFRP.B,D,20250902,000000,84.329,84.329,79.762,79.762,0,0
30YFRP.B,D,20250903,000000,79.739,80.417,79.739,80.417,0,0
30YFRP.B,D,20250904,000000,80.868,81.161,80.868,81.161,0,0
30YFRP.B,D,20250905,000000,81.255,81.732,81.255,81.732,0,0
30YFRP.B,D,20250908,000000,81.732,82.065,81.732,82.065,0,0
30YFRP.B,D,20250909,000000,81.951,82.166,81.951,82.166,0,0
30YFRP.B,D,20250910,000000,82.025,82.133,82.025,82.133,0,0
30YFRP.B,D,20250911,000000,82.502,82.97,82.502,82.97,0,0
30YFRP.B,D,20250912,000000,82.78,82.78,82.133,82.133,0,0
30YFRP.B,D,20250915,000000,82.133,82.269,82.133,82.269,0,0
30YFRP.B,D,20250916,000000,82.622,82.622,82.622,82.622,0,0
30YFRP.B,D,20250917,000000,82.316,82.559,82.316,82.559,0,0
30YFRP.B,D,20250918,000000,82.562,82.562,81.722,81.722,0,0
30YFRP.B,D,20250919,000000,81.176,81.176,81.176,81.176,0,0
30YFRP.B,D,20250922,000000,81.304,81.304,80.99,80.99,0,0
30YFRP.B,D,20250923,000000,80.87,80.976,80.87,80.976,0,0
30YFRP.B,D,20250924,000000,81.134,81.134,80.846,80.846,0,0
30YFRP.B,D,20250925,000000,81.085,81.085,81.044,81.044,0,0
30YFRP.B,D,20250926,000000,81.0,81.0,81.0,81.0,0,0
30YFRP.B,D,20250929,000000,81.0,81.794,81,81.794,0,0
30YFRP.B,D,20250930,000000,81.808,81.868,81.808,81.868,0,0
30YFRP.B,D,20251001,000000,81.438,81.438,81.438,81.438,0,0
30YFRP.B,D,20251002,000000,81.578,81.972,81.578,81.972,0,0
30YFRP.B,D,20251003,000000,82.134,82.134,82.134,82.134,0,0
30YFRP.B,D,20251006,000000,82.134,82.134,81.17,81.2,0,0
30YFRP.B,D,20251007,000000,80.8,80.955,80.8,80.955,0,0
30YFRP.B,D,20251008,000000,80.955,81.821,80.955,81.821,0,0
30YFRP.B,D,20251009,000000,82.027,82.027,81.737,81.737,0,0
30YFRP.B,D,20251010,000000,82.159,82.251,82.159,82.251,0,0
30YFRP.B,D,20251013,000000,82.251,82.39,82.141,82.39,0,0
30YFRP.B,D,20251014,000000,82.813,83.231,82.813,83.231,0,0
30YFRP.B,D,20251015,000000,83.766,84.114,83.766,84.114,0,0
30YFRP.B,D,20251016,000000,83.972,83.972,83.972,83.972,0,0
30YFRP.B,D,20251017,000000,84.132,84.132,83.735,83.735,0,0
30YFRP.B,D,20251020,000000,83.735,83.735,83.37,83.37,0,0
30YFRP.B,D,20251021,000000,83.99,84.136,83.99,84.136,0,0
30YFRP.B,D,20251022,000000,84.025,84.025,83.975,83.975,0,0
30YFRP.B,D,20251023,000000,83.697,83.711,83.697,83.711,0,0
30YFRP.B,D,20251024,000000,83.044,83.044,83.044,83.044,0,0
30YFRP.B,D,20251027,000000,83.044,83.044,82.663,82.663,0,0
30YFRP.B,D,20251028,000000,83.214,83.214,83.214,83.214,0,0
30YFRP.B,D,20251029,000000,83.127,83.127,83.127,83.127,0,0
30YFRP.B,D,20251030,000000,83.113,83.113,83.113,83.113,0,0
30YFRP.B,D,20251031,000000,83.196,83.196,82.907,82.907,0,0
30YFRP.B,D,20251103,000000,82.907,82.907,82.842,82.842,0,0
30YFRP.B,D,20251104,000000,82.623,82.784,82.623,82.784,0,0
30YFRP.B,D,20251105,000000,82.784,82.784,82.697,82.697,0,0
30YFRP.B,D,20251106,000000,82.525,82.525,82.525,82.525,0,0
30YFRP.B,D,20251107,000000,82.224,82.224,82.224,82.224,0,0
30YFRP.B,D,20251110,000000,82.224,82.563,82.224,82.563,0,0
30YFRP.B,D,20251111,000000,82.616,82.616,82.616,82.616,0,0
30YFRP.B,D,20251112,000000,82.82,82.82,82.82,82.82,0,0
30YFRP.B,D,20251113,000000,83.762,83.762,83.762,83.762,0,0
30YFRP.B,D,20251114,000000,82.455,82.455,82.455,82.455,0,0
30YFRP.B,D,20251117,000000,82.455,82.455,82.439,82.439,0,0
30YFRP.B,D,20251118,000000,82.413,82.413,82.413,82.413,0,0
30YFRP.B,D,20251119,000000,82.138,82.138,82.138,82.138,0,0
30YFRP.B,D,20251120,000000,81.923,81.923,81.923,81.923,0,0
30YFRP.B,D,20251121,000000,81.68,81.68,81.68,81.68,0,0
30YFRP.B,D,20251124,000000,81.68,81.834,81.68,81.834,0,0
30YFRP.B,D,20251125,000000,81.834,81.906,81.834,81.906,0,0
30YFRP.B,D,20251126,000000,82.408,82.408,82.408,82.408,0,0
30YFRP.B,D,20251127,000000,82.546,82.546,82.546,82.546,0,0
30YFRP.B,D,20251128,000000,82.487,82.487,82.487,82.487,0,0
30YFRP.B,D,20251201,000000,82.487,82.487,81.892,81.892,0,0
30YFRP.B,D,20251202,000000,81.575,81.575,81.575,81.575,0,0
30YFRP.B,D,20251203,000000,81.634,81.634,81.634,81.634,0,0
30YFRP.B,D,20251204,000000,81.164,81.164,81.164,81.164,0,0
30YFRP.B,D,20251205,000000,80.965,80.965,80.965,80.965,0,0
30YFRP.B,D,20251208,000000,80.965,80.965,80.749,80.749,0,0
30YFRP.B,D,20251209,000000,80.574,80.814,80.574,80.814,0,0
30YFRP.B,D,20251210,000000,80.555,80.903,80.555,80.903,0,0
30YFRP.B,D,20251211,000000,80.486,80.486,80.486,80.486,0,0
30YFRP.B,D,20251212,000000,80.741,80.741,80.741,80.741,0,0
30YFRP.B,D,20251215,000000,80.741,80.782,80.741,80.782,0,0
30YFRP.B,D,20251216,000000,80.932,80.932,80.759,80.759,0,0
30YFRP.B,D,20251217,000000,80.887,80.887,80.887,80.887,0,0
30YFRP.B,D,20251218,000000,80.774,80.774,80.774,80.774,0,0
30YFRP.B,D,20251219,000000,80.175,80.175,79.58,79.58,0,0
30YFRP.B,D,20251222,000000,79.58,79.655,79.513,79.513,0,0
30YFRP.B,D,20251223,000000,80.263,80.33,80.263,80.33,0,0
30YFRP.B,D,20251225,000000,80.33,80.33,80.33,80.33,0,0
30YFRP.B,D,20251226,000000,80.33,80.33,80.33,80.33,0,0
30YFRP.B,D,20251229,000000,80.33,80.812,80.33,80.812,0,0
30YFRP.B,D,20251230,000000,80.738,80.738,80.553,80.553,0,0
30YFRP.B,D,20260101,000000,80.553,80.553,80.553,80.553,0,0
30YFRP.B,D,20260102,000000,80.553,80.553,79.73,79.73,0,0
30YFRP.B,D,20260105,000000,79.73,79.99,79.701,79.99,0,0
30YFRP.B,D,20260106,000000,80.031,80.031,80.031,80.031,0,0
30YFRP.B,D,20260107,000000,80.884,80.884,80.884,80.884,0,0
30YFRP.B,D,20260108,000000,80.478,80.478,80.478,80.478,0,0
30YFRP.B,D,20260109,000000,80.713,80.713,80.713,80.713,0,0
30YFRP.B,D,20260112,000000,80.713,80.713,80.55,80.55,0,0
30YFRP.B,D,20260113,000000,80.664,80.664,80.664,80.664,0,0
30YFRP.B,D,20260114,000000,80.749,81.057,80.749,81.057,0,0
30YFRP.B,D,20260115,000000,80.993,80.993,80.993,80.993,0,0
30YFRP.B,D,20260116,000000,81.163,81.163,81.163,81.163,0,0
30YFRP.B,D,20260119,000000,81.163,81.163,80.948,80.948,0,0
30YFRP.B,D,20260120,000000,79.934,80.596,79.934,80.596,0,0
30YFRP.B,D,20260121,000000,81.013,81.013,81.013,81.013,0,0
30YFRP.B,D,20260122,000000,80.803,80.803,80.803,80.803,0,0
30YFRP.B,D,20260123,000000,80.946,81.295,80.946,81.295,0,0
30YFRP.B,D,20260126,000000,81.295,81.65,81.295,81.65,0,0
30YFRP.B,D,20260127,000000,82.12,82.12,82.12,82.12,0,0
30YFRP.B,D,20260128,000000,82.034,82.034,82.034,82.034,0,0
30YFRP.B,D,20260129,000000,81.85,81.85,81.85,81.85,0,0
30YFRP.B,D,20260130,000000,81.76,81.76,81.67,81.67,0,0
30YFRP.B,D,20260202,000000,81.67,81.67,81.594,81.594,0,0
30YFRP.B,D,20260203,000000,81.275,81.275,81.275,81.275,0,0
30YFRP.B,D,20260204,000000,81.339,81.339,81.339,81.339,0,0
30YFRP.B,D,20260205,000000,81.081,81.081,81.081,81.081,0,0
30YFRP.B,D,20260206,000000,81.177,81.177,81.177,81.177,0,0
30YFRP.B,D,20260209,000000,81.177,81.177,80.898,80.898,0,0
30YFRP.B,D,20260210,000000,81.178,81.178,81.178,81.178,0,0
