<TICKER>,<PER>,<DATE>,<TIME>,<OPEN>,<HIGH>,<LOW>,<CLOSE>,<VOL>,<OPENINT>
30YITP.B,D,20240321,000000,105.373,105.373,104.663,104.663,0,0
30YITP.B,D,20240322,000000,105.001,105.584,105.001,105.584,0,0
30YITP.B,D,20240325,000000,105.584,105.584,104.851,104.851,0,0
30YITP.B,D,20240326,000000,105.17,105.551,105.17,105.551,0,0
30YITP.B,D,20240327,000000,105.779,106.089,105.779,106.089,0,0
30YITP.B,D,20240328,000000,105.544,105.544,105.544,105.544,0,0
30YITP.B,D,20240402,000000,105.323,105.323,103.043,103.043,0,0
30YITP.B,D,20240403,000000,102.818,102.818,102.622,102.622,0,0
30YITP.B,D,20240404,000000,103.081,104.449,103.081,104.449,0,0
30YITP.B,D,20240405,000000,104.358,104.358,103.683,103.683,0,0
30YITP.B,D,20240408,000000,103.683,103.683,103.086,103.25,0,0
30YITP.B,D,20240409,000000,104.24,105.105,104.24,105.105,0,0
30YITP.B,D,20240410,000000,104.924,104.924,104.254,104.254,0,0
30YITP.B,D,20240411,000000,103.911,103.911,103.357,103.357,0,0
30YITP.B,D,20240412,000000,104.642,104.642,104.642,104.642,0,0
30YITP.B,D,20240415,000000,104.642,104.642,103.276,103.276,0,0
30YITP.B,D,20240416,000000,102.641,102.641,101.615,101.615,0,0
30YITP.B,D,20240417,000000,102.275,102.906,102.275,102.906,0,0
30YITP.B,D,20240418,000000,103.443,103.443,102.51,102.51,0,0
30YITP.B,D,20240419,000000,102.673,102.673,102.307,102.307,0,0
30YITP.B,D,20240422,000000,102.307,103.314,102.307,103.314,0,0
30YITP.B,D,20240423,000000,103.495,103.495,103.464,103.464,0,0
30YITP.B,D,20240424,000000,102.49,102.49,100.835,100.835,0,0
30YITP.B,D,20240425,000000,101.383,101.383,100.365,100.365,0,0
30YITP.B,D,20240426,000000,101.572,102.006,101.572,102.006,0,0
30YITP.B,D,20240429,000000,102.006,103.001,102.006,103.001,0,0
30YITP.B,D,20240430,000000,102.717,102.717,102.326,102.326,0,0
30YITP.B,D,20240502,000000,102.536,103.376,102.536,103.164,0,0
30YITP.B,D,20240503,000000,103.563,103.563,103.353,103.353,0,0
30YITP.B,D,20240506,000000,103.353,104.166,103.353,104.166,0,0
30YITP.B,D,20240507,000000,104.429,104.429,104.262,104.262,0,0
30YITP.B,D,20240508,000000,104.213,104.213,103.88,103.88,0,0
30YITP.B,D,20240509,000000,103.224,103.224,102.971,102.971,0,0
30YITP.B,D,20240510,000000,103.576,103.576,103.037,103.037,0,0
30YITP.B,D,20240513,000000,103.037,103.1,102.987,103.1,0,0
30YITP.B,D,20240514,000000,103.058,103.058,102.43,102.43,0,0
30YITP.B,D,20240515,000000,103.317,104.231,103.317,104.231,0,0
30YITP.B,D,20240516,000000,104.231,104.765,104.231,104.472,0,0
30YITP.B,D,20240517,000000,103.83,103.83,103.666,103.666,0,0
30YITP.B,D,20240520,000000,103.666,103.666,103.332,103.332,0,0
30YITP.B,D,20240521,000000,103.332,103.611,103.332,103.611,0,0
30YITP.B,D,20240522,000000,103.025,103.338,103.025,103.338,0,0
30YITP.B,D,20240523,000000,103.152,103.152,102.515,102.515,0,0
30YITP.B,D,20240524,000000,102.794,102.831,102.794,102.831,0,0
30YITP.B,D,20240527,000000,102.831,103.225,102.718,103.225,0,0
30YITP.B,D,20240528,000000,103.399,103.399,102.709,102.709,0,0
30YITP.B,D,20240529,000000,101.998,101.998,101.159,101.159,0,0
30YITP.B,D,20240530,000000,100.942,101.084,100.942,101.084,0,0
30YITP.B,D,20240531,000000,101.239,101.636,101.239,101.636,0,0
30YITP.B,D,20240603,000000,101.636,102.291,101.452,102.291,0,0
30YITP.B,D,20240604,000000,102.716,102.716,102.519,102.519,0,0
30YITP.B,D,20240605,000000,102.605,102.972,102.605,102.972,0,0
30YITP.B,D,20240606,000000,103.243,103.243,102.54,102.54,0,0
30YITP.B,D,20240607,000000,102.387,102.387,101.682,101.682,0,0
30YITP.B,D,20240610,000000,101.682,101.682,99.904,99.904,0,0
30YITP.B,D,20240611,000000,99.783,99.783,98.667,98.667,0,0
30YITP.B,D,20240612,000000,100.079,101.649,100.079,101.649,0,0
30YITP.B,D,20240613,000000,101.15,101.204,101.15,101.204,0,0
30YITP.B,D,20240614,000000,101.734,102.088,101.734,102.088,0,0
30YITP.B,D,20240617,000000,102.088,102.088,101.741,101.741,0,0
30YITP.B,D,20240618,000000,101.767,102.559,101.767,102.559,0,0
30YITP.B,D,20240619,000000,102.27,102.27,101.707,101.707,0,0
30YITP.B,D,20240620,000000,101.245,101.592,101.245,101.592,0,0
30YITP.B,D,20240621,000000,102.425,102.425,101.2,101.2,0,0
30YITP.B,D,20240624,000000,101.2,101.602,101.2,101.602,0,0
30YITP.B,D,20240625,000000,101.585,101.585,101.237,101.237,0,0
30YITP.B,D,20240626,000000,101.237,101.237,101.237,101.237,0,0
30YITP.B,D,20240627,000000,99.928,99.928,99.864,99.864,0,0
30YITP.B,D,20240628,000000,99.817,99.817,98.476,98.476,0,0
30YITP.B,D,20240701,000000,98.476,99.156,98.476,98.553,0,0
30YITP.B,D,20240702,000000,98.362,99.1,98.362,99.1,0,0
30YITP.B,D,20240703,000000,99.278,100.261,99.278,100.261,0,0
30YITP.B,D,20240704,000000,99.88,99.88,99.712,99.712,0,0
30YITP.B,D,20240705,000000,100.33,100.727,100.33,100.727,0,0
30YITP.B,D,20240708,000000,100.727,101.52,100.727,101.475,0,0
30YITP.B,D,20240709,000000,101.475,101.475,101.092,101.092,0,0
30YITP.B,D,20240710,000000,101.516,102.142,101.516,102.142,0,0
30YITP.B,D,20240711,000000,102.006,102.891,102.006,102.891,0,0
30YITP.B,D,20240712,000000,102.512,102.77,102.512,102.77,0,0
30YITP.B,D,20240715,000000,102.77,103.196,102.77,103.196,0,0
30YITP.B,D,20240716,000000,103.631,103.767,103.631,103.767,0,0
30YITP.B,D,20240717,000000,104.273,104.273,103.938,103.938,0,0
30YITP.B,D,20240718,000000,103.985,103.985,103.985,103.985,0,0
30YITP.B,D,20240719,000000,104.007,104.007,102.956,102.956,0,0
30YITP.B,D,20240722,000000,102.956,103.431,102.956,103.431,0,0
30YITP.B,D,20240723,000000,102.881,103.322,102.881,103.322,0,0
30YITP.B,D,20240724,000000,103.105,103.105,102.621,102.621,0,0
30YITP.B,D,20240725,000000,102.185,102.185,102.137,102.137,0,0
30YITP.B,D,20240726,000000,101.749,102.437,101.749,102.437,0,0
30YITP.B,D,20240729,000000,102.437,103.635,102.437,103.635,0,0
30YITP.B,D,20240730,000000,103.714,103.714,103.646,103.646,0,0
30YITP.B,D,20240731,000000,103.902,104.249,103.902,104.249,0,0
30YITP.B,D,20240801,000000,104.304,104.304,104.304,104.304,0,0
30YITP.B,D,20240802,000000,104.027,104.976,104.027,104.976,0,0
30YITP.B,D,20240805,000000,104.976,104.976,104.148,104.148,0,0
30YITP.B,D,20240806,000000,104.487,104.487,104.462,104.462,0,0
30YITP.B,D,20240807,000000,104.148,104.148,103.574,103.574,0,0
30YITP.B,D,20240808,000000,103.747,103.747,103.485,103.485,0,0
30YITP.B,D,20240809,000000,103.969,104.486,103.969,104.486,0,0
30YITP.B,D,20240812,000000,104.486,104.486,104.486,104.486,0,0
30YITP.B,D,20240813,000000,104.582,105.28,104.582,105.28,0,0
30YITP.B,D,20240814,000000,105.262,105.51,105.262,105.51,0,0
30YITP.B,D,20240815,000000,105.762,105.762,104.739,104.739,0,0
30YITP.B,D,20240816,000000,104.928,104.928,104.928,104.928,0,0
30YITP.B,D,20240819,000000,104.928,105.384,104.928,105.096,0,0
30YITP.B,D,20240820,000000,105.223,105.358,105.223,105.358,0,0
30YITP.B,D,20240821,000000,105.302,105.336,105.302,105.336,0,0
30YITP.B,D,20240822,000000,105.536,105.536,105.067,105.067,0,0
30YITP.B,D,20240823,000000,104.633,105.429,104.633,105.429,0,0
30YITP.B,D,20240826,000000,105.429,105.429,104.635,104.635,0,0
30YITP.B,D,20240827,000000,104.417,104.417,103.335,103.335,0,0
30YITP.B,D,20240828,000000,103.98,104.207,103.98,104.207,0,0
30YITP.B,D,20240829,000000,104.271,104.271,103.9,103.9,0,0
30YITP.B,D,20240830,000000,103.928,103.928,103.801,103.801,0,0
30YITP.B,D,20240902,000000,103.801,103.801,102.709,103.096,0,0
30YITP.B,D,20240903,000000,103.111,103.111,103.111,103.111,0,0
30YITP.B,D,20240904,000000,104.138,104.896,104.138,104.896,0,0
30YITP.B,D,20240905,000000,104.873,105.182,104.873,105.182,0,0
30YITP.B,D,20240906,000000,105.471,105.471,104.978,104.978,0,0
30YITP.B,D,20240909,000000,104.978,104.978,104.51,104.891,0,0
30YITP.B,D,20240910,000000,104.963,104.963,104.963,104.963,0,0
30YITP.B,D,20240911,000000,105.934,106.309,105.934,106.309,0,0
30YITP.B,D,20240912,000000,106.023,106.023,105.945,105.945,0,0
30YITP.B,D,20240913,000000,106.404,106.404,106.167,106.167,0,0
30YITP.B,D,20240916,000000,106.167,106.759,106.167,106.759,0,0
30YITP.B,D,20240917,000000,107.172,107.172,107.075,107.075,0,0
30YITP.B,D,20240918,000000,106.48,106.48,105.743,105.743,0,0
30YITP.B,D,20240919,000000,105.636,105.636,105.39,105.39,0,0
30YITP.B,D,20240920,000000,105.784,105.784,105.452,105.452,0,0
30YITP.B,D,20240923,000000,105.452,105.806,105.452,105.806,0,0
30YITP.B,D,20240924,000000,105.966,105.966,105.966,105.966,0,0
30YITP.B,D,20240925,000000,106.599,106.599,105.645,105.645,0,0
30YITP.B,D,20240926,000000,106.498,106.498,106.498,106.498,0,0
30YITP.B,D,20240927,000000,107.6,107.6,107.035,107.035,0,0
30YITP.B,D,20240930,000000,107.035,107.198,106.348,107.198,0,0
30YITP.B,D,20241001,000000,107.898,108.812,107.898,108.812,0,0
30YITP.B,D,20241002,000000,107.575,107.575,107.112,107.112,0,0
30YITP.B,D,20241003,000000,107.063,107.063,107.063,107.063,0,0
30YITP.B,D,20241004,000000,106.609,106.609,106.609,106.609,0,0
30YITP.B,D,20241007,000000,106.609,106.609,106.014,106.014,0,0
30YITP.B,D,20241008,000000,105.72,106.043,105.72,106.043,0,0
30YITP.B,D,20241009,000000,106.179,106.179,105.948,105.948,0,0
30YITP.B,D,20241010,000000,105.796,106.28,105.796,106.28,0,0
30YITP.B,D,20241011,000000,106.106,106.106,106.106,106.106,0,0
30YITP.B,D,20241014,000000,106.106,106.496,106.106,106.496,0,0
30YITP.B,D,20241015,000000,106.826,106.826,106.826,106.826,0,0
30YITP.B,D,20241016,000000,107.657,108.257,107.657,108.257,0,0
30YITP.B,D,20241017,000000,107.999,107.999,107.999,107.999,0,0
30YITP.B,D,20241018,000000,107.89,107.89,107.89,107.89,0,0
30YITP.B,D,20241021,000000,107.89,108.18,107.89,108.18,0,0
30YITP.B,D,20241022,000000,105.879,105.879,105.879,105.879,0,0
30YITP.B,D,20241023,000000,105.761,105.761,105.761,105.761,0,0
30YITP.B,D,20241024,000000,106.465,106.789,106.465,106.789,0,0
30YITP.B,D,20241025,000000,106.881,106.881,106.881,106.881,0,0
30YITP.B,D,20241028,000000,106.881,106.881,106.3,106.3,0,0
30YITP.B,D,20241029,000000,106.117,106.117,106.117,106.117,0,0
30YITP.B,D,20241030,000000,105.873,105.873,105.19,105.19,0,0
30YITP.B,D,20241031,000000,105.19,105.19,105.123,105.123,0,0
30YITP.B,D,20241101,000000,105.123,105.227,105.073,105.073,0,0
30YITP.B,D,20241104,000000,105.073,105.168,105.073,105.168,0,0
30YITP.B,D,20241105,000000,105.225,105.225,105.225,105.225,0,0
30YITP.B,D,20241106,000000,105.225,105.56,105.225,105.56,0,0
30YITP.B,D,20241107,000000,102.865,102.865,102.865,102.865,0,0
30YITP.B,D,20241108,000000,102.865,105.151,102.865,105.151,0,0
30YITP.B,D,20241111,000000,105.151,105.976,105.151,105.976,0,0
30YITP.B,D,20241112,000000,105.976,105.976,105.93,105.93,0,0
30YITP.B,D,20241113,000000,105.598,105.598,105.598,105.598,0,0
30YITP.B,D,20241114,000000,105.964,106.463,105.964,106.463,0,0
30YITP.B,D,20241115,000000,106.902,107.192,106.902,107.192,0,0
30YITP.B,D,20241118,000000,107.192,107.192,106.762,106.762,0,0
30YITP.B,D,20241119,000000,107.591,107.591,107.2,107.2,0,0
30YITP.B,D,20241120,000000,107.2,107.2,106.784,107.144,0,0
30YITP.B,D,20241121,000000,106.661,107.02,106.661,107.02,0,0
30YITP.B,D,20241122,000000,107.789,107.789,107.789,107.789,0,0
30YITP.B,D,20241125,000000,107.789,108.241,107.609,108.241,0,0
30YITP.B,D,20241126,000000,107.945,107.945,107.945,107.945,0,0
30YITP.B,D,20241127,000000,107.945,108.438,107.945,108.438,0,0
30YITP.B,D,20241128,000000,109.506,110.038,109.506,110.038,0,0
30YITP.B,D,20241129,000000,110.038,110.322,110.038,110.322,0,0
30YITP.B,D,20241202,000000,110.322,111.39,110.322,111.267,0,0
30YITP.B,D,20241203,000000,111.267,111.289,111.267,111.289,0,0
30YITP.B,D,20241204,000000,111.733,111.733,111.733,111.733,0,0
30YITP.B,D,20241205,000000,112.234,112.234,112.234,112.234,0,0
30YITP.B,D,20241206,000000,113.3,113.3,113.3,113.3,0,0
30YITP.B,D,20241209,000000,113.3,113.3,112.562,112.562,0,0
30YITP.B,D,20241210,000000,112.107,112.107,112.107,112.107,0,0
30YITP.B,D,20241211,000000,112.594,112.594,112.594,112.594,0,0
30YITP.B,D,20241212,000000,111.593,111.593,111.593,111.593,0,0
30YITP.B,D,20241213,000000,109.887,109.887,109.618,109.618,0,0
30YITP.B,D,20241216,000000,109.618,109.618,109.366,109.366,0,0
30YITP.B,D,20241217,000000,109.35,109.36,109.35,109.36,0,0
30YITP.B,D,20241218,000000,109.012,109.012,109.012,109.012,0,0
30YITP.B,D,20241219,000000,108.254,108.254,107.799,107.799,0,0
30YITP.B,D,20241220,000000,107.438,107.988,107.438,107.988,0,0
30YITP.B,D,20241223,000000,107.988,107.988,107.602,107.602,0,0
30YITP.B,D,20241227,000000,106.544,106.544,106.544,106.544,0,0
30YITP.B,D,20241230,000000,106.544,106.895,106.544,106.895,0,0
30YITP.B,D,20250102,000000,106.895,106.895,106.594,106.594,0,0
30YITP.B,D,20250103,000000,106.513,106.513,106.513,106.513,0,0
30YITP.B,D,20250106,000000,106.513,106.513,105.925,105.925,0,0
30YITP.B,D,20250107,000000,105.987,105.987,105.987,105.987,0,0
30YITP.B,D,20250108,000000,105.225,105.225,105.225,105.225,0,0
30YITP.B,D,20250109,000000,103.946,103.99,103.946,103.99,0,0
30YITP.B,D,20250110,000000,103.554,103.712,103.554,103.712,0,0
30YITP.B,D,20250113,000000,103.712,103.712,102.673,102.84,0,0
30YITP.B,D,20250114,000000,102.889,102.889,102.889,102.889,0,0
30YITP.B,D,20250115,000000,102.438,102.438,102.438,102.438,0,0
30YITP.B,D,20250116,000000,103.874,103.874,103.874,103.874,0,0
30YITP.B,D,20250117,000000,100.827,100.827,100.827,100.827,0,0
30YITP.B,D,20250120,000000,100.827,100.827,100.715,100.715,0,0
30YITP.B,D,20250121,000000,101.27,101.27,101.27,101.27,0,0
30YITP.B,D,20250122,000000,101.894,101.894,101.894,101.894,0,0
30YITP.B,D,20250123,000000,101.213,101.213,100.732,100.732,0,0
30YITP.B,D,20250124,000000,100.819,100.819,100.819,100.819,0,0
30YITP.B,D,20250127,000000,100.819,101.307,100.819,101.307,0,0
30YITP.B,D,20250128,000000,101.307,101.307,100.689,100.689,0,0
30YITP.B,D,20250129,000000,101.146,101.146,100.783,100.783,0,0
30YITP.B,D,20250130,000000,100.869,100.869,100.869,100.869,0,0
30YITP.B,D,20250131,000000,101.183,101.623,101.183,101.623,0,0
30YITP.B,D,20250203,000000,101.623,101.926,101.623,101.926,0,0
30YITP.B,D,20250204,000000,102.283,102.283,102.283,102.283,0,0
30YITP.B,D,20250205,000000,103.318,103.318,103.318,103.318,0,0
30YITP.B,D,20250206,000000,103.442,103.442,103.442,103.442,0,0
30YITP.B,D,20250207,000000,104.169,104.169,104.169,104.169,0,0
30YITP.B,D,20250210,000000,104.169,104.169,103.365,103.365,0,0
30YITP.B,D,20250211,000000,102.866,102.866,102.866,102.866,0,0
30YITP.B,D,20250212,000000,101.986,101.986,101.986,101.986,0,0
30YITP.B,D,20250213,000000,102.04,102.04,102.04,102.04,0,0
30YITP.B,D,20250214,000000,102.654,102.654,102.654,102.654,0,0
30YITP.B,D,20250217,000000,102.654,102.654,101.436,101.895,0,0
30YITP.B,D,20250218,000000,101.612,101.612,101.612,101.612,0,0
30YITP.B,D,20250219,000000,101.338,101.338,101.338,101.338,0,0
30YITP.B,D,20250220,000000,100.451,100.451,100.451,100.451,0,0
30YITP.B,D,20250221,000000,101.118,101.598,101.118,101.598,0,0
30YITP.B,D,20250224,000000,101.598,101.598,101.31,101.31,0,0
30YITP.B,D,20250225,000000,101.066,101.796,101.066,101.796,0,0
30YITP.B,D,20250226,000000,102.257,102.299,102.257,102.299,0,0
30YITP.B,D,20250227,000000,102.071,102.071,101.91,101.91,0,0
30YITP.B,D,20250228,000000,102.541,102.541,102.408,102.408,0,0
30YITP.B,D,20250303,000000,102.408,102.408,100.797,100.797,0,0
30YITP.B,D,20250304,000000,101.28,101.28,101.28,101.28,0,0
30YITP.B,D,20250305,000000,97.369,97.369,97.369,97.369,0,0
30YITP.B,D,20250306,000000,95.639,95.639,95.639,95.639,0,0
30YITP.B,D,20250307,000000,96.885,96.885,96.617,96.617,0,0
30YITP.B,D,20250310,000000,96.617,96.617,96.617,96.617,0,0
30YITP.B,D,20250311,000000,95.084,95.084,95.084,95.084,0,0
30YITP.B,D,20250312,000000,95.096,95.096,95.096,95.096,0,0
30YITP.B,D,20250313,000000,94.626,94.626,94.626,94.626,0,0
30YITP.B,D,20250314,000000,94.403,94.403,94.403,94.403,0,0
30YITP.B,D,20250317,000000,94.403,96.17,94.403,96.17,0,0
30YITP.B,D,20250318,000000,95.778,95.778,95.778,95.778,0,0
30YITP.B,D,20250319,000000,96.145,96.145,96.145,96.145,0,0
30YITP.B,D,20250320,000000,96.559,96.559,96.162,96.162,0,0
30YITP.B,D,20250321,000000,97.208,97.208,97.208,97.208,0,0
30YITP.B,D,20250324,000000,97.208,97.208,96.375,96.375,0,0
30YITP.B,D,20250325,000000,95.8,95.8,95.76,95.76,0,0
30YITP.B,D,20250326,000000,95.875,95.875,95.875,95.875,0,0
30YITP.B,D,20250327,000000,95.86,95.86,95.86,95.86,0,0
30YITP.B,D,20250328,000000,96.46,96.46,96.46,96.46,0,0
30YITP.B,D,20250331,000000,96.46,96.502,96.372,96.502,0,0
30YITP.B,D,20250401,000000,96.97,97.184,96.97,97.184,0,0
30YITP.B,D,20250402,000000,97.22,97.22,97.19,97.19,0,0
30YITP.B,D,20250403,000000,97.24,97.24,96.813,96.813,0,0
30YITP.B,D,20250404,000000,96.907,96.907,96.907,96.907,0,0
30YITP.B,D,20250407,000000,96.907,96.907,95.515,95.515,0,0
30YITP.B,D,20250408,000000,96.081,96.081,95.681,95.681,0,0
30YITP.B,D,20250409,000000,94.67,94.67,94.67,94.67,0,0
30YITP.B,D,20250410,000000,95.816,95.816,95.816,95.816,0,0
30YITP.B,D,20250411,000000,96.195,97.335,96.195,97.335,0,0
30YITP.B,D,20250414,000000,97.335,98.716,97.335,98.716,0,0
30YITP.B,D,20250415,000000,98.975,98.975,98.04,98.04,0,0
30YITP.B,D,20250416,000000,98.469,98.469,97.827,97.827,0,0
30YITP.B,D,20250417,000000,97.648,98.259,97.648,98.259,0,0
30YITP.B,D,20250422,000000,98.152,98.719,98.152,98.719,0,0
30YITP.B,D,20250423,000000,98.829,98.829,98.557,98.557,0,0
30YITP.B,D,20250424,000000,98.664,99.62,98.664,99.62,0,0
30YITP.B,D,20250425,000000,99.682,99.682,99.253,99.253,0,0
30YITP.B,D,20250428,000000,99.253,99.253,98.756,98.756,0,0
30YITP.B,D,20250429,000000,98.76,98.76,98.713,98.713,0,0
30YITP.B,D,20250430,000000,99.224,99.224,99.224,99.224,0,0
30YITP.B,D,20250502,000000,99.224,99.224,98.855,98.855,0,0
30YITP.B,D,20250505,000000,98.855,98.855,98.153,98.153,0,0
30YITP.B,D,20250506,000000,97.91,97.91,97.535,97.535,0,0
30YITP.B,D,20250507,000000,98.167,99.256,98.167,99.256,0,0
30YITP.B,D,20250508,000000,99.406,99.406,98.818,98.818,0,0
30YITP.B,D,20250509,000000,97.973,98.374,97.973,98.374,0,0
30YITP.B,D,20250512,000000,98.374,98.374,97.85,97.885,0,0
30YITP.B,D,20250513,000000,97.207,97.272,97.207,97.272,0,0
30YITP.B,D,20250514,000000,97.284,97.349,97.284,97.349,0,0
30YITP.B,D,20250515,000000,97.241,97.724,97.241,97.724,0,0
30YITP.B,D,20250516,000000,98.907,99.036,98.907,99.036,0,0
30YITP.B,D,20250519,000000,99.036,99.036,98.072,98.072,0,0
30YITP.B,D,20250520,000000,98.976,98.976,98.169,98.169,0,0
30YITP.B,D,20250521,000000,97.715,97.715,97.384,97.384,0,0
30YITP.B,D,20250522,000000,97.026,97.063,97.026,97.063,0,0
30YITP.B,D,20250523,000000,97.469,97.668,97.469,97.668,0,0
30YITP.B,D,20250526,000000,97.668,98.493,97.668,98.493,0,0
30YITP.B,D,20250527,000000,99.444,99.444,99.123,99.123,0,0
30YITP.B,D,20250528,000000,99.378,99.459,99.378,99.459,0,0
30YITP.B,D,20250529,000000,99.09,99.777,99.09,99.777,0,0
30YITP.B,D,20250530,000000,99.898,99.898,99.674,99.674,0,0
30YITP.B,D,20250602,000000,99.674,99.674,99.247,99.47,0,0
30YITP.B,D,20250603,000000,99.806,100.03,99.806,100.03,0,0
30YITP.B,D,20250604,000000,99.727,99.871,99.727,99.871,0,0
30YITP.B,D,20250605,000000,100.198,100.198,99.871,99.871,0,0
30YITP.B,D,20250606,000000,100.828,100.828,100.737,100.737,0,0
30YITP.B,D,20250609,000000,100.737,101.382,100.4,100.4,0,0
30YITP.B,D,20250610,000000,101.126,101.386,101.126,101.386,0,0
30YITP.B,D,20250611,000000,100.982,101.052,100.982,101.052,0,0
30YITP.B,D,20250612,000000,101.426,101.476,101.426,101.476,0,0
30YITP.B,D,20250613,000000,101.313,101.313,100.787,100.787,0,0
30YITP.B,D,20250616,000000,100.787,101.028,100,101.028,0,0
30YITP.B,D,20250617,000000,100.214,101.028,100.214,101.028,0,0
30YITP.B,D,20250618,000000,100.15,100.953,100.15,100.953,0,0
30YITP.B,D,20250619,000000,100.281,100.393,100.281,100.393,0,0
30YITP.B,D,20250620,000000,100.317,100.317,100.297,100.297,0,0
30YITP.B,D,20250623,000000,100.297,100.511,99.602,100.511,0,0
30YITP.B,D,20250624,000000,100.363,100.488,100.363,100.488,0,0
30YITP.B,D,20250625,000000,100.88,100.88,99.8,99.8,0,0
30YITP.B,D,20250626,000000,100.447,100.447,100.095,100.095,0,0
30YITP.B,D,20250627,000000,100.003,100.003,99.878,99.878,0,0
30YITP.B,D,20250630,000000,99.878,100.639,99.878,100.398,0,0
30YITP.B,D,20250701,000000,101.188,101.188,100.785,100.785,0,0
30YITP.B,D,20250702,000000,100.258,100.258,99.58,99.58,0,0
30YITP.B,D,20250703,000000,100.198,100.425,100.198,100.425,0,0
30YITP.B,D,20250704,000000,100.842,100.842,100.556,100.556,0,0
30YITP.B,D,20250707,000000,100.556,100.556,99.723,99.723,0,0
30YITP.B,D,20250708,000000,99.135,99.135,99.099,99.099,0,0
30YITP.B,D,20250709,000000,99.313,99.313,99.202,99.202,0,0
30YITP.B,D,20250710,000000,99.241,99.241,98.659,98.659,0,0
30YITP.B,D,20250711,000000,98.282,98.282,98.282,98.282,0,0
30YITP.B,D,20250714,000000,98.34,98.34,97.856,97.932,0,0
30YITP.B,D,20250715,000000,98.489,98.489,98.437,98.437,0,0
30YITP.B,D,20250716,000000,97.925,98.517,97.925,98.517,0,0
30YITP.B,D,20250717,000000,97.823,98.555,97.823,98.555,0,0
30YITP.B,D,20250718,000000,98.362,98.362,98.362,98.362,0,0
30YITP.B,D,20250721,000000,98.362,99.528,98.362,99.528,0,0
30YITP.B,D,20250722,000000,99.448,99.765,99.448,99.765,0,0
30YITP.B,D,20250723,000000,99.319,99.555,99.319,99.555,0,0
30YITP.B,D,20250724,000000,98.486,98.486,98.427,98.427,0,0
30YITP.B,D,20250725,000000,97.576,98.074,97.576,98.074,0,0
30YITP.B,D,20250728,000000,98.074,99.013,98.074,99.013,0,0
30YITP.B,D,20250729,000000,98.602,98.602,98.602,98.602,0,0
30YITP.B,D,20250730,000000,99.178,99.271,99.178,99.271,0,0
30YITP.B,D,20250731,000000,99.358,99.358,99.199,99.199,0,0
30YITP.B,D,20250801,000000,98.44,99.2,98.44,99.2,0,0
30YITP.B,D,20250804,000000,99.2,99.729,98.564,99.729,0,0
30YITP.B,D,20250805,000000,100.224,100.224,100.078,100.078,0,0
30YITP.B,D,20250806,000000,99.848,99.848,99.686,99.686,0,0
30YITP.B,D,20250807,000000,99.614,99.945,99.614,99.945,0,0
30YITP.B,D,20250808,000000,99.949,99.949,99.332,99.332,0,0
30YITP.B,D,20250811,000000,99.332,99.528,99.073,99.073,0,0
30YITP.B,D,20250812,000000,98.795,98.795,97.826,97.826,0,0
30YITP.B,D,20250813,000000,98.798,99.113,98.798,99.113,0,0
30YITP.B,D,20250814,000000,99.624,99.624,98.797,98.797,0,0
30YITP.B,D,20250818,000000,97.385,97.949,97.151,97.151,0,0
30YITP.B,D,20250819,000000,96.947,97.136,96.947,97.136,0,0
30YITP.B,D,20250820,000000,97.347,97.79,97.347,97.79,0,0
30YITP.B,D,20250821,000000,97.478,97.478,97.066,97.066,0,0
30YITP.B,D,20250822,000000,96.986,96.986,96.986,96.986,0,0
30YITP.B,D,20250825,000000,96.986,96.986,96.912,96.912,0,0
30YITP.B,D,20250826,000000,96.799,96.799,96.6,96.6,0,0
30YITP.B,D,20250827,000000,97.036,97.036,96.181,96.181,0,0
30YITP.B,D,20250828,000000,96.66,96.66,96.66,96.66,0,0
30YITP.B,D,20250829,000000,96.834,96.834,96.834,96.834,0,0
30YITP.B,D,20250901,000000,96.834,96.834,95.781,95.959,0,0
30YITP.B,D,20250902,000000,98.736,98.736,94.955,94.955,0,0
30YITP.B,D,20250903,000000,95.098,95.922,95.098,95.922,0,0
30YITP.B,D,20250904,000000,96.555,96.555,96.485,96.485,0,0
30YITP.B,D,20250905,000000,96.862,97.526,96.862,97.526,0,0
30YITP.B,D,20250908,000000,97.526,97.877,97.493,97.877,0,0
30YITP.B,D,20250909,000000,97.763,97.763,97.75,97.75,0,0
30YITP.B,D,20250910,000000,97.872,97.872,97.8,97.8,0,0
30YITP.B,D,20250911,000000,98.094,98.591,98.094,98.591,0,0
30YITP.B,D,20250912,000000,98.431,98.431,98.135,98.135,0,0
30YITP.B,D,20250915,000000,98.135,98.171,98.135,98.171,0,0
30YITP.B,D,20250916,000000,98.942,98.942,98.942,98.942,0,0
30YITP.B,D,20250917,000000,98.752,98.988,98.752,98.988,0,0
30YITP.B,D,20250918,000000,99.14,99.14,98.141,98.141,0,0
30YITP.B,D,20250919,000000,97.628,97.628,97.628,97.628,0,0
30YITP.B,D,20250922,000000,97.675,97.675,97.391,97.391,0,0
30YITP.B,D,20250923,000000,97.368,97.368,97.31,97.31,0,0
30YITP.B,D,20250924,000000,97.342,97.342,97.137,97.137,0,0
30YITP.B,D,20250925,000000,97.295,97.295,97.192,97.192,0,0
30YITP.B,D,20250926,000000,97.161,97.161,97.161,97.161,0,0
30YITP.B,D,20250929,000000,97.161,98.042,97.161,98.042,0,0
30YITP.B,D,20250930,000000,98.105,98.105,98.064,98.064,0,0
30YITP.B,D,20251001,000000,97.681,97.681,97.681,97.681,0,0
30YITP.B,D,20251002,000000,97.98,98.292,97.98,98.292,0,0
30YITP.B,D,20251003,000000,98.576,98.576,98.576,98.576,0,0
30YITP.B,D,20251006,000000,98.576,98.576,97.95,97.97,0,0
30YITP.B,D,20251007,000000,97.498,97.762,97.498,97.762,0,0
30YITP.B,D,20251008,000000,97.762,98.796,97.762,98.796,0,0
30YITP.B,D,20251009,000000,98.998,98.998,98.635,98.635,0,0
30YITP.B,D,20251010,000000,98.981,99.171,98.981,99.171,0,0
30YITP.B,D,20251013,000000,99.171,99.488,99.118,99.488,0,0
30YITP.B,D,20251014,000000,99.908,100.203,99.908,100.203,0,0
30YITP.B,D,20251015,000000,100.624,100.773,100.624,100.773,0,0
30YITP.B,D,20251016,000000,100.686,100.686,100.686,100.686,0,0
30YITP.B,D,20251017,000000,100.856,100.856,100.569,100.569,0,0
30YITP.B,D,20251020,000000,100.569,100.569,100.468,100.468,0,0
30YITP.B,D,20251021,000000,101.195,101.509,101.195,101.509,0,0
30YITP.B,D,20251022,000000,101.445,101.445,101.372,101.372,0,0
30YITP.B,D,20251023,000000,101.079,101.079,101.028,101.028,0,0
30YITP.B,D,20251024,000000,100.58,100.58,100.58,100.58,0,0
30YITP.B,D,20251027,000000,100.58,100.58,100.317,100.317,0,0
30YITP.B,D,20251028,000000,100.832,100.832,100.832,100.832,0,0
30YITP.B,D,20251029,000000,100.913,100.913,100.913,100.913,0,0
30YITP.B,D,20251030,000000,100.735,100.735,100.735,100.735,0,0
30YITP.B,D,20251031,000000,100.985,100.985,100.872,100.872,0,0
30YITP.B,D,20251103,000000,100.872,101.121,100.872,101.121,0,0
30YITP.B,D,20251104,000000,100.802,100.993,100.802,100.993,0,0
30YITP.B,D,20251105,000000,100.955,100.955,100.955,100.955,0,0
30YITP.B,D,20251106,000000,100.766,100.766,100.766,100.766,0,0
30YITP.B,D,20251107,000000,100.28,100.28,100.28,100.28,0,0
30YITP.B,D,20251110,000000,100.28,100.623,100.131,100.623,0,0
30YITP.B,D,20251111,000000,100.498,100.498,100.498,100.498,0,0
30YITP.B,D,20251112,000000,100.605,100.605,100.605,100.605,0,0
30YITP.B,D,20251113,000000,101.55,101.55,101.55,101.55,0,0
30YITP.B,D,20251114,000000,99.91,99.91,99.91,99.91,0,0
30YITP.B,D,20251117,000000,99.91,100.1,99.91,100.1,0,0
30YITP.B,D,20251118,000000,100.077,100.077,100.077,100.077,0,0
30YITP.B,D,20251119,000000,99.879,99.879,99.879,99.879,0,0
30YITP.B,D,20251120,000000,99.765,99.765,99.765,99.765,0,0
30YITP.B,D,20251121,000000,99.579,99.579,99.579,99.579,0,0
30YITP.B,D,20251124,000000,99.579,99.838,99.579,99.743,0,0
30YITP.B,D,20251125,000000,99.743,99.792,99.743,99.792,0,0
30YITP.B,D,20251126,000000,100.355,100.355,100.355,100.355,0,0
30YITP.B,D,20251127,000000,100.465,100.465,100.465,100.465,0,0
30YITP.B,D,20251128,000000,100.451,100.451,100.451,100.451,0,0
30YITP.B,D,20251201,000000,100.451,100.451,99.851,99.851,0,0
30YITP.B,D,20251202,000000,99.49,99.49,99.49,99.49,0,0
30YITP.B,D,20251203,000000,99.776,99.776,99.776,99.776,0,0
30YITP.B,D,20251204,000000,97.985,97.985,97.985,97.985,0,0
30YITP.B,D,20251205,000000,99.625,99.625,99.625,99.625,0,0
30YITP.B,D,20251208,000000,99.625,99.625,99.143,99.143,0,0
30YITP.B,D,20251209,000000,98.766,98.78,98.766,98.78,0,0
30YITP.B,D,20251210,000000,98.361,98.975,98.361,98.975,0,0
30YITP.B,D,20251211,000000,98.704,98.704,98.704,98.704,0,0
30YITP.B,D,20251212,000000,99.187,99.187,99.187,99.187,0,0
30YITP.B,D,20251215,000000,99.187,99.354,99.187,99.354,0,0
30YITP.B,D,20251216,000000,99.512,99.512,99.373,99.373,0,0
30YITP.B,D,20251217,000000,99.589,99.589,99.589,99.589,0,0
30YITP.B,D,20251218,000000,99.266,99.266,99.266,99.266,0,0
30YITP.B,D,20251219,000000,98.831,98.831,98.31,98.31,0,0
30YITP.B,D,20251222,000000,98.31,98.454,98.114,98.114,0,0
30YITP.B,D,20251223,000000,98.94,99.011,98.94,99.011,0,0
30YITP.B,D,20251225,000000,99.011,99.011,99.011,99.011,0,0
30YITP.B,D,20251226,000000,99.011,99.011,99.011,99.011,0,0
30YITP.B,D,20251229,000000,99.011,99.595,99.011,99.595,0,0
30YITP.B,D,20251230,000000,99.468,99.468,99.198,99.198,0,0
30YITP.B,D,20260101,000000,99.198,99.198,99.198,99.198,0,0
30YITP.B,D,20260102,000000,99.198,99.198,98.082,98.082,0,0
30YITP.B,D,20260105,000000,98.082,98.472,98.082,98.472,0,0
30YITP.B,D,20260106,000000,98.593,98.593,98.593,98.593,0,0
30YITP.B,D,20260107,000000,99.863,99.863,99.863,99.863,0,0
30YITP.B,D,20260108,000000,99.351,99.351,99.351,99.351,0,0
30YITP.B,D,20260109,000000,99.851,99.851,99.851,99.851,0,0
30YITP.B,D,20260112,000000,99.851,99.959,99.851,99.959,0,0
30YITP.B,D,20260113,000000,100.199,100.199,100.199,100.199,0,0
30YITP.B,D,20260114,000000,100.279,100.426,100.279,100.426,0,0
30YITP.B,D,20260115,000000,100.43,100.43,100.43,100.43,0,0
30YITP.B,D,20260116,000000,100.763,100.763,100.763,100.763,0,0
30YITP.B,D,20260119,000000,100.763,100.764,100.763,100.764,0,0
30YITP.B,D,20260120,000000,99.295,99.802,99.295,99.802,0,0
30YITP.B,D,20260121,000000,100.167,100.167,100.167,100.167,0,0
30YITP.B,D,20260122,000000,99.961,99.961,99.961,99.961,0,0
30YITP.B,D,20260123,000000,99.914,100.046,99.914,100.046,0,0
30YITP.B,D,20260126,000000,100.046,100.184,100.046,100.184,0,0
30YITP.B,D,20260127,000000,100.385,100.385,100.385,100.385,0,0
30YITP.B,D,20260128,000000,100.389,100.389,100.389,100.389,0,0
30YITP.B,D,20260129,000000,100.107,100.107,100.107,100.107,0,0
30YITP.B,D,20260130,000000,100.091,100.091,100.021,100.021,0,0
30YITP.B,D,20260202,000000,100.021,100.103,100.021,100.103,0,0
30YITP.B,D,20260203,000000,99.807,99.807,99.807,99.807,0,0
30YITP.B,D,20260204,000000,99.82,99.82,99.82,99.82,0,0
30YITP.B,D,20260205,000000,99.477,99.477,99.477,99.477,0,0
30YITP.B,D,20260206,000000,99.872,99.872,99.872,99.872,0,0
30YITP.B,D,20260209,000000,99.872,99.872,99.499,99.499,0,0
30YITP.B,D,20260210,000000,99.921,99.921,99.921,99.921,0,0
