<TICKER>,<PER>,<DATE>,<TIME>,<OPEN>,<HIGH>,<LOW>,<CLOSE>,<VOL>,<OPENINT>
30YIDY.B,D,20240416,000000,6.894,6.94,6.894,6.939,0,0
30YIDY.B,D,20240417,000000,6.939,6.941,6.938,6.941,0,0
30YIDY.B,D,20240418,000000,6.938,6.939,6.938,6.939,0,0
30YIDY.B,D,20240419,000000,6.938,6.938,6.938,6.938,0,0
30YIDY.B,D,20240422,000000,6.934,6.978,6.934,6.977,0,0
30YIDY.B,D,20240423,000000,6.978,6.979,6.976,6.979,0,0
30YIDY.B,D,20240424,000000,6.978,6.98,6.977,6.977,0,0
30YIDY.B,D,20240425,000000,7.057,7.057,6.977,6.977,0,0
30YIDY.B,D,20240426,000000,6.977,6.977,6.977,6.977,0,0
30YIDY.B,D,20240429,000000,7.057,7.057,7.057,7.057,0,0
30YIDY.B,D,20240430,000000,7.255,7.255,7.255,7.255,0,0
30YIDY.B,D,20240502,000000,7.255,7.255,7.125,7.125,0,0
30YIDY.B,D,20240503,000000,7.125,7.125,7.023,7.023,0,0
30YIDY.B,D,20240507,000000,7.023,7.023,6.959,6.959,0,0
30YIDY.B,D,20240508,000000,7.075,7.075,7.065,7.065,0,0
30YIDY.B,D,20240513,000000,7.023,7.04,7.023,7.04,0,0
30YIDY.B,D,20240514,000000,7.04,7.04,6.969,6.974,0,0
30YIDY.B,D,20240515,000000,6.975,6.975,6.927,6.927,0,0
30YIDY.B,D,20240516,000000,6.927,6.928,6.916,6.917,0,0
30YIDY.B,D,20240517,000000,6.918,6.918,6.917,6.917,0,0
30YIDY.B,D,20240520,000000,6.894,6.918,6.894,6.918,0,0
30YIDY.B,D,20240521,000000,6.918,6.919,6.917,6.917,0,0
30YIDY.B,D,20240522,000000,6.918,6.939,6.918,6.937,0,0
30YIDY.B,D,20240527,000000,6.937,6.95,6.937,6.948,0,0
30YIDY.B,D,20240528,000000,6.948,6.949,6.948,6.949,0,0
30YIDY.B,D,20240529,000000,6.948,6.972,6.948,6.97,0,0
30YIDY.B,D,20240530,000000,6.969,6.972,6.969,6.969,0,0
30YIDY.B,D,20240531,000000,6.97,6.972,6.969,6.969,0,0
30YIDY.B,D,20240603,000000,6.965,6.973,6.965,6.968,0,0
30YIDY.B,D,20240604,000000,6.97,7.032,6.956,7.022,0,0
30YIDY.B,D,20240605,000000,7.019,7.025,7.019,7.023,0,0
30YIDY.B,D,20240606,000000,7.123,7.124,7.115,7.123,0,0
30YIDY.B,D,20240607,000000,7.129,7.129,7.127,7.127,0,0
30YIDY.B,D,20240610,000000,7.12,7.131,7.12,7.129,0,0
30YIDY.B,D,20240611,000000,7.133,7.133,7.13,7.13,0,0
30YIDY.B,D,20240612,000000,7.134,7.137,7.134,7.137,0,0
30YIDY.B,D,20240613,000000,7.136,7.137,7.136,7.137,0,0
30YIDY.B,D,20240614,000000,7.137,7.158,7.132,7.157,0,0
30YIDY.B,D,20240619,000000,7.158,7.18,7.157,7.178,0,0
30YIDY.B,D,20240620,000000,7.179,7.191,7.179,7.191,0,0
30YIDY.B,D,20240621,000000,7.191,7.191,7.19,7.19,0,0
30YIDY.B,D,20240624,000000,7.191,7.201,7.191,7.201,0,0
30YIDY.B,D,20240625,000000,7.228,7.228,7.209,7.209,0,0
30YIDY.B,D,20240626,000000,7.208,7.212,7.208,7.212,0,0
30YIDY.B,D,20240627,000000,7.212,7.212,7.212,7.212,0,0
30YIDY.B,D,20240628,000000,7.204,7.204,7.19,7.19,0,0
30YIDY.B,D,20240701,000000,7.17,7.186,7.17,7.186,0,0
30YIDY.B,D,20240702,000000,7.191,7.191,7.191,7.191,0,0
30YIDY.B,D,20240703,000000,7.214,7.214,7.19,7.19,0,0
30YIDY.B,D,20240704,000000,7.19,7.196,7.19,7.196,0,0
30YIDY.B,D,20240705,000000,7.197,7.197,7.196,7.197,0,0
30YIDY.B,D,20240708,000000,7.196,7.196,7.19,7.19,0,0
30YIDY.B,D,20240709,000000,7.197,7.197,7.197,7.197,0,0
30YIDY.B,D,20240710,000000,7.242,7.242,7.242,7.242,0,0
30YIDY.B,D,20240711,000000,7.242,7.242,7.242,7.242,0,0
30YIDY.B,D,20240712,000000,7.242,7.242,7.242,7.242,0,0
30YIDY.B,D,20240715,000000,7.242,7.242,7.242,7.242,0,0
30YIDY.B,D,20240716,000000,7.214,7.214,7.175,7.175,0,0
30YIDY.B,D,20240717,000000,7.143,7.143,7.143,7.143,0,0
30YIDY.B,D,20240718,000000,7.149,7.149,7.143,7.143,0,0
30YIDY.B,D,20240719,000000,7.143,7.143,7.143,7.143,0,0
30YIDY.B,D,20240722,000000,7.143,7.143,7.143,7.143,0,0
30YIDY.B,D,20240723,000000,7.143,7.143,7.143,7.143,0,0
30YIDY.B,D,20240724,000000,7.143,7.143,7.143,7.143,0,0
30YIDY.B,D,20240725,000000,7.143,7.143,7.143,7.143,0,0
30YIDY.B,D,20240726,000000,7.176,7.216,7.176,7.216,0,0
30YIDY.B,D,20240729,000000,7.216,7.216,7.216,7.216,0,0
30YIDY.B,D,20240730,000000,7.216,7.216,7.216,7.216,0,0
30YIDY.B,D,20240731,000000,7.216,7.216,7.216,7.216,0,0
30YIDY.B,D,20240801,000000,7.216,7.216,7.216,7.216,0,0
30YIDY.B,D,20240802,000000,7.216,7.216,7.216,7.216,0,0
30YIDY.B,D,20240805,000000,7.216,7.216,7.216,7.216,0,0
30YIDY.B,D,20240806,000000,7.105,7.105,7.105,7.105,0,0
30YIDY.B,D,20240807,000000,7.078,7.078,7.078,7.078,0,0
30YIDY.B,D,20240808,000000,7.078,7.078,7.078,7.078,0,0
30YIDY.B,D,20240809,000000,7.078,7.078,7.078,7.078,0,0
30YIDY.B,D,20240812,000000,7.085,7.1,7.085,7.1,0,0
30YIDY.B,D,20240813,000000,7.1,7.1,7.1,7.1,0,0
30YIDY.B,D,20240814,000000,7.1,7.1,7.1,7.1,0,0
30YIDY.B,D,20240815,000000,7.1,7.1,7.1,7.1,0,0
30YIDY.B,D,20240816,000000,7.078,7.1,7.025,7.025,0,0
30YIDY.B,D,20240819,000000,7.025,7.025,7.025,7.025,0,0
30YIDY.B,D,20240820,000000,7.025,7.025,7.025,7.025,0,0
30YIDY.B,D,20240821,000000,6.995,6.999,6.995,6.999,0,0
30YIDY.B,D,20240822,000000,6.999,6.999,6.999,6.999,0,0
30YIDY.B,D,20240823,000000,6.999,6.999,6.999,6.999,0,0
30YIDY.B,D,20240826,000000,6.999,6.999,6.999,6.999,0,0
30YIDY.B,D,20240827,000000,6.999,6.999,6.999,6.999,0,0
30YIDY.B,D,20240828,000000,6.999,6.999,6.999,6.999,0,0
30YIDY.B,D,20240829,000000,6.999,6.999,6.999,6.999,0,0
30YIDY.B,D,20240830,000000,6.999,6.999,6.999,6.999,0,0
30YIDY.B,D,20240902,000000,6.999,6.999,6.999,6.999,0,0
30YIDY.B,D,20240903,000000,6.999,6.999,6.999,6.999,0,0
30YIDY.B,D,20240904,000000,6.999,6.999,6.999,6.999,0,0
30YIDY.B,D,20240905,000000,6.999,6.999,6.999,6.999,0,0
30YIDY.B,D,20240906,000000,6.961,6.961,6.961,6.961,0,0
30YIDY.B,D,20240909,000000,6.961,6.961,6.961,6.961,0,0
30YIDY.B,D,20240910,000000,6.961,6.967,6.959,6.959,0,0
30YIDY.B,D,20240911,000000,6.959,6.959,6.952,6.952,0,0
30YIDY.B,D,20240912,000000,6.952,6.952,6.952,6.952,0,0
30YIDY.B,D,20240913,000000,6.952,6.952,6.952,6.952,0,0
30YIDY.B,D,20240917,000000,6.952,6.952,6.952,6.952,0,0
30YIDY.B,D,20240918,000000,6.952,6.952,6.952,6.952,0,0
30YIDY.B,D,20240919,000000,6.952,6.952,6.952,6.952,0,0
30YIDY.B,D,20240920,000000,6.952,6.952,6.952,6.952,0,0
30YIDY.B,D,20240923,000000,6.952,6.952,6.952,6.952,0,0
30YIDY.B,D,20240924,000000,6.952,6.952,6.952,6.952,0,0
30YIDY.B,D,20240925,000000,6.952,6.952,6.946,6.946,0,0
30YIDY.B,D,20240926,000000,6.946,6.946,6.946,6.946,0,0
30YIDY.B,D,20240927,000000,6.946,6.946,6.946,6.946,0,0
30YIDY.B,D,20240930,000000,6.952,6.952,6.952,6.952,0,0
30YIDY.B,D,20241001,000000,6.952,6.952,6.952,6.952,0,0
30YIDY.B,D,20241002,000000,6.982,6.982,6.982,6.982,0,0
30YIDY.B,D,20241003,000000,6.982,6.982,6.982,6.982,0,0
30YIDY.B,D,20241004,000000,6.982,6.982,6.982,6.982,0,0
30YIDY.B,D,20241007,000000,6.982,7.035,6.982,7.035,0,0
30YIDY.B,D,20241008,000000,7.035,7.035,7.035,7.035,0,0
30YIDY.B,D,20241009,000000,7.035,7.067,7.035,7.067,0,0
30YIDY.B,D,20241010,000000,7.037,7.037,7.001,7.001,0,0
30YIDY.B,D,20241011,000000,7.024,7.033,7.022,7.033,0,0
30YIDY.B,D,20241014,000000,7.033,7.033,7.033,7.033,0,0
30YIDY.B,D,20241015,000000,7.033,7.033,7.033,7.033,0,0
30YIDY.B,D,20241016,000000,7.033,7.033,7.033,7.033,0,0
30YIDY.B,D,20241017,000000,7.033,7.033,7.033,7.033,0,0
30YIDY.B,D,20241018,000000,7.033,7.033,7.033,7.033,0,0
30YIDY.B,D,20241021,000000,7.033,7.033,7.033,7.033,0,0
30YIDY.B,D,20241022,000000,7.033,7.033,7.033,7.033,0,0
30YIDY.B,D,20241023,000000,7.033,7.033,7.033,7.033,0,0
30YIDY.B,D,20241024,000000,7.033,7.033,7.033,7.033,0,0
30YIDY.B,D,20241025,000000,7.067,7.067,7.034,7.057,0,0
30YIDY.B,D,20241028,000000,7.057,7.057,7.057,7.057,0,0
30YIDY.B,D,20241029,000000,7.057,7.057,7.057,7.057,0,0
30YIDY.B,D,20241030,000000,7.057,7.057,7.034,7.034,0,0
30YIDY.B,D,20241031,000000,7.023,7.023,7.023,7.023,0,0
30YIDY.B,D,20241101,000000,7.023,7.023,7.023,7.023,0,0
30YIDY.B,D,20241104,000000,7.023,7.023,7.023,7.023,0,0
30YIDY.B,D,20241105,000000,7.027,7.027,7.027,7.027,0,0
30YIDY.B,D,20241106,000000,7.027,7.027,7.027,7.027,0,0
30YIDY.B,D,20241107,000000,7.027,7.027,7.027,7.027,0,0
30YIDY.B,D,20241108,000000,7.027,7.027,7.027,7.027,0,0
30YIDY.B,D,20241111,000000,7.027,7.027,7.027,7.027,0,0
30YIDY.B,D,20241112,000000,7.027,7.027,7.027,7.027,0,0
30YIDY.B,D,20241113,000000,7.027,7.027,7.027,7.027,0,0
30YIDY.B,D,20241114,000000,7.027,7.027,7.027,7.027,0,0
30YIDY.B,D,20241115,000000,7.027,7.027,7.027,7.027,0,0
30YIDY.B,D,20241118,000000,7.027,7.027,7.027,7.027,0,0
30YIDY.B,D,20241119,000000,7.027,7.027,7.027,7.027,0,0
30YIDY.B,D,20241120,000000,7.027,7.027,7.027,7.027,0,0
30YIDY.B,D,20241121,000000,7.027,7.027,7.027,7.027,0,0
30YIDY.B,D,20241122,000000,7.027,7.027,7.027,7.027,0,0
30YIDY.B,D,20241125,000000,7.027,7.027,7.027,7.027,0,0
30YIDY.B,D,20241126,000000,7.027,7.027,7.027,7.027,0,0
30YIDY.B,D,20241128,000000,7.027,7.027,7.027,7.027,0,0
30YIDY.B,D,20241129,000000,7.027,7.027,7.027,7.027,0,0
30YIDY.B,D,20241202,000000,7.027,7.027,7.027,7.027,0,0
30YIDY.B,D,20241203,000000,7.027,7.027,7.027,7.027,0,0
30YIDY.B,D,20241204,000000,7.027,7.027,7.027,7.027,0,0
30YIDY.B,D,20241205,000000,7.027,7.027,7.027,7.027,0,0
30YIDY.B,D,20241206,000000,7.027,7.027,7.027,7.027,0,0
30YIDY.B,D,20241209,000000,7.027,7.027,7.027,7.027,0,0
30YIDY.B,D,20241210,000000,7.027,7.027,7.027,7.027,0,0
30YIDY.B,D,20241211,000000,7.027,7.027,7.027,7.027,0,0
30YIDY.B,D,20241212,000000,7.027,7.027,7.027,7.027,0,0
30YIDY.B,D,20241213,000000,7.027,7.027,7.027,7.027,0,0
30YIDY.B,D,20241216,000000,7.027,7.027,7.027,7.027,0,0
30YIDY.B,D,20241217,000000,7.028,7.028,7.028,7.028,0,0
30YIDY.B,D,20241218,000000,7.028,7.028,7.028,7.028,0,0
30YIDY.B,D,20241219,000000,7.028,7.028,7.028,7.028,0,0
30YIDY.B,D,20241220,000000,7.028,7.028,7.028,7.028,0,0
30YIDY.B,D,20241223,000000,7.028,7.028,7.028,7.028,0,0
30YIDY.B,D,20241224,000000,7.028,7.028,7.028,7.028,0,0
30YIDY.B,D,20241227,000000,7.211,7.211,7.211,7.211,0,0
30YIDY.B,D,20241230,000000,7.224,7.238,7.224,7.238,0,0
30YIDY.B,D,20250102,000000,7.238,7.238,7.238,7.238,0,0
30YIDY.B,D,20250103,000000,7.238,7.238,7.238,7.238,0,0
30YIDY.B,D,20250106,000000,7.238,7.238,7.238,7.238,0,0
30YIDY.B,D,20250107,000000,7.238,7.238,7.238,7.238,0,0
30YIDY.B,D,20250108,000000,7.238,7.238,7.238,7.238,0,0
30YIDY.B,D,20250109,000000,7.238,7.238,7.238,7.238,0,0
30YIDY.B,D,20250110,000000,7.238,7.238,7.238,7.238,0,0
30YIDY.B,D,20250113,000000,7.238,7.238,7.238,7.238,0,0
30YIDY.B,D,20250114,000000,7.238,7.238,7.238,7.238,0,0
30YIDY.B,D,20250115,000000,7.238,7.238,7.238,7.238,0,0
30YIDY.B,D,20250116,000000,7.238,7.238,7.238,7.238,0,0
30YIDY.B,D,20250117,000000,7.447,7.447,7.447,7.447,0,0
30YIDY.B,D,20250120,000000,7.335,7.335,7.335,7.335,0,0
30YIDY.B,D,20250121,000000,7.334,7.334,7.334,7.334,0,0
30YIDY.B,D,20250122,000000,7.335,7.335,7.319,7.319,0,0
30YIDY.B,D,20250123,000000,7.32,7.32,7.29,7.291,0,0
30YIDY.B,D,20250124,000000,7.291,7.291,7.291,7.291,0,0
30YIDY.B,D,20250130,000000,7.196,7.196,7.196,7.196,0,0
30YIDY.B,D,20250131,000000,7.195,7.227,7.195,7.219,0,0
30YIDY.B,D,20250203,000000,7.226,7.226,7.225,7.225,0,0
30YIDY.B,D,20250204,000000,7.204,7.204,7.203,7.204,0,0
30YIDY.B,D,20250205,000000,7.204,7.204,7.149,7.149,0,0
30YIDY.B,D,20250206,000000,7.149,7.165,7.149,7.159,0,0
30YIDY.B,D,20250207,000000,7.159,7.159,7.159,7.159,0,0
30YIDY.B,D,20250210,000000,7.129,7.135,7.129,7.135,0,0
30YIDY.B,D,20250211,000000,7.135,7.135,7.135,7.135,0,0
30YIDY.B,D,20250212,000000,7.135,7.136,7.135,7.136,0,0
30YIDY.B,D,20250213,000000,7.135,7.135,7.134,7.134,0,0
30YIDY.B,D,20250214,000000,7.135,7.135,7.135,7.135,0,0
30YIDY.B,D,20250217,000000,7.134,7.134,7.134,7.134,0,0
30YIDY.B,D,20250218,000000,7.14,7.14,7.135,7.135,0,0
30YIDY.B,D,20250219,000000,7.135,7.135,7.135,7.135,0,0
30YIDY.B,D,20250220,000000,7.134,7.134,7.134,7.134,0,0
30YIDY.B,D,20250221,000000,7.135,7.135,7.129,7.129,0,0
30YIDY.B,D,20250224,000000,7.126,7.126,7.126,7.126,0,0
30YIDY.B,D,20250225,000000,7.126,7.14,7.126,7.14,0,0
30YIDY.B,D,20250226,000000,7.123,7.123,7.123,7.123,0,0
30YIDY.B,D,20250227,000000,7.14,7.14,7.123,7.123,0,0
30YIDY.B,D,20250228,000000,7.122,7.122,7.11,7.11,0,0
30YIDY.B,D,20250303,000000,7.11,7.11,7.11,7.11,0,0
30YIDY.B,D,20250304,000000,7.11,7.11,7.11,7.11,0,0
30YIDY.B,D,20250305,000000,7.11,7.11,7.11,7.11,0,0
30YIDY.B,D,20250306,000000,7.114,7.114,7.11,7.11,0,0
30YIDY.B,D,20250307,000000,7.11,7.11,7.11,7.11,0,0
30YIDY.B,D,20250310,000000,7.11,7.116,7.11,7.116,0,0
30YIDY.B,D,20250311,000000,7.116,7.119,7.116,7.119,0,0
30YIDY.B,D,20250312,000000,7.119,7.129,7.119,7.127,0,0
30YIDY.B,D,20250313,000000,7.127,7.127,7.126,7.127,0,0
30YIDY.B,D,20250314,000000,7.126,7.139,7.126,7.136,0,0
30YIDY.B,D,20250317,000000,7.14,7.14,7.139,7.139,0,0
30YIDY.B,D,20250318,000000,7.14,7.14,7.14,7.14,0,0
30YIDY.B,D,20250319,000000,7.14,7.14,7.14,7.14,0,0
30YIDY.B,D,20250320,000000,7.139,7.139,7.139,7.139,0,0
30YIDY.B,D,20250321,000000,7.139,7.14,7.139,7.14,0,0
30YIDY.B,D,20250324,000000,7.139,7.139,7.139,7.139,0,0
30YIDY.B,D,20250325,000000,7.139,7.139,7.139,7.139,0,0
30YIDY.B,D,20250326,000000,7.139,7.182,7.139,7.182,0,0
30YIDY.B,D,20250327,000000,7.159,7.182,7.159,7.179,0,0
30YIDY.B,D,20250408,000000,7.172,7.172,7.151,7.151,0,0
30YIDY.B,D,20250409,000000,7.182,7.28,7.182,7.279,0,0
30YIDY.B,D,20250410,000000,7.29,7.29,7.246,7.246,0,0
30YIDY.B,D,20250411,000000,7.246,7.246,7.195,7.195,0,0
30YIDY.B,D,20250414,000000,7.246,7.246,7.246,7.246,0,0
30YIDY.B,D,20250415,000000,7.24,7.24,7.24,7.24,0,0
30YIDY.B,D,20250416,000000,7.246,7.246,7.246,7.246,0,0
30YIDY.B,D,20250417,000000,7.248,7.248,7.244,7.245,0,0
30YIDY.B,D,20250421,000000,7.277,7.277,7.241,7.241,0,0
30YIDY.B,D,20250422,000000,7.263,7.264,7.24,7.24,0,0
30YIDY.B,D,20250423,000000,7.263,7.263,7.24,7.24,0,0
30YIDY.B,D,20250424,000000,7.234,7.234,7.234,7.234,0,0
30YIDY.B,D,20250425,000000,7.257,7.259,7.235,7.235,0,0
30YIDY.B,D,20250428,000000,7.235,7.235,7.235,7.235,0,0
30YIDY.B,D,20250429,000000,7.215,7.215,7.215,7.215,0,0
30YIDY.B,D,20250430,000000,7.188,7.188,7.188,7.188,0,0
30YIDY.B,D,20250502,000000,7.167,7.167,7.143,7.143,0,0
30YIDY.B,D,20250505,000000,7.134,7.134,7.134,7.134,0,0
30YIDY.B,D,20250506,000000,7.154,7.156,7.134,7.134,0,0
30YIDY.B,D,20250507,000000,7.134,7.134,7.134,7.134,0,0
30YIDY.B,D,20250508,000000,7.134,7.134,7.134,7.134,0,0
30YIDY.B,D,20250509,000000,7.134,7.14,7.134,7.14,0,0
30YIDY.B,D,20250514,000000,7.141,7.141,7.14,7.14,0,0
30YIDY.B,D,20250515,000000,7.14,7.14,7.14,7.14,0,0
30YIDY.B,D,20250516,000000,7.14,7.14,7.14,7.14,0,0
30YIDY.B,D,20250519,000000,7.141,7.141,7.14,7.14,0,0
30YIDY.B,D,20250520,000000,7.141,7.141,7.141,7.141,0,0
30YIDY.B,D,20250521,000000,7.141,7.141,7.14,7.14,0,0
30YIDY.B,D,20250522,000000,7.141,7.141,7.141,7.141,0,0
30YIDY.B,D,20250523,000000,7.141,7.141,7.141,7.141,0,0
30YIDY.B,D,20250526,000000,7.142,7.142,7.142,7.142,0,0
30YIDY.B,D,20250527,000000,7.142,7.142,7.142,7.142,0,0
30YIDY.B,D,20250528,000000,7.142,7.142,7.142,7.142,0,0
30YIDY.B,D,20250602,000000,7,7.014,6.996,7.014,0,0
30YIDY.B,D,20250603,000000,7.023,7.023,7.014,7.014,0,0
30YIDY.B,D,20250604,000000,7.011,7.011,6.996,7.002,0,0
30YIDY.B,D,20250605,000000,6.993,6.994,6.993,6.993,0,0
30YIDY.B,D,20250610,000000,7,7.007,6.993,6.993,0,0
30YIDY.B,D,20250611,000000,6.975,6.987,6.968,6.968,0,0
30YIDY.B,D,20250612,000000,6.957,6.957,6.957,6.957,0,0
30YIDY.B,D,20250613,000000,6.959,6.98,6.959,6.979,0,0
30YIDY.B,D,20250616,000000,6.957,6.957,6.957,6.957,0,0
30YIDY.B,D,20250617,000000,6.972,6.979,6.964,6.964,0,0
30YIDY.B,D,20250618,000000,6.966,6.967,6.963,6.963,0,0
30YIDY.B,D,20250619,000000,6.987,6.987,6.965,6.965,0,0
30YIDY.B,D,20250620,000000,6.987,6.997,6.977,6.977,0,0
30YIDY.B,D,20250623,000000,6.999,7.056,6.999,7.051,0,0
30YIDY.B,D,20250624,000000,7.034,7.05,7.034,7.05,0,0
30YIDY.B,D,20250625,000000,7.029,7.029,7.028,7.028,0,0
30YIDY.B,D,20250626,000000,7.02,7.024,7.02,7.024,0,0
30YIDY.B,D,20250630,000000,7.025,7.025,7.024,7.024,0,0
30YIDY.B,D,20250701,000000,6.975,6.975,6.975,6.975,0,0
30YIDY.B,D,20250702,000000,7.004,7.008,7.004,7.008,0,0
30YIDY.B,D,20250703,000000,7.011,7.011,6.997,6.997,0,0
30YIDY.B,D,20250704,000000,6.998,6.998,6.998,6.998,0,0
30YIDY.B,D,20250707,000000,6.997,6.997,6.997,6.997,0,0
30YIDY.B,D,20250708,000000,6.998,6.999,6.998,6.999,0,0
30YIDY.B,D,20250709,000000,6.997,6.998,6.997,6.998,0,0
30YIDY.B,D,20250710,000000,6.998,6.998,6.998,6.998,0,0
30YIDY.B,D,20250711,000000,6.998,6.998,6.998,6.998,0,0
30YIDY.B,D,20250714,000000,6.997,6.997,6.997,6.997,0,0
30YIDY.B,D,20250715,000000,6.991,6.992,6.991,6.992,0,0
30YIDY.B,D,20250716,000000,6.993,6.993,6.993,6.993,0,0
30YIDY.B,D,20250717,000000,6.997,6.997,6.995,6.995,0,0
30YIDY.B,D,20250718,000000,6.995,6.995,6.995,6.995,0,0
30YIDY.B,D,20250721,000000,6.996,6.996,6.996,6.996,0,0
30YIDY.B,D,20250722,000000,6.976,6.977,6.976,6.977,0,0
30YIDY.B,D,20250723,000000,6.976,6.976,6.976,6.976,0,0
30YIDY.B,D,20250724,000000,6.969,6.969,6.969,6.969,0,0
30YIDY.B,D,20250725,000000,6.969,6.969,6.969,6.969,0,0
30YIDY.B,D,20250728,000000,6.965,6.965,6.965,6.965,0,0
30YIDY.B,D,20250729,000000,6.964,6.964,6.964,6.964,0,0
30YIDY.B,D,20250730,000000,6.968,6.968,6.968,6.968,0,0
30YIDY.B,D,20250731,000000,6.967,6.967,6.967,6.967,0,0
30YIDY.B,D,20250801,000000,6.967,6.967,6.967,6.967,0,0
30YIDY.B,D,20250804,000000,6.966,6.966,6.966,6.966,0,0
30YIDY.B,D,20250805,000000,6.967,6.967,6.967,6.967,0,0
30YIDY.B,D,20250806,000000,6.967,6.967,6.967,6.967,0,0
30YIDY.B,D,20250807,000000,6.966,6.966,6.966,6.966,0,0
30YIDY.B,D,20250808,000000,6.967,6.967,6.967,6.967,0,0
30YIDY.B,D,20250811,000000,6.905,6.905,6.905,6.905,0,0
30YIDY.B,D,20250812,000000,6.906,6.906,6.906,6.906,0,0
30YIDY.B,D,20250813,000000,6.906,6.906,6.906,6.906,0,0
30YIDY.B,D,20250814,000000,6.875,6.875,6.875,6.875,0,0
30YIDY.B,D,20250815,000000,6.877,6.877,6.875,6.875,0,0
30YIDY.B,D,20250819,000000,6.874,6.874,6.874,6.874,0,0
30YIDY.B,D,20250820,000000,6.914,6.914,6.914,6.914,0,0
30YIDY.B,D,20250821,000000,6.914,6.914,6.914,6.914,0,0
30YIDY.B,D,20250822,000000,6.914,6.914,6.914,6.914,0,0
30YIDY.B,D,20250825,000000,6.897,6.897,6.897,6.897,0,0
30YIDY.B,D,20250826,000000,6.898,6.898,6.898,6.898,0,0
30YIDY.B,D,20250827,000000,6.899,6.899,6.899,6.899,0,0
30YIDY.B,D,20250828,000000,6.878,6.878,6.878,6.878,0,0
30YIDY.B,D,20250829,000000,6.88,6.88,6.88,6.88,0,0
30YIDY.B,D,20250901,000000,6.882,6.882,6.882,6.882,0,0
30YIDY.B,D,20250902,000000,6.882,6.882,6.882,6.882,0,0
30YIDY.B,D,20250903,000000,6.966,6.966,6.966,6.966,0,0
30YIDY.B,D,20250904,000000,6.882,6.882,6.882,6.882,0,0
30YIDY.B,D,20250908,000000,6.846,6.846,6.846,6.846,0,0
30YIDY.B,D,20250909,000000,6.846,6.846,6.846,6.846,0,0
30YIDY.B,D,20250910,000000,6.847,6.906,6.847,6.906,0,0
30YIDY.B,D,20250911,000000,6.907,6.907,6.907,6.907,0,0
30YIDY.B,D,20250912,000000,6.929,6.929,6.929,6.929,0,0
30YIDY.B,D,20250915,000000,6.93,6.93,6.897,6.897,0,0
30YIDY.B,D,20250916,000000,6.888,6.888,6.888,6.888,0,0
30YIDY.B,D,20250917,000000,6.887,6.887,6.887,6.887,0,0
30YIDY.B,D,20250918,000000,6.887,6.887,6.887,6.887,0,0
30YIDY.B,D,20250919,000000,6.879,6.88,6.879,6.88,0,0
30YIDY.B,D,20250922,000000,6.89,6.89,6.89,6.89,0,0
30YIDY.B,D,20250923,000000,6.89,6.89,6.89,6.89,0,0
30YIDY.B,D,20250924,000000,6.88,6.88,6.88,6.88,0,0
30YIDY.B,D,20250925,000000,6.879,6.879,6.879,6.879,0,0
30YIDY.B,D,20250926,000000,6.88,6.88,6.88,6.88,0,0
30YIDY.B,D,20250929,000000,6.88,6.88,6.88,6.88,0,0
30YIDY.B,D,20250930,000000,6.88,6.88,6.88,6.88,0,0
30YIDY.B,D,20251001,000000,6.883,6.883,6.883,6.883,0,0
30YIDY.B,D,20251002,000000,6.884,6.884,6.884,6.884,0,0
30YIDY.B,D,20251003,000000,6.885,6.885,6.885,6.885,0,0
30YIDY.B,D,20251006,000000,6.884,6.884,6.884,6.884,0,0
30YIDY.B,D,20251007,000000,6.884,6.884,6.884,6.884,0,0
30YIDY.B,D,20251008,000000,6.85,6.85,6.85,6.85,0,0
30YIDY.B,D,20251009,000000,6.865,6.865,6.865,6.865,0,0
30YIDY.B,D,20251010,000000,6.863,6.863,6.863,6.863,0,0
30YIDY.B,D,20251013,000000,6.85,6.85,6.85,6.85,0,0
30YIDY.B,D,20251014,000000,6.864,6.864,6.864,6.864,0,0
30YIDY.B,D,20251015,000000,6.865,6.865,6.865,6.865,0,0
30YIDY.B,D,20251016,000000,6.788,6.789,6.788,6.789,0,0
30YIDY.B,D,20251017,000000,6.762,6.762,6.762,6.762,0,0
30YIDY.B,D,20251020,000000,6.749,6.749,6.749,6.749,0,0
30YIDY.B,D,20251021,000000,6.749,6.749,6.749,6.749,0,0
30YIDY.B,D,20251022,000000,6.748,6.748,6.748,6.748,0,0
30YIDY.B,D,20251023,000000,6.763,6.763,6.763,6.763,0,0
30YIDY.B,D,20251024,000000,6.748,6.748,6.748,6.748,0,0
30YIDY.B,D,20251027,000000,6.75,6.75,6.75,6.75,0,0
30YIDY.B,D,20251028,000000,6.748,6.748,6.748,6.748,0,0
30YIDY.B,D,20251029,000000,6.745,6.745,6.745,6.745,0,0
30YIDY.B,D,20251030,000000,6.746,6.746,6.746,6.746,0,0
30YIDY.B,D,20251031,000000,6.72,6.72,6.72,6.72,0,0
30YIDY.B,D,20251103,000000,6.72,6.72,6.72,6.72,0,0
30YIDY.B,D,20251104,000000,6.72,6.72,6.72,6.72,0,0
30YIDY.B,D,20251105,000000,6.72,6.72,6.72,6.72,0,0
30YIDY.B,D,20251106,000000,6.742,6.742,6.742,6.742,0,0
30YIDY.B,D,20251107,000000,6.765,6.765,6.765,6.765,0,0
30YIDY.B,D,20251110,000000,6.766,6.767,6.764,6.766,0,0
30YIDY.B,D,20251111,000000,6.767,6.767,6.767,6.767,0,0
30YIDY.B,D,20251112,000000,6.768,6.768,6.768,6.768,0,0
30YIDY.B,D,20251113,000000,6.752,6.752,6.752,6.752,0,0
30YIDY.B,D,20251114,000000,6.753,6.753,6.753,6.753,0,0
30YIDY.B,D,20251117,000000,6.752,6.752,6.752,6.752,0,0
30YIDY.B,D,20251118,000000,6.734,6.734,6.734,6.734,0,0
30YIDY.B,D,20251119,000000,6.748,6.748,6.748,6.748,0,0
30YIDY.B,D,20251120,000000,6.75,6.75,6.75,6.75,0,0
30YIDY.B,D,20251121,000000,6.749,6.749,6.749,6.749,0,0
30YIDY.B,D,20251124,000000,6.767,6.767,6.763,6.763,0,0
30YIDY.B,D,20251125,000000,6.763,6.763,6.763,6.763,0,0
30YIDY.B,D,20251126,000000,6.769,6.769,6.769,6.769,0,0
30YIDY.B,D,20251127,000000,6.77,6.77,6.77,6.77,0,0
30YIDY.B,D,20251203,000000,6.779,6.779,6.779,6.779,0,0
30YIDY.B,D,20251215,000000,6.724,6.724,6.724,6.724,0,0
30YIDY.B,D,20251217,000000,6.742,6.742,6.742,6.742,0,0
30YIDY.B,D,20260107,000000,6.681,6.681,6.681,6.681,0,0
30YIDY.B,D,20260108,000000,6.72,6.72,6.72,6.72,0,0
30YIDY.B,D,20260112,000000,6.722,6.722,6.722,6.722,0,0
30YIDY.B,D,20260114,000000,6.719,6.72,6.698,6.703,0,0
30YIDY.B,D,20260115,000000,6.702,6.702,6.702,6.702,0,0
30YIDY.B,D,20260119,000000,6.677,6.677,6.677,6.677,0,0
30YIDY.B,D,20260120,000000,6.703,6.703,6.703,6.703,0,0
30YIDY.B,D,20260126,000000,6.716,6.724,6.716,6.724,0,0
