<TICKER>,<PER>,<DATE>,<TIME>,<OPEN>,<HIGH>,<LOW>,<CLOSE>,<VOL>,<OPENINT>
30YUSP.B,D,20240321,000000,97.179688,97.179688,96.546875,96.546875,0,0
30YUSP.B,D,20240322,000000,97.320312,97.671875,97.320312,97.671875,0,0
30YUSP.B,D,20240325,000000,97.671875,97.6875,97.25,97.25,0,0
30YUSP.B,D,20240326,000000,97.398438,97.398438,97.195312,97.195312,0,0
30YUSP.B,D,20240327,000000,97.5,97.992188,97.5,97.992188,0,0
30YUSP.B,D,20240328,000000,98.078125,98.078125,98.078125,98.078125,0,0
30YUSP.B,D,20240401,000000,98.4375,98.4375,96.515625,96.515625,0,0
30YUSP.B,D,20240402,000000,96.515625,96.539062,95.734375,95.734375,0,0
30YUSP.B,D,20240403,000000,95.421875,95.421875,95.414062,95.414062,0,0
30YUSP.B,D,20240404,000000,95.570312,96.382812,95.570312,96.382812,0,0
30YUSP.B,D,20240405,000000,96.296875,96.296875,95.640625,95.640625,0,0
30YUSP.B,D,20240408,000000,95.640625,95.640625,94.679688,95.007812,0,0
30YUSP.B,D,20240409,000000,95.453125,95.804688,95.453125,95.804688,0,0
30YUSP.B,D,20240410,000000,95.929688,95.929688,94.601562,94.601562,0,0
30YUSP.B,D,20240411,000000,93.5625,93.5625,93.335938,93.335938,0,0
30YUSP.B,D,20240412,000000,93.8125,93.8125,93.8125,93.8125,0,0
30YUSP.B,D,20240415,000000,93.8125,93.8125,92.5625,92.5625,0,0
30YUSP.B,D,20240416,000000,92.132812,92.132812,91.53125,91.53125,0,0
30YUSP.B,D,20240417,000000,91.992188,92.117188,91.992188,92.117188,0,0
30YUSP.B,D,20240418,000000,92.953125,92.953125,92.476562,92.476562,0,0
30YUSP.B,D,20240419,000000,92.898438,92.898438,92.65625,92.65625,0,0
30YUSP.B,D,20240422,000000,92.65625,92.65625,92.21875,92.21875,0,0
30YUSP.B,D,20240423,000000,92.515625,92.75,92.515625,92.75,0,0
30YUSP.B,D,20240424,000000,92.179688,92.179688,91.492188,91.492188,0,0
30YUSP.B,D,20240425,000000,91.640625,91.640625,91.023438,91.023438,0,0
30YUSP.B,D,20240426,000000,91.601562,91.765625,91.601562,91.765625,0,0
30YUSP.B,D,20240429,000000,91.765625,92.109375,91.765625,92.109375,0,0
30YUSP.B,D,20240430,000000,92.0625,92.0625,91.679688,91.679688,0,0
30YUSP.B,D,20240501,000000,91.632812,91.632812,91.632812,91.632812,0,0
30YUSP.B,D,20240502,000000,91.632812,92.351562,91.632812,92.171875,0,0
30YUSP.B,D,20240503,000000,92.398438,93.234375,92.398438,93.234375,0,0
30YUSP.B,D,20240506,000000,93.234375,93.257812,93.234375,93.257812,0,0
30YUSP.B,D,20240507,000000,94.210938,94.640625,94.210938,94.640625,0,0
30YUSP.B,D,20240508,000000,94.125,94.125,93.960938,93.960938,0,0
30YUSP.B,D,20240509,000000,93.34375,93.585938,93.34375,93.585938,0,0
30YUSP.B,D,20240510,000000,100.40625,100.40625,99.835938,99.835938,0,0
30YUSP.B,D,20240513,000000,99.835938,100.078125,99.835938,100.078125,0,0
30YUSP.B,D,20240514,000000,100.101562,100.242188,100.101562,100.242188,0,0
30YUSP.B,D,20240515,000000,100.859375,101.359375,100.859375,101.359375,0,0
30YUSP.B,D,20240516,000000,101.359375,102.289062,101.359375,102.007812,0,0
30YUSP.B,D,20240517,000000,101.640625,101.640625,101.289062,101.289062,0,0
30YUSP.B,D,20240520,000000,101.289062,101.289062,100.734375,100.734375,0,0
30YUSP.B,D,20240521,000000,100.734375,101.265625,100.734375,101.265625,0,0
30YUSP.B,D,20240522,000000,100.867188,101.039062,100.867188,101.039062,0,0
30YUSP.B,D,20240523,000000,101.101562,101.101562,100.5,100.5,0,0
30YUSP.B,D,20240524,000000,100.78125,100.78125,100.695312,100.695312,0,0
30YUSP.B,D,20240528,000000,101.101562,101.101562,100.4375,100.4375,0,0
30YUSP.B,D,20240529,000000,99.125,99.125,98.554688,98.554688,0,0
30YUSP.B,D,20240530,000000,98.554688,98.804688,98.554688,98.804688,0,0
30YUSP.B,D,20240531,000000,99.054688,99.851562,99.054688,99.851562,0,0
30YUSP.B,D,20240603,000000,99.851562,101.125,99.851562,101.125,0,0
30YUSP.B,D,20240604,000000,101.554688,102.132812,101.554688,102.132812,0,0
30YUSP.B,D,20240605,000000,102.132812,102.273438,102.132812,102.273438,0,0
30YUSP.B,D,20240606,000000,102.851562,102.90625,102.851562,102.90625,0,0
30YUSP.B,D,20240607,000000,102.921875,102.921875,101.273438,101.273438,0,0
30YUSP.B,D,20240610,000000,101.273438,101.273438,100.539062,100.539062,0,0
30YUSP.B,D,20240611,000000,100.8125,100.8125,100.78125,100.78125,0,0
30YUSP.B,D,20240612,000000,101.46875,102.835938,101.46875,102.835938,0,0
30YUSP.B,D,20240613,000000,102.398438,102.890625,102.398438,102.890625,0,0
30YUSP.B,D,20240614,000000,104.054688,104.679688,104.054688,104.679688,0,0
30YUSP.B,D,20240617,000000,104.679688,104.679688,103.507812,103.507812,0,0
30YUSP.B,D,20240618,000000,103.507812,104.289062,103.507812,104.289062,0,0
30YUSP.B,D,20240620,000000,104.0625,104.0625,103.625,103.625,0,0
30YUSP.B,D,20240621,000000,104.25,104.25,103.570312,103.570312,0,0
30YUSP.B,D,20240624,000000,103.570312,103.96875,103.570312,103.96875,0,0
30YUSP.B,D,20240625,000000,104.1875,104.1875,103.945312,103.945312,0,0
30YUSP.B,D,20240626,000000,103.71875,103.71875,103.71875,103.71875,0,0
30YUSP.B,D,20240627,000000,102.46875,103.320312,102.46875,103.320312,0,0
30YUSP.B,D,20240628,000000,103.101562,103.101562,102.1875,102.1875,0,0
30YUSP.B,D,20240701,000000,102.1875,102.1875,99.710938,99.710938,0,0
30YUSP.B,D,20240702,000000,100.21875,100.21875,100.09375,100.09375,0,0
30YUSP.B,D,20240703,000000,100.398438,101.695312,100.398438,101.695312,0,0
30YUSP.B,D,20240705,000000,101.546875,102.0625,101.546875,102.0625,0,0
30YUSP.B,D,20240708,000000,102.0625,102.421875,102.0625,102.421875,0,0
30YUSP.B,D,20240709,000000,102.421875,102.421875,102.40625,102.40625,0,0
30YUSP.B,D,20240710,000000,102.46875,102.46875,102.289062,102.289062,0,0
30YUSP.B,D,20240711,000000,102.398438,103.945312,102.398438,103.945312,0,0
30YUSP.B,D,20240712,000000,103.203125,103.453125,103.203125,103.453125,0,0
30YUSP.B,D,20240715,000000,103.453125,103.453125,102.710938,102.710938,0,0
30YUSP.B,D,20240716,000000,103.570312,103.570312,103.515625,103.515625,0,0
30YUSP.B,D,20240717,000000,104.054688,104.054688,103.90625,103.90625,0,0
30YUSP.B,D,20240718,000000,103.789062,103.789062,103.789062,103.789062,0,0
30YUSP.B,D,20240719,000000,103.375,103.375,103.03125,103.03125,0,0
30YUSP.B,D,20240722,000000,103.03125,103.453125,103.03125,103.367188,0,0
30YUSP.B,D,20240723,000000,102.679688,102.765625,102.679688,102.765625,0,0
30YUSP.B,D,20240724,000000,102.65625,102.65625,102.1875,102.1875,0,0
30YUSP.B,D,20240725,000000,101.890625,102.539062,101.890625,102.539062,0,0
30YUSP.B,D,20240726,000000,102.03125,102.929688,102.03125,102.929688,0,0
30YUSP.B,D,20240729,000000,102.929688,103.328125,102.929688,103.28125,0,0
30YUSP.B,D,20240730,000000,103.179688,103.320312,103.179688,103.320312,0,0
30YUSP.B,D,20240731,000000,103.9375,104.398438,103.9375,104.398438,0,0
30YUSP.B,D,20240801,000000,105.09375,105.09375,105.09375,105.09375,0,0
30YUSP.B,D,20240802,000000,106.171875,107.976562,106.171875,107.976562,0,0
30YUSP.B,D,20240805,000000,107.976562,109.539062,107.976562,109.539062,0,0
30YUSP.B,D,20240806,000000,108.632812,108.632812,108.242188,108.242188,0,0
30YUSP.B,D,20240807,000000,106.898438,106.898438,106.664062,106.664062,0,0
30YUSP.B,D,20240808,000000,106.976562,106.976562,105.570312,105.570312,0,0
30YUSP.B,D,20240809,000000,99.859375,100.40625,99.859375,100.40625,0,0
30YUSP.B,D,20240812,000000,100.40625,100.40625,100.40625,100.40625,0,0
30YUSP.B,D,20240813,000000,100.773438,101.296875,100.773438,101.296875,0,0
30YUSP.B,D,20240814,000000,101.507812,102.28125,101.507812,102.28125,0,0
30YUSP.B,D,20240815,000000,102.148438,102.148438,101.03125,101.03125,0,0
30YUSP.B,D,20240816,000000,101.507812,101.507812,101.507812,101.507812,0,0
30YUSP.B,D,20240819,000000,101.507812,102.273438,101.507812,102.273438,0,0
30YUSP.B,D,20240820,000000,102.15625,102.65625,102.15625,102.65625,0,0
30YUSP.B,D,20240821,000000,103.070312,103.070312,102.8125,102.8125,0,0
30YUSP.B,D,20240822,000000,103.03125,103.03125,102.148438,102.148438,0,0
30YUSP.B,D,20240823,000000,102.0625,102.773438,102.0625,102.773438,0,0
30YUSP.B,D,20240826,000000,102.773438,102.96875,102.40625,102.40625,0,0
30YUSP.B,D,20240827,000000,102.492188,102.492188,101.625,101.625,0,0
30YUSP.B,D,20240828,000000,102.289062,102.289062,102.15625,102.15625,0,0
30YUSP.B,D,20240829,000000,102.289062,102.289062,101.570312,101.570312,0,0
30YUSP.B,D,20240830,000000,101.867188,101.867188,101.8125,101.8125,0,0
30YUSP.B,D,20240903,000000,101.039062,101.039062,101.039062,101.039062,0,0
30YUSP.B,D,20240904,000000,102.5,102.5,102.304688,102.304688,0,0
30YUSP.B,D,20240905,000000,103.109375,103.523438,103.109375,103.523438,0,0
30YUSP.B,D,20240906,000000,104.382812,104.382812,103.679688,103.679688,0,0
30YUSP.B,D,20240909,000000,103.679688,103.679688,103.539062,103.625,0,0
30YUSP.B,D,20240910,000000,104.0,104.0,104.0,104.0,0,0
30YUSP.B,D,20240911,000000,105.546875,105.546875,105.257812,105.257812,0,0
30YUSP.B,D,20240912,000000,104.59375,104.59375,104.539062,104.539062,0,0
30YUSP.B,D,20240913,000000,104.921875,104.921875,104.398438,104.398438,0,0
30YUSP.B,D,20240916,000000,104.398438,104.796875,104.398438,104.796875,0,0
30YUSP.B,D,20240917,000000,105.671875,105.671875,105.34375,105.34375,0,0
30YUSP.B,D,20240918,000000,104.898438,104.898438,104.40625,104.40625,0,0
30YUSP.B,D,20240919,000000,104.085938,104.085938,103.0625,103.0625,0,0
30YUSP.B,D,20240920,000000,103.648438,103.648438,102.882812,102.882812,0,0
30YUSP.B,D,20240923,000000,102.882812,102.882812,102.765625,102.765625,0,0
30YUSP.B,D,20240924,000000,102.195312,102.195312,102.195312,102.195312,0,0
30YUSP.B,D,20240925,000000,102.851562,102.851562,102.023438,102.023438,0,0
30YUSP.B,D,20240926,000000,102.070312,102.070312,102.070312,102.070312,0,0
30YUSP.B,D,20240927,000000,102.53125,102.53125,102.414062,102.414062,0,0
30YUSP.B,D,20240930,000000,102.414062,102.640625,102.1875,102.640625,0,0
30YUSP.B,D,20241001,000000,102.625,103.664062,102.625,103.664062,0,0
30YUSP.B,D,20241002,000000,102.539062,102.539062,101.507812,101.507812,0,0
30YUSP.B,D,20241003,000000,101.71875,101.71875,101.71875,101.71875,0,0
30YUSP.B,D,20241004,000000,101.328125,101.328125,101.328125,101.328125,0,0
30YUSP.B,D,20241007,000000,101.328125,101.328125,99.25,99.25,0,0
30YUSP.B,D,20241008,000000,99.242188,99.242188,98.875,98.875,0,0
30YUSP.B,D,20241009,000000,98.992188,98.992188,98.859375,98.859375,0,0
30YUSP.B,D,20241010,000000,98.34375,98.34375,97.90625,97.90625,0,0
30YUSP.B,D,20241011,000000,98.039062,98.039062,98.039062,98.039062,0,0
30YUSP.B,D,20241014,000000,98.039062,98.039062,97.320312,97.320312,0,0
30YUSP.B,D,20241015,000000,97.914062,97.914062,97.914062,97.914062,0,0
30YUSP.B,D,20241016,000000,99.132812,99.484375,99.132812,99.484375,0,0
30YUSP.B,D,20241017,000000,98.828125,98.828125,98.828125,98.828125,0,0
30YUSP.B,D,20241018,000000,97.234375,97.234375,97.234375,97.234375,0,0
30YUSP.B,D,20241021,000000,97.234375,97.539062,97.234375,97.539062,0,0
30YUSP.B,D,20241022,000000,95.789062,95.789062,95.789062,95.789062,0,0
30YUSP.B,D,20241023,000000,95.8125,95.8125,95.8125,95.8125,0,0
30YUSP.B,D,20241024,000000,96.296875,96.328125,96.296875,96.328125,0,0
30YUSP.B,D,20241025,000000,96.703125,96.703125,96.703125,96.703125,0,0
30YUSP.B,D,20241028,000000,96.703125,96.703125,95.265625,95.265625,0,0
30YUSP.B,D,20241029,000000,95.0,95.0,95.0,95.0,0,0
30YUSP.B,D,20241030,000000,96.257812,96.257812,95.914062,95.914062,0,0
30YUSP.B,D,20241031,000000,95.914062,96.171875,95.914062,96.171875,0,0
30YUSP.B,D,20241101,000000,96.171875,96.242188,95.304688,95.304688,0,0
30YUSP.B,D,20241104,000000,95.304688,95.960938,95.304688,95.960938,0,0
30YUSP.B,D,20241105,000000,96.0,96.0,96.0,96.0,0,0
30YUSP.B,D,20241106,000000,96.0,96,94.40625,94.40625,0,0
30YUSP.B,D,20241107,000000,98.34375,98.34375,98.34375,98.34375,0,0
30YUSP.B,D,20241108,000000,98.34375,100.507812,98.34375,100.507812,0,0
30YUSP.B,D,20241112,000000,100.476562,100.476562,99.992188,99.992188,0,0
30YUSP.B,D,20241113,000000,99.140625,99.140625,99.140625,99.140625,0,0
30YUSP.B,D,20241114,000000,98.625,98.625,97.734375,98.476562,0,0
30YUSP.B,D,20241115,000000,98.414062,98.414062,97.8125,97.8125,0,0
30YUSP.B,D,20241118,000000,97.8125,97.9375,97.8125,97.9375,0,0
30YUSP.B,D,20241119,000000,98.90625,99.015625,98.90625,99.015625,0,0
30YUSP.B,D,20241120,000000,99.015625,99.015625,98.195312,98.59375,0,0
30YUSP.B,D,20241121,000000,98.5,98.765625,98.5,98.765625,0,0
30YUSP.B,D,20241122,000000,98.671875,98.671875,98.671875,98.671875,0,0
30YUSP.B,D,20241125,000000,98.671875,100.265625,98.671875,100.265625,0,0
30YUSP.B,D,20241126,000000,100.195312,100.195312,100.195312,100.195312,0,0
30YUSP.B,D,20241127,000000,100.195312,100.671875,100.195312,100.671875,0,0
30YUSP.B,D,20241129,000000,101.140625,101.710938,101.140625,101.710938,0,0
30YUSP.B,D,20241202,000000,101.710938,102.09375,101.570312,101.570312,0,0
30YUSP.B,D,20241203,000000,101.570312,101.898438,101.570312,101.898438,0,0
30YUSP.B,D,20241204,000000,101.257812,101.257812,101.257812,101.257812,0,0
30YUSP.B,D,20241205,000000,102.203125,102.203125,102.203125,102.203125,0,0
30YUSP.B,D,20241206,000000,102.757812,102.757812,102.757812,102.757812,0,0
30YUSP.B,D,20241209,000000,102.757812,102.757812,102.015625,102.015625,0,0
30YUSP.B,D,20241210,000000,101.71875,101.71875,101.71875,101.71875,0,0
30YUSP.B,D,20241211,000000,101.289062,101.289062,101.289062,101.289062,0,0
30YUSP.B,D,20241212,000000,99.960938,99.960938,99.960938,99.960938,0,0
30YUSP.B,D,20241213,000000,99.242188,99.242188,98.476562,98.476562,0,0
30YUSP.B,D,20241216,000000,98.476562,98.515625,98.476562,98.476562,0,0
30YUSP.B,D,20241217,000000,98.15625,98.6875,98.15625,98.6875,0,0
30YUSP.B,D,20241218,000000,98.609375,98.609375,98.609375,98.609375,0,0
30YUSP.B,D,20241219,000000,96.992188,96.992188,96.007812,96.007812,0,0
30YUSP.B,D,20241220,000000,96.0625,96.75,96.0625,96.75,0,0
30YUSP.B,D,20241223,000000,96.75,96.75,96.210938,96.210938,0,0
30YUSP.B,D,20241226,000000,96.210938,96.210938,95.40625,95.40625,0,0
30YUSP.B,D,20241227,000000,95.210938,95.210938,95.210938,95.210938,0,0
30YUSP.B,D,20241230,000000,95.210938,95.28125,95.210938,95.28125,0,0
30YUSP.B,D,20250102,000000,95.28125,95.726562,95.28125,95.726562,0,0
30YUSP.B,D,20250103,000000,95.796875,95.796875,95.796875,95.796875,0,0
30YUSP.B,D,20250106,000000,95.796875,95.796875,94.734375,94.734375,0,0
30YUSP.B,D,20250107,000000,94.390625,94.390625,94.390625,94.390625,0,0
30YUSP.B,D,20250108,000000,93.617188,93.617188,93.617188,93.617188,0,0
30YUSP.B,D,20250109,000000,93.523438,93.742188,93.523438,93.742188,0,0
30YUSP.B,D,20250110,000000,93.226562,93.226562,93.132812,93.132812,0,0
30YUSP.B,D,20250113,000000,93.132812,93.132812,92.648438,92.828125,0,0
30YUSP.B,D,20250114,000000,92.851562,92.851562,92.851562,92.851562,0,0
30YUSP.B,D,20250115,000000,92.710938,92.710938,92.710938,92.710938,0,0
30YUSP.B,D,20250116,000000,94.101562,94.101562,94.101562,94.101562,0,0
30YUSP.B,D,20250117,000000,94.695312,94.695312,94.695312,94.695312,0,0
30YUSP.B,D,20250121,000000,95.09375,95.09375,95.09375,95.09375,0,0
30YUSP.B,D,20250122,000000,95.359375,95.359375,95.359375,95.359375,0,0
30YUSP.B,D,20250123,000000,94.84375,94.84375,94.070312,94.070312,0,0
30YUSP.B,D,20250124,000000,94.445312,94.445312,94.445312,94.445312,0,0
30YUSP.B,D,20250127,000000,94.445312,95.617188,94.445312,95.617188,0,0
30YUSP.B,D,20250128,000000,95.617188,95.617188,95.320312,95.320312,0,0
30YUSP.B,D,20250129,000000,95.929688,95.929688,95.84375,95.84375,0,0
30YUSP.B,D,20250130,000000,96.09375,96.09375,96.09375,96.09375,0,0
30YUSP.B,D,20250131,000000,95.578125,95.851562,95.578125,95.851562,0,0
30YUSP.B,D,20250203,000000,95.851562,95.851562,95.523438,95.523438,0,0
30YUSP.B,D,20250204,000000,95.140625,95.140625,95.140625,95.140625,0,0
30YUSP.B,D,20250205,000000,96.476562,96.476562,96.476562,96.476562,0,0
30YUSP.B,D,20250206,000000,97.46875,97.46875,97.46875,97.46875,0,0
30YUSP.B,D,20250207,000000,97.75,97.75,97.75,97.75,0,0
30YUSP.B,D,20250210,000000,97.75,97.75,96.898438,96.898438,0,0
30YUSP.B,D,20250211,000000,96.367188,96.367188,96.367188,96.367188,0,0
30YUSP.B,D,20250212,000000,95.976562,95.976562,95.976562,95.976562,0,0
30YUSP.B,D,20250213,000000,95.070312,95.070312,95.070312,95.070312,0,0
30YUSP.B,D,20250214,000000,98.046875,98.046875,98.046875,98.046875,0,0
30YUSP.B,D,20250218,000000,98.257812,98.257812,98.257812,98.257812,0,0
30YUSP.B,D,20250219,000000,97.382812,97.382812,97.382812,97.382812,0,0
30YUSP.B,D,20250220,000000,97.882812,97.882812,97.882812,97.882812,0,0
30YUSP.B,D,20250221,000000,98.476562,98.898438,98.476562,98.898438,0,0
30YUSP.B,D,20250224,000000,98.898438,99.367188,98.898438,99.367188,0,0
30YUSP.B,D,20250225,000000,100.179688,101.101562,100.179688,101.101562,0,0
30YUSP.B,D,20250226,000000,101.0,101.164062,101,101.164062,0,0
30YUSP.B,D,20250227,000000,101.1875,101.257812,101.1875,101.257812,0,0
30YUSP.B,D,20250228,000000,101.765625,101.773438,101.765625,101.773438,0,0
30YUSP.B,D,20250303,000000,101.773438,102.328125,101.773438,102.328125,0,0
30YUSP.B,D,20250304,000000,102.460938,102.460938,102.460938,102.460938,0,0
30YUSP.B,D,20250305,000000,101.773438,101.773438,101.773438,101.773438,0,0
30YUSP.B,D,20250306,000000,100.234375,100.234375,100.234375,100.234375,0,0
30YUSP.B,D,20250307,000000,101.257812,101.257812,100.945312,100.945312,0,0
30YUSP.B,D,20250310,000000,100.945312,100.945312,100.945312,100.945312,0,0
30YUSP.B,D,20250311,000000,101.515625,101.515625,101.515625,101.515625,0,0
30YUSP.B,D,20250312,000000,100.601562,100.601562,100.601562,100.601562,0,0
30YUSP.B,D,20250313,000000,99.679688,99.679688,99.679688,99.679688,0,0
30YUSP.B,D,20250314,000000,100.117188,100.117188,100.117188,100.117188,0,0
30YUSP.B,D,20250317,000000,100.117188,100.84375,100.117188,100.84375,0,0
30YUSP.B,D,20250318,000000,100.15625,100.15625,100.15625,100.15625,0,0
30YUSP.B,D,20250319,000000,100.625,100.625,100.625,100.625,0,0
30YUSP.B,D,20250320,000000,101.5,101.5,101.421875,101.421875,0,0
30YUSP.B,D,20250321,000000,101.203125,101.203125,101.203125,101.203125,0,0
30YUSP.B,D,20250324,000000,101.203125,101.203125,100.1875,100.1875,0,0
30YUSP.B,D,20250325,000000,99.15625,99.507812,99.15625,99.507812,0,0
30YUSP.B,D,20250326,000000,99.273438,99.273438,99.273438,99.273438,0,0
30YUSP.B,D,20250327,000000,98.257812,98.257812,98.257812,98.257812,0,0
30YUSP.B,D,20250328,000000,99.046875,99.046875,99.046875,99.046875,0,0
30YUSP.B,D,20250331,000000,99.046875,100.617188,99.046875,100.617188,0,0
30YUSP.B,D,20250401,000000,101.226562,101.523438,101.226562,101.523438,0,0
30YUSP.B,D,20250402,000000,101.609375,101.898438,101.609375,101.898438,0,0
30YUSP.B,D,20250403,000000,102.695312,102.695312,102.679688,102.679688,0,0
30YUSP.B,D,20250404,000000,103.875,103.875,103.875,103.875,0,0
30YUSP.B,D,20250407,000000,103.875,103.875,100.820312,100.820312,0,0
30YUSP.B,D,20250408,000000,100.53125,100.53125,99.875,99.875,0,0
30YUSP.B,D,20250409,000000,96.617188,96.617188,96.617188,96.617188,0,0
30YUSP.B,D,20250410,000000,98.117188,98.117188,98.117188,98.117188,0,0
30YUSP.B,D,20250411,000000,95.671875,95.671875,94.984375,94.984375,0,0
30YUSP.B,D,20250414,000000,94.984375,97.046875,94.984375,97.046875,0,0
30YUSP.B,D,20250415,000000,97.234375,97.234375,97.132812,97.132812,0,0
30YUSP.B,D,20250416,000000,97.890625,97.890625,97.179688,97.179688,0,0
30YUSP.B,D,20250417,000000,97.617188,97.679688,97.617188,97.679688,0,0
30YUSP.B,D,20250421,000000,97.226562,97.226562,96.03125,96.03125,0,0
30YUSP.B,D,20250422,000000,95.546875,95.867188,95.546875,95.867188,0,0
30YUSP.B,D,20250423,000000,97.195312,97.4375,97.195312,97.4375,0,0
30YUSP.B,D,20250424,000000,96.984375,97.640625,96.984375,97.640625,0,0
30YUSP.B,D,20250425,000000,98.039062,98.398438,98.039062,98.398438,0,0
30YUSP.B,D,20250428,000000,98.398438,98.632812,98.398438,98.632812,0,0
30YUSP.B,D,20250429,000000,98.578125,99.445312,98.578125,99.445312,0,0
30YUSP.B,D,20250430,000000,100.0,100.0,100.0,100.0,0,0
30YUSP.B,D,20250502,000000,100.0,100,98.539062,98.539062,0,0
30YUSP.B,D,20250505,000000,98.539062,98.539062,96.695312,96.695312,0,0
30YUSP.B,D,20250506,000000,96.210938,96.226562,96.210938,96.226562,0,0
30YUSP.B,D,20250507,000000,97.15625,97.632812,97.15625,97.632812,0,0
30YUSP.B,D,20250508,000000,97.351562,97.351562,97.242188,97.242188,0,0
30YUSP.B,D,20250509,000000,98.335938,98.757812,98.335938,98.757812,0,0
30YUSP.B,D,20250512,000000,98.757812,98.757812,98.0625,98.195312,0,0
30YUSP.B,D,20250513,000000,97.59375,97.59375,97.25,97.25,0,0
30YUSP.B,D,20250514,000000,97.367188,97.367188,97.078125,97.078125,0,0
30YUSP.B,D,20250515,000000,96.789062,96.921875,96.789062,96.921875,0,0
30YUSP.B,D,20250516,000000,98.039062,98.148438,98.039062,98.148438,0,0
30YUSP.B,D,20250519,000000,98.148438,98.148438,96.132812,96.132812,0,0
30YUSP.B,D,20250520,000000,97.664062,97.664062,96.523438,96.523438,0,0
30YUSP.B,D,20250521,000000,95.90625,96.023438,95.90625,96.023438,0,0
30YUSP.B,D,20250522,000000,94.710938,94.710938,94.59375,94.59375,0,0
30YUSP.B,D,20250523,000000,95.78125,95.78125,95.382812,95.382812,0,0
30YUSP.B,D,20250527,000000,96.742188,96.742188,96.382812,96.382812,0,0
30YUSP.B,D,20250528,000000,96.523438,96.523438,96.273438,96.273438,0,0
30YUSP.B,D,20250529,000000,95.828125,96.789062,95.828125,96.789062,0,0
30YUSP.B,D,20250530,000000,97.257812,97.273438,97.257812,97.273438,0,0
30YUSP.B,D,20250602,000000,97.273438,97.273438,96.445312,96.625,0,0
30YUSP.B,D,20250603,000000,97.078125,97.078125,96.867188,96.867188,0,0
30YUSP.B,D,20250604,000000,96.359375,97.445312,96.359375,97.445312,0,0
30YUSP.B,D,20250605,000000,97.773438,98.28125,97.773438,98.28125,0,0
30YUSP.B,D,20250606,000000,98.085938,98.085938,97.164062,97.164062,0,0
30YUSP.B,D,20250609,000000,97.164062,97.164062,96.726562,96.726562,0,0
30YUSP.B,D,20250610,000000,97.375,97.375,97.1875,97.1875,0,0
30YUSP.B,D,20250611,000000,96.898438,97.054688,96.898438,97.054688,0,0
30YUSP.B,D,20250612,000000,97.648438,98.125,97.648438,98.125,0,0
30YUSP.B,D,20250613,000000,98.476562,98.476562,97.789062,97.789062,0,0
30YUSP.B,D,20250616,000000,97.789062,97.789062,97.023438,97.460938,0,0
30YUSP.B,D,20250617,000000,96.898438,97.09375,96.898438,97.09375,0,0
30YUSP.B,D,20250618,000000,97.703125,98.382812,97.703125,98.382812,0,0
30YUSP.B,D,20250620,000000,97.921875,97.921875,97.210938,97.210938,0,0
30YUSP.B,D,20250623,000000,97.210938,98.460938,97.210938,98.460938,0,0
30YUSP.B,D,20250624,000000,98.148438,98.421875,98.148438,98.421875,0,0
30YUSP.B,D,20250625,000000,98.953125,98.953125,98.03125,98.03125,0,0
30YUSP.B,D,20250626,000000,98.9375,98.9375,98.65625,98.65625,0,0
30YUSP.B,D,20250627,000000,98.929688,98.929688,98.734375,98.734375,0,0
30YUSP.B,D,20250630,000000,98.734375,99.0625,98.734375,98.90625,0,0
30YUSP.B,D,20250701,000000,100.148438,100.148438,99.460938,99.460938,0,0
30YUSP.B,D,20250702,000000,99.164062,99.164062,98.546875,98.546875,0,0
30YUSP.B,D,20250703,000000,99.453125,99.453125,98.460938,98.460938,0,0
30YUSP.B,D,20250707,000000,98.460938,98.460938,97.367188,97.367188,0,0
30YUSP.B,D,20250708,000000,97.070312,97.070312,96.734375,96.734375,0,0
30YUSP.B,D,20250709,000000,97.335938,97.539062,97.335938,97.539062,0,0
30YUSP.B,D,20250710,000000,98.023438,98.023438,97.796875,97.796875,0,0
30YUSP.B,D,20250711,000000,97.648438,97.648438,97.648438,97.648438,0,0
30YUSP.B,D,20250714,000000,97.203125,97.203125,96.523438,96.617188,0,0
30YUSP.B,D,20250715,000000,96.804688,96.804688,96.101562,96.101562,0,0
30YUSP.B,D,20250716,000000,95.859375,96.601562,95.859375,96.601562,0,0
30YUSP.B,D,20250717,000000,95.523438,96.234375,95.523438,96.234375,0,0
30YUSP.B,D,20250718,000000,96.289062,96.289062,96.289062,96.289062,0,0
30YUSP.B,D,20250721,000000,96.289062,97.359375,96.289062,97.359375,0,0
30YUSP.B,D,20250722,000000,96.875,97.351562,96.875,97.351562,0,0
30YUSP.B,D,20250723,000000,96.859375,97.054688,96.859375,97.054688,0,0
30YUSP.B,D,20250724,000000,96.695312,96.859375,96.695312,96.859375,0,0
30YUSP.B,D,20250725,000000,96.851562,96.851562,96.828125,96.828125,0,0
30YUSP.B,D,20250728,000000,96.828125,97.398438,96.828125,96.984375,0,0
30YUSP.B,D,20250729,000000,96.710938,96.710938,96.710938,96.710938,0,0
30YUSP.B,D,20250730,000000,98.15625,98.15625,97.757812,97.757812,0,0
30YUSP.B,D,20250731,000000,98.101562,98.101562,97.992188,97.992188,0,0
30YUSP.B,D,20250801,000000,97.414062,98.9375,97.414062,98.9375,0,0
30YUSP.B,D,20250804,000000,98.9375,98.984375,98.367188,98.984375,0,0
30YUSP.B,D,20250805,000000,99.226562,99.648438,99.226562,99.648438,0,0
30YUSP.B,D,20250806,000000,99.132812,99.132812,98.96875,98.96875,0,0
30YUSP.B,D,20250807,000000,98.9375,99.304688,98.9375,99.304688,0,0
30YUSP.B,D,20250808,000000,98.875,98.875,98.382812,98.382812,0,0
30YUSP.B,D,20250811,000000,98.382812,98.890625,98.382812,98.710938,0,0
30YUSP.B,D,20250812,000000,98.390625,98.390625,97.789062,97.789062,0,0
30YUSP.B,D,20250813,000000,98.492188,98.765625,98.492188,98.765625,0,0
30YUSP.B,D,20250814,000000,99.117188,99.117188,98.53125,98.53125,0,0
30YUSP.B,D,20250815,000000,98.054688,98.054688,97.648438,97.648438,0,0
30YUSP.B,D,20250818,000000,97.648438,97.8125,97.148438,97.148438,0,0
30YUSP.B,D,20250819,000000,96.953125,97.140625,96.953125,97.140625,0,0
30YUSP.B,D,20250820,000000,97.289062,97.742188,97.289062,97.742188,0,0
30YUSP.B,D,20250821,000000,97.429688,97.429688,97.28125,97.28125,0,0
30YUSP.B,D,20250822,000000,97.210938,97.210938,97.210938,97.210938,0,0
30YUSP.B,D,20250825,000000,97.210938,97.765625,97.210938,97.765625,0,0
30YUSP.B,D,20250826,000000,97.054688,97.15625,97.054688,97.15625,0,0
30YUSP.B,D,20250827,000000,97.382812,97.382812,96.8125,96.8125,0,0
30YUSP.B,D,20250828,000000,97.765625,97.765625,97.765625,97.765625,0,0
30YUSP.B,D,20250829,000000,97.71875,97.71875,97.71875,97.71875,0,0
30YUSP.B,D,20250902,000000,96.84375,96.84375,96.492188,96.492188,0,0
30YUSP.B,D,20250903,000000,96.304688,97.59375,96.304688,97.59375,0,0
30YUSP.B,D,20250904,000000,97.84375,97.84375,97.671875,97.671875,0,0
30YUSP.B,D,20250905,000000,98.257812,99.398438,98.257812,99.398438,0,0
30YUSP.B,D,20250908,000000,99.398438,100.429688,99.398438,100.429688,0,0
30YUSP.B,D,20250909,000000,100.476562,100.476562,100.382812,100.382812,0,0
30YUSP.B,D,20250910,000000,100.257812,100.523438,100.257812,100.523438,0,0
30YUSP.B,D,20250911,000000,100.820312,101.367188,100.820312,101.367188,0,0
30YUSP.B,D,20250912,000000,101.492188,101.492188,100.539062,100.539062,0,0
30YUSP.B,D,20250915,000000,100.539062,100.890625,100.539062,100.890625,0,0
30YUSP.B,D,20250916,000000,101.648438,101.648438,101.648438,101.648438,0,0
30YUSP.B,D,20250917,000000,101.703125,101.914062,101.703125,101.914062,0,0
30YUSP.B,D,20250918,000000,101.71875,101.71875,100.351562,100.351562,0,0
30YUSP.B,D,20250919,000000,100.03125,100.03125,100.03125,100.03125,0,0
30YUSP.B,D,20250922,000000,100.351562,100.351562,100.09375,100.09375,0,0
30YUSP.B,D,20250923,000000,99.976562,99.976562,99.8125,99.8125,0,0
30YUSP.B,D,20250924,000000,100.539062,100.539062,99.789062,99.789062,0,0
30YUSP.B,D,20250925,000000,100.148438,100.148438,99.734375,99.734375,0,0
30YUSP.B,D,20250926,000000,99.898438,99.898438,99.898438,99.898438,0,0
30YUSP.B,D,20250929,000000,99.898438,100.539062,99.898438,100.539062,0,0
30YUSP.B,D,20250930,000000,100.617188,100.617188,100.601562,100.601562,0,0
30YUSP.B,D,20251001,000000,100.140625,100.140625,100.140625,100.140625,0,0
30YUSP.B,D,20251002,000000,100.492188,100.929688,100.492188,100.929688,0,0
30YUSP.B,D,20251003,000000,100.851562,100.851562,100.851562,100.851562,0,0
30YUSP.B,D,20251006,000000,100.851562,100.851562,99.929688,99.929688,0,0
30YUSP.B,D,20251007,000000,99.78125,100.179688,99.78125,100.179688,0,0
30YUSP.B,D,20251008,000000,100.179688,100.789062,100.179688,100.742188,0,0
30YUSP.B,D,20251009,000000,100.554688,100.554688,100.265625,100.265625,0,0
30YUSP.B,D,20251010,000000,100.890625,101.132812,100.890625,101.132812,0,0
30YUSP.B,D,20251013,000000,101.132812,102.101562,101.132812,102.101562,0,0
30YUSP.B,D,20251014,000000,102.210938,102.210938,101.859375,101.859375,0,0
30YUSP.B,D,20251015,000000,102.351562,102.367188,102.351562,102.367188,0,0
30YUSP.B,D,20251016,000000,102.03125,102.03125,102.03125,102.03125,0,0
30YUSP.B,D,20251017,000000,102.804688,102.804688,102.1875,102.1875,0,0
30YUSP.B,D,20251020,000000,102.1875,102.1875,102.1875,102.1875,0,0
30YUSP.B,D,20251021,000000,103.085938,103.359375,103.085938,103.359375,0,0
30YUSP.B,D,20251022,000000,103.320312,103.320312,103.179688,103.179688,0,0
30YUSP.B,D,20251023,000000,102.960938,102.960938,102.945312,102.945312,0,0
30YUSP.B,D,20251024,000000,102.570312,102.570312,102.570312,102.570312,0,0
30YUSP.B,D,20251027,000000,102.570312,102.570312,102.1875,102.1875,0,0
30YUSP.B,D,20251028,000000,103.382812,103.382812,103.382812,103.382812,0,0
30YUSP.B,D,20251029,000000,103.351562,103.351562,103.351562,103.351562,0,0
30YUSP.B,D,20251030,000000,101.976562,101.976562,101.976562,101.976562,0,0
30YUSP.B,D,20251031,000000,101.320312,101.34375,101.320312,101.34375,0,0
30YUSP.B,D,20251103,000000,101.34375,101.445312,101.34375,101.445312,0,0
30YUSP.B,D,20251104,000000,101.234375,101.34375,101.234375,101.34375,0,0
30YUSP.B,D,20251105,000000,101.460938,101.460938,101.460938,101.460938,0,0
30YUSP.B,D,20251106,000000,100.429688,100.429688,100.429688,100.429688,0,0
30YUSP.B,D,20251107,000000,100.71875,100.71875,100.71875,100.71875,0,0
30YUSP.B,D,20251110,000000,100.71875,100.71875,100.21875,100.703125,0,0
30YUSP.B,D,20251111,000000,100.695312,100.695312,100.695312,100.695312,0,0
30YUSP.B,D,20251112,000000,100.976562,100.976562,100.976562,100.976562,0,0
30YUSP.B,D,20251113,000000,101.492188,101.492188,101.492188,101.492188,0,0
30YUSP.B,D,20251114,000000,98.382812,98.382812,98.382812,98.382812,0,0
30YUSP.B,D,20251117,000000,98.382812,98.382812,98.359375,98.359375,0,0
30YUSP.B,D,20251118,000000,98.539062,98.539062,98.539062,98.539062,0,0
30YUSP.B,D,20251119,000000,98.109375,98.109375,98.109375,98.109375,0,0
30YUSP.B,D,20251120,000000,98.078125,98.078125,98.078125,98.078125,0,0
30YUSP.B,D,20251121,000000,98.429688,98.429688,98.429688,98.429688,0,0
30YUSP.B,D,20251124,000000,98.429688,99,98.429688,99.0,0,0
30YUSP.B,D,20251125,000000,99.0,99.164062,99,99.164062,0,0
30YUSP.B,D,20251126,000000,99.429688,99.429688,99.429688,99.429688,0,0
30YUSP.B,D,20251127,000000,99.726562,99.726562,99.726562,99.726562,0,0
30YUSP.B,D,20251128,000000,99.59375,99.59375,99.59375,99.59375,0,0
30YUSP.B,D,20251201,000000,99.59375,99.59375,98.789062,98.789062,0,0
30YUSP.B,D,20251202,000000,98.125,98.125,98.125,98.125,0,0
30YUSP.B,D,20251203,000000,98.195312,98.195312,98.195312,98.195312,0,0
30YUSP.B,D,20251204,000000,98.054688,98.054688,98.054688,98.054688,0,0
30YUSP.B,D,20251205,000000,97.734375,97.734375,97.734375,97.734375,0,0
30YUSP.B,D,20251208,000000,97.734375,97.734375,97.21875,97.21875,0,0
30YUSP.B,D,20251209,000000,97.242188,97.265625,97.242188,97.265625,0,0
30YUSP.B,D,20251210,000000,97.023438,97.484375,97.023438,97.484375,0,0
30YUSP.B,D,20251211,000000,97.289062,97.289062,97.289062,97.289062,0,0
30YUSP.B,D,20251212,000000,96.929688,96.929688,96.929688,96.929688,0,0
30YUSP.B,D,20251215,000000,96.929688,96.929688,96.710938,96.710938,0,0
30YUSP.B,D,20251216,000000,96.648438,96.648438,96.632812,96.632812,0,0
30YUSP.B,D,20251217,000000,96.71875,96.71875,96.71875,96.71875,0,0
30YUSP.B,D,20251218,000000,97.015625,97.015625,97.015625,97.015625,0,0
30YUSP.B,D,20251219,000000,96.835938,96.960938,96.835938,96.960938,0,0
30YUSP.B,D,20251222,000000,96.960938,96.960938,96.601562,96.632812,0,0
30YUSP.B,D,20251223,000000,97.054688,97.054688,96.617188,96.617188,0,0
30YUSP.B,D,20251225,000000,96.617188,96.617188,96.617188,96.617188,0,0
30YUSP.B,D,20251226,000000,96.617188,96.617188,96.617188,96.617188,0,0
30YUSP.B,D,20251229,000000,96.617188,97.46875,96.617188,97.070312,0,0
30YUSP.B,D,20251230,000000,97.117188,97.117188,97,97.0,0,0
30YUSP.B,D,20260101,000000,97.0,97.0,97.0,97.0,0,0
30YUSP.B,D,20260102,000000,97.0,97,96.289062,96.289062,0,0
30YUSP.B,D,20260105,000000,96.289062,96.390625,96.289062,96.328125,0,0
30YUSP.B,D,20260106,000000,96.1875,96.1875,96.1875,96.1875,0,0
30YUSP.B,D,20260107,000000,96.679688,96.679688,96.679688,96.679688,0,0
30YUSP.B,D,20260108,000000,96.648438,96.648438,96.648438,96.648438,0,0
30YUSP.B,D,20260109,000000,96.453125,96.453125,96.453125,96.453125,0,0
30YUSP.B,D,20260112,000000,96.453125,96.453125,96.273438,96.273438,0,0
30YUSP.B,D,20260113,000000,96.492188,96.492188,96.492188,96.492188,0,0
30YUSP.B,D,20260114,000000,96.773438,97.15625,96.773438,97.15625,0,0
30YUSP.B,D,20260115,000000,97.21875,97.21875,97.21875,97.21875,0,0
30YUSP.B,D,20260116,000000,97.171875,97.171875,97.171875,97.171875,0,0
30YUSP.B,D,20260119,000000,97.171875,97.171875,96.679688,96.679688,0,0
30YUSP.B,D,20260120,000000,95.242188,95.585938,95.242188,95.585938,0,0
30YUSP.B,D,20260121,000000,95.796875,95.796875,95.796875,95.796875,0,0
30YUSP.B,D,20260122,000000,96.421875,96.421875,96.421875,96.421875,0,0
30YUSP.B,D,20260123,000000,96.960938,96.960938,96.726562,96.726562,0,0
30YUSP.B,D,20260126,000000,96.726562,97.125,96.726562,97.125,0,0
30YUSP.B,D,20260127,000000,97.179688,97.179688,97.179688,97.179688,0,0
30YUSP.B,D,20260128,000000,96.234375,96.234375,96.234375,96.234375,0,0
30YUSP.B,D,20260129,000000,95.984375,95.984375,95.984375,95.984375,0,0
30YUSP.B,D,20260130,000000,95.648438,96.046875,95.648438,96.046875,0,0
30YUSP.B,D,20260202,000000,96.046875,96.40625,96.046875,96.40625,0,0
30YUSP.B,D,20260203,000000,95.476562,95.476562,95.476562,95.476562,0,0
30YUSP.B,D,20260204,000000,95.671875,95.671875,95.671875,95.671875,0,0
30YUSP.B,D,20260205,000000,95.617188,95.617188,95.617188,95.617188,0,0
30YUSP.B,D,20260206,000000,96.382812,96.382812,96.382812,96.382812,0,0
30YUSP.B,D,20260209,000000,96.382812,96.382812,96.054688,96.054688,0,0
30YUSP.B,D,20260210,000000,96.65625,96.65625,96.65625,96.65625,0,0
