<TICKER>,<PER>,<DATE>,<TIME>,<OPEN>,<HIGH>,<LOW>,<CLOSE>,<VOL>,<OPENINT>
30YUKP.B,D,20240321,000000,88.702,88.702,88.474,88.474,0,0
30YUKP.B,D,20240322,000000,88.55,88.873,88.55,88.873,0,0
30YUKP.B,D,20240325,000000,88.873,88.873,87.919,87.919,0,0
30YUKP.B,D,20240326,000000,88.555,88.676,88.555,88.676,0,0
30YUKP.B,D,20240327,000000,88.692,89.096,88.692,89.096,0,0
30YUKP.B,D,20240328,000000,88.771,88.771,88.771,88.771,0,0
30YUKP.B,D,20240402,000000,89.056,89.056,86.735,86.735,0,0
30YUKP.B,D,20240403,000000,86.742,87.058,86.742,87.058,0,0
30YUKP.B,D,20240404,000000,87.236,87.847,87.236,87.847,0,0
30YUKP.B,D,20240405,000000,87.618,87.618,87.059,87.059,0,0
30YUKP.B,D,20240408,000000,87.059,87.059,86.446,86.446,0,0
30YUKP.B,D,20240409,000000,87.214,87.486,87.214,87.486,0,0
30YUKP.B,D,20240410,000000,87.46,87.46,86.42,86.42,0,0
30YUKP.B,D,20240411,000000,85.335,85.335,85.183,85.183,0,0
30YUKP.B,D,20240412,000000,86.316,86.316,86.316,86.316,0,0
30YUKP.B,D,20240415,000000,86.316,86.316,85.11,85.11,0,0
30YUKP.B,D,20240416,000000,84.704,84.704,84.094,84.094,0,0
30YUKP.B,D,20240417,000000,84.526,84.848,84.526,84.848,0,0
30YUKP.B,D,20240418,000000,85.513,85.513,84.982,84.982,0,0
30YUKP.B,D,20240419,000000,84.988,84.988,84.436,84.436,0,0
30YUKP.B,D,20240422,000000,84.436,85.105,84.436,85.105,0,0
30YUKP.B,D,20240423,000000,85.41,85.41,84.74,84.74,0,0
30YUKP.B,D,20240424,000000,84.357,84.357,83.63,83.63,0,0
30YUKP.B,D,20240425,000000,83.967,83.967,83.321,83.321,0,0
30YUKP.B,D,20240426,000000,83.906,84.251,83.906,84.251,0,0
30YUKP.B,D,20240429,000000,84.251,84.375,84.079,84.375,0,0
30YUKP.B,D,20240430,000000,84.351,84.351,83.933,83.933,0,0
30YUKP.B,D,20240501,000000,83.649,83.649,83.649,83.649,0,0
30YUKP.B,D,20240502,000000,83.649,84.346,83.649,84.346,0,0
30YUKP.B,D,20240503,000000,84.421,85.027,84.421,85.027,0,0
30YUKP.B,D,20240507,000000,85.939,86.44,85.939,86.44,0,0
30YUKP.B,D,20240508,000000,86.347,86.399,86.347,86.399,0,0
30YUKP.B,D,20240509,000000,85.866,86.14,85.866,86.14,0,0
30YUKP.B,D,20240510,000000,86.548,86.548,86.005,86.005,0,0
30YUKP.B,D,20240513,000000,86.005,86.074,85.908,85.908,0,0
30YUKP.B,D,20240514,000000,85.814,85.883,85.814,85.883,0,0
30YUKP.B,D,20240515,000000,86.48,86.877,86.48,86.877,0,0
30YUKP.B,D,20240516,000000,86.877,87.611,86.877,87.326,0,0
30YUKP.B,D,20240517,000000,86.837,86.837,86.568,86.568,0,0
30YUKP.B,D,20240520,000000,86.568,86.568,85.971,85.971,0,0
30YUKP.B,D,20240521,000000,85.971,86.127,85.971,86.127,0,0
30YUKP.B,D,20240522,000000,85.316,85.316,85.221,85.221,0,0
30YUKP.B,D,20240523,000000,84.972,84.972,84.899,84.899,0,0
30YUKP.B,D,20240524,000000,85.164,85.164,84.958,84.958,0,0
30YUKP.B,D,20240528,000000,85.454,85.454,84.595,84.595,0,0
30YUKP.B,D,20240529,000000,84.141,84.141,83.435,83.435,0,0
30YUKP.B,D,20240530,000000,83.12,83.253,83.12,83.253,0,0
30YUKP.B,D,20240531,000000,83.286,84.393,83.286,84.393,0,0
30YUKP.B,D,20240603,000000,84.393,85.591,84.393,85.591,0,0
30YUKP.B,D,20240604,000000,86.0,86.267,86,86.267,0,0
30YUKP.B,D,20240605,000000,86.003,86.003,85.844,85.844,0,0
30YUKP.B,D,20240606,000000,86.113,86.327,86.113,86.327,0,0
30YUKP.B,D,20240607,000000,86.201,86.201,85.244,85.244,0,0
30YUKP.B,D,20240610,000000,85.244,85.244,84.39,84.39,0,0
30YUKP.B,D,20240611,000000,84.549,84.699,84.549,84.699,0,0
30YUKP.B,D,20240612,000000,84.919,86.166,84.919,86.166,0,0
30YUKP.B,D,20240613,000000,85.705,86.037,85.705,86.037,0,0
30YUKP.B,D,20240614,000000,86.933,87.629,86.933,87.629,0,0
30YUKP.B,D,20240617,000000,87.629,87.629,86.511,86.511,0,0
30YUKP.B,D,20240618,000000,86.77,87.704,86.77,87.704,0,0
30YUKP.B,D,20240619,000000,87.192,87.301,87.192,87.301,0,0
30YUKP.B,D,20240620,000000,86.8,87.196,86.8,87.196,0,0
30YUKP.B,D,20240621,000000,87.768,87.768,86.748,86.748,0,0
30YUKP.B,D,20240624,000000,86.748,87.019,86.748,87.019,0,0
30YUKP.B,D,20240625,000000,87.098,87.098,87.03,87.03,0,0
30YUKP.B,D,20240626,000000,86.642,86.642,86.642,86.642,0,0
30YUKP.B,D,20240627,000000,85.804,86.425,85.804,86.425,0,0
30YUKP.B,D,20240628,000000,86.242,86.242,85.535,85.535,0,0
30YUKP.B,D,20240701,000000,85.535,85.535,83.997,83.997,0,0
30YUKP.B,D,20240702,000000,84.258,84.514,84.258,84.514,0,0
30YUKP.B,D,20240703,000000,84.611,85.837,84.611,85.837,0,0
30YUKP.B,D,20240704,000000,85.398,85.398,85.254,85.254,0,0
30YUKP.B,D,20240705,000000,85.541,86.089,85.541,86.089,0,0
30YUKP.B,D,20240708,000000,86.089,86.328,86.024,86.318,0,0
30YUKP.B,D,20240709,000000,86.318,86.318,85.736,85.736,0,0
30YUKP.B,D,20240710,000000,86.159,86.159,85.971,85.971,0,0
30YUKP.B,D,20240711,000000,85.772,86.537,85.772,86.537,0,0
30YUKP.B,D,20240712,000000,85.956,86.273,85.956,86.273,0,0
30YUKP.B,D,20240715,000000,86.273,86.457,86.273,86.408,0,0
30YUKP.B,D,20240716,000000,86.75,86.78,86.75,86.78,0,0
30YUKP.B,D,20240717,000000,86.931,86.952,86.931,86.952,0,0
30YUKP.B,D,20240718,000000,87.04,87.04,87.04,87.04,0,0
30YUKP.B,D,20240719,000000,86.97,86.97,86.117,86.117,0,0
30YUKP.B,D,20240722,000000,86.117,86.123,85.955,85.955,0,0
30YUKP.B,D,20240723,000000,85.565,85.831,85.565,85.831,0,0
30YUKP.B,D,20240724,000000,86.098,86.098,85.601,85.601,0,0
30YUKP.B,D,20240725,000000,85.74,85.74,85.719,85.719,0,0
30YUKP.B,D,20240726,000000,85.214,85.933,85.214,85.933,0,0
30YUKP.B,D,20240729,000000,85.933,86.258,85.933,86.258,0,0
30YUKP.B,D,20240730,000000,86.313,86.569,86.313,86.569,0,0
30YUKP.B,D,20240731,000000,87.048,87.186,87.048,87.186,0,0
30YUKP.B,D,20240801,000000,87.71,87.71,87.71,87.71,0,0
30YUKP.B,D,20240802,000000,88.389,89.428,88.389,89.428,0,0
30YUKP.B,D,20240805,000000,89.428,89.428,88.756,88.756,0,0
30YUKP.B,D,20240806,000000,88.51,88.51,88.3,88.3,0,0
30YUKP.B,D,20240807,000000,87.451,87.67,87.451,87.67,0,0
30YUKP.B,D,20240808,000000,88.02,88.02,87.532,87.532,0,0
30YUKP.B,D,20240809,000000,87.81,87.911,87.81,87.911,0,0
30YUKP.B,D,20240812,000000,87.911,88,87.839,88.0,0,0
30YUKP.B,D,20240813,000000,88.05,88.554,88.05,88.554,0,0
30YUKP.B,D,20240814,000000,88.858,89.526,88.858,89.526,0,0
30YUKP.B,D,20240815,000000,89.287,89.287,88.328,88.328,0,0
30YUKP.B,D,20240816,000000,88.428,88.428,88.428,88.428,0,0
30YUKP.B,D,20240819,000000,88.428,88.861,88.364,88.364,0,0
30YUKP.B,D,20240820,000000,88.49,88.49,88.43,88.43,0,0
30YUKP.B,D,20240821,000000,88.558,88.558,88.235,88.235,0,0
30YUKP.B,D,20240822,000000,89.043,89.043,87.982,87.982,0,0
30YUKP.B,D,20240823,000000,87.958,88.907,87.958,88.907,0,0
30YUKP.B,D,20240827,000000,88.08,88.08,87.687,87.687,0,0
30YUKP.B,D,20240828,000000,88.001,88.001,87.769,87.769,0,0
30YUKP.B,D,20240829,000000,87.952,87.952,87.528,87.528,0,0
30YUKP.B,D,20240830,000000,87.752,87.887,87.752,87.887,0,0
30YUKP.B,D,20240902,000000,87.887,87.887,87.084,87.102,0,0
30YUKP.B,D,20240903,000000,87.334,87.334,87.334,87.334,0,0
30YUKP.B,D,20240904,000000,98.307,98.353,98.307,98.353,0,0
30YUKP.B,D,20240905,000000,98.692,98.796,98.692,98.796,0,0
30YUKP.B,D,20240906,000000,99.32,99.32,98.344,98.344,0,0
30YUKP.B,D,20240909,000000,98.344,98.944,98.344,98.944,0,0
30YUKP.B,D,20240910,000000,98.958,98.958,98.958,98.958,0,0
30YUKP.B,D,20240911,000000,100.345,100.345,100.292,100.292,0,0
30YUKP.B,D,20240912,000000,99.938,100.079,99.938,100.079,0,0
30YUKP.B,D,20240913,000000,100.247,100.247,100.076,100.076,0,0
30YUKP.B,D,20240916,000000,100.076,100.185,100.076,100.185,0,0
30YUKP.B,D,20240917,000000,100.543,100.543,100.116,100.116,0,0
30YUKP.B,D,20240918,000000,99.82,99.82,99.309,99.309,0,0
30YUKP.B,D,20240919,000000,99.441,99.441,98.588,98.588,0,0
30YUKP.B,D,20240920,000000,98.936,98.936,98.35,98.35,0,0
30YUKP.B,D,20240923,000000,98.35,98.772,98.35,98.772,0,0
30YUKP.B,D,20240924,000000,97.419,97.419,97.419,97.419,0,0
30YUKP.B,D,20240925,000000,98.007,98.007,96.739,96.739,0,0
30YUKP.B,D,20240926,000000,97.002,97.002,97.002,97.002,0,0
30YUKP.B,D,20240927,000000,96.805,96.805,96.592,96.592,0,0
30YUKP.B,D,20240930,000000,96.592,96.816,96.33,96.816,0,0
30YUKP.B,D,20241001,000000,97.125,98.159,97.125,98.159,0,0
30YUKP.B,D,20241002,000000,96.609,96.609,96.274,96.274,0,0
30YUKP.B,D,20241003,000000,96.633,96.633,96.633,96.633,0,0
30YUKP.B,D,20241004,000000,95.92,95.92,95.92,95.92,0,0
30YUKP.B,D,20241007,000000,95.92,95.92,94.53,94.53,0,0
30YUKP.B,D,20241008,000000,94.275,94.612,94.275,94.612,0,0
30YUKP.B,D,20241009,000000,94.363,94.539,94.363,94.539,0,0
30YUKP.B,D,20241010,000000,94.182,94.182,94.121,94.121,0,0
30YUKP.B,D,20241011,000000,93.916,93.916,93.916,93.916,0,0
30YUKP.B,D,20241014,000000,93.916,93.916,93.847,93.847,0,0
30YUKP.B,D,20241015,000000,94.103,94.103,94.103,94.103,0,0
30YUKP.B,D,20241016,000000,96.018,96.621,96.018,96.621,0,0
30YUKP.B,D,20241017,000000,96.058,96.058,96.058,96.058,0,0
30YUKP.B,D,20241018,000000,95.674,95.674,95.674,95.674,0,0
30YUKP.B,D,20241021,000000,95.674,96.384,95.674,96.384,0,0
30YUKP.B,D,20241022,000000,94.575,94.575,94.575,94.575,0,0
30YUKP.B,D,20241023,000000,94.353,94.353,94.353,94.353,0,0
30YUKP.B,D,20241024,000000,93.698,93.698,93.676,93.676,0,0
30YUKP.B,D,20241025,000000,94.236,94.236,94.236,94.236,0,0
30YUKP.B,D,20241028,000000,94.236,94.236,94.067,94.067,0,0
30YUKP.B,D,20241029,000000,93.746,93.746,93.746,93.746,0,0
30YUKP.B,D,20241030,000000,94.104,94.104,91.988,91.988,0,0
30YUKP.B,D,20241031,000000,91.988,92.085,91.988,92.085,0,0
30YUKP.B,D,20241101,000000,92.085,92.085,91.542,91.974,0,0
30YUKP.B,D,20241104,000000,91.974,91.974,91.89,91.89,0,0
30YUKP.B,D,20241105,000000,91.352,91.352,91.352,91.352,0,0
30YUKP.B,D,20241106,000000,91.352,91.352,91.244,91.244,0,0
30YUKP.B,D,20241107,000000,90.414,90.414,90.414,90.414,0,0
30YUKP.B,D,20241108,000000,90.414,91.965,90.414,91.965,0,0
30YUKP.B,D,20241111,000000,91.965,91.965,91.77,91.785,0,0
30YUKP.B,D,20241112,000000,91.785,92.106,91.785,92.106,0,0
30YUKP.B,D,20241113,000000,91.59,91.59,91.59,91.59,0,0
30YUKP.B,D,20241114,000000,91.61,91.61,91.147,91.147,0,0
30YUKP.B,D,20241115,000000,91.57,91.57,91.393,91.393,0,0
30YUKP.B,D,20241118,000000,91.393,91.393,91.39,91.39,0,0
30YUKP.B,D,20241119,000000,92.393,92.393,92.273,92.273,0,0
30YUKP.B,D,20241120,000000,92.273,92.273,91.443,91.618,0,0
30YUKP.B,D,20241121,000000,91.851,91.949,91.851,91.949,0,0
30YUKP.B,D,20241122,000000,92.551,92.551,92.551,92.551,0,0
30YUKP.B,D,20241125,000000,92.551,93.527,92.551,93.527,0,0
30YUKP.B,D,20241126,000000,92.961,92.961,92.961,92.961,0,0
30YUKP.B,D,20241127,000000,92.961,93.08,92.961,93.08,0,0
30YUKP.B,D,20241128,000000,93.344,93.63,93.344,93.63,0,0
30YUKP.B,D,20241129,000000,93.63,94.101,93.63,94.101,0,0
30YUKP.B,D,20241202,000000,94.101,94.208,94,94.0,0,0
30YUKP.B,D,20241203,000000,94.0,94.332,94,94.332,0,0
30YUKP.B,D,20241204,000000,94.099,94.099,94.099,94.099,0,0
30YUKP.B,D,20241205,000000,93.682,93.682,93.682,93.682,0,0
30YUKP.B,D,20241206,000000,93.242,93.242,93.242,93.242,0,0
30YUKP.B,D,20241209,000000,93.242,93.348,92.876,92.876,0,0
30YUKP.B,D,20241210,000000,92.828,92.828,92.828,92.828,0,0
30YUKP.B,D,20241211,000000,92.413,92.413,92.413,92.413,0,0
30YUKP.B,D,20241212,000000,91.852,91.852,91.852,91.852,0,0
30YUKP.B,D,20241213,000000,91.316,91.316,91.057,91.057,0,0
30YUKP.B,D,20241216,000000,91.057,91.133,90.92,90.92,0,0
30YUKP.B,D,20241217,000000,90.364,90.364,89.774,89.774,0,0
30YUKP.B,D,20241218,000000,89.839,89.839,89.839,89.839,0,0
30YUKP.B,D,20241219,000000,88.72,88.72,88.521,88.521,0,0
30YUKP.B,D,20241220,000000,88.352,89.8,88.352,89.8,0,0
30YUKP.B,D,20241223,000000,89.8,89.8,88.922,88.922,0,0
30YUKP.B,D,20241227,000000,87.945,87.945,87.945,87.945,0,0
30YUKP.B,D,20241230,000000,87.945,88.152,87.945,88.152,0,0
30YUKP.B,D,20250102,000000,88.152,88.25,88.152,88.25,0,0
30YUKP.B,D,20250103,000000,88.601,88.601,88.601,88.601,0,0
30YUKP.B,D,20250106,000000,88.601,88.601,87.91,87.91,0,0
30YUKP.B,D,20250107,000000,87.585,87.585,87.585,87.585,0,0
30YUKP.B,D,20250108,000000,87.18,87.18,87.18,87.18,0,0
30YUKP.B,D,20250109,000000,84.988,85.261,84.988,85.261,0,0
30YUKP.B,D,20250110,000000,84.926,85.071,84.926,85.071,0,0
30YUKP.B,D,20250113,000000,85.071,85.071,84.206,84.631,0,0
30YUKP.B,D,20250114,000000,84.553,84.553,84.553,84.553,0,0
30YUKP.B,D,20250115,000000,84.955,84.955,84.955,84.955,0,0
30YUKP.B,D,20250116,000000,86.157,86.157,86.157,86.157,0,0
30YUKP.B,D,20250117,000000,87.454,87.454,87.454,87.454,0,0
30YUKP.B,D,20250120,000000,87.454,87.454,87.35,87.35,0,0
30YUKP.B,D,20250121,000000,87.364,87.364,87.364,87.364,0,0
30YUKP.B,D,20250122,000000,88.299,88.299,88.299,88.299,0,0
30YUKP.B,D,20250123,000000,88.08,88.08,87.563,87.563,0,0
30YUKP.B,D,20250124,000000,88.11,88.11,88.11,88.11,0,0
30YUKP.B,D,20250127,000000,88.11,88.669,88.11,88.669,0,0
30YUKP.B,D,20250128,000000,88.669,88.669,88.228,88.228,0,0
30YUKP.B,D,20250129,000000,88.579,88.579,88.375,88.375,0,0
30YUKP.B,D,20250130,000000,88.538,88.538,88.538,88.538,0,0
30YUKP.B,D,20250131,000000,89.012,89.012,88.686,88.686,0,0
30YUKP.B,D,20250203,000000,88.686,88.973,88.686,88.973,0,0
30YUKP.B,D,20250204,000000,88.666,88.666,88.666,88.666,0,0
30YUKP.B,D,20250205,000000,89.415,89.415,89.415,89.415,0,0
30YUKP.B,D,20250206,000000,89.958,89.958,89.958,89.958,0,0
30YUKP.B,D,20250207,000000,89.816,89.816,89.816,89.816,0,0
30YUKP.B,D,20250210,000000,89.816,89.931,89.816,89.931,0,0
30YUKP.B,D,20250211,000000,89.283,89.283,89.283,89.283,0,0
30YUKP.B,D,20250212,000000,89.116,89.116,89.116,89.116,0,0
30YUKP.B,D,20250213,000000,88.63,88.63,88.63,88.63,0,0
30YUKP.B,D,20250214,000000,89.063,89.063,89.063,89.063,0,0
30YUKP.B,D,20250217,000000,89.063,89.063,87.69,88.922,0,0
30YUKP.B,D,20250218,000000,88.273,88.273,88.273,88.273,0,0
30YUKP.B,D,20250219,000000,87.801,87.801,87.801,87.801,0,0
30YUKP.B,D,20250220,000000,87.527,87.527,87.527,87.527,0,0
30YUKP.B,D,20250221,000000,87.785,87.953,87.785,87.953,0,0
30YUKP.B,D,20250224,000000,87.953,88.258,87.953,88.258,0,0
30YUKP.B,D,20250225,000000,88.483,89.014,88.483,89.014,0,0
30YUKP.B,D,20250226,000000,89.349,89.349,88.882,88.882,0,0
30YUKP.B,D,20250227,000000,88.962,88.962,88.664,88.664,0,0
30YUKP.B,D,20250228,000000,89.452,89.452,89.328,89.328,0,0
30YUKP.B,D,20250303,000000,89.328,89.328,88.415,88.415,0,0
30YUKP.B,D,20250304,000000,89.05,89.05,89.05,89.05,0,0
30YUKP.B,D,20250305,000000,87.532,87.532,87.532,87.532,0,0
30YUKP.B,D,20250306,000000,86.306,86.306,86.306,86.306,0,0
30YUKP.B,D,20250307,000000,87.881,87.881,87.49,87.49,0,0
30YUKP.B,D,20250310,000000,87.49,87.49,87.49,87.49,0,0
30YUKP.B,D,20250311,000000,87.086,87.086,87.086,87.086,0,0
30YUKP.B,D,20250312,000000,86.605,86.605,86.605,86.605,0,0
30YUKP.B,D,20250313,000000,85.841,85.841,85.841,85.841,0,0
30YUKP.B,D,20250314,000000,86.632,86.632,86.632,86.632,0,0
30YUKP.B,D,20250317,000000,86.632,87.392,86.632,87.392,0,0
30YUKP.B,D,20250318,000000,86.85,86.85,86.85,86.85,0,0
30YUKP.B,D,20250319,000000,87.277,87.277,87.277,87.277,0,0
30YUKP.B,D,20250320,000000,87.943,87.943,87.337,87.337,0,0
30YUKP.B,D,20250321,000000,86.985,86.985,86.985,86.985,0,0
30YUKP.B,D,20250324,000000,86.985,86.985,86.658,86.658,0,0
30YUKP.B,D,20250325,000000,85.634,85.634,85.52,85.52,0,0
30YUKP.B,D,20250326,000000,85.829,85.829,85.829,85.829,0,0
30YUKP.B,D,20250327,000000,85.932,85.932,85.932,85.932,0,0
30YUKP.B,D,20250328,000000,86.199,86.199,86.199,86.199,0,0
30YUKP.B,D,20250331,000000,86.199,86.805,86.199,86.805,0,0
30YUKP.B,D,20250401,000000,87.369,87.369,86.858,86.858,0,0
30YUKP.B,D,20250402,000000,87.154,87.154,87.14,87.14,0,0
30YUKP.B,D,20250403,000000,87.7,87.984,87.7,87.984,0,0
30YUKP.B,D,20250404,000000,88.953,88.953,88.953,88.953,0,0
30YUKP.B,D,20250407,000000,88.953,88.953,86.035,86.035,0,0
30YUKP.B,D,20250408,000000,86.091,86.091,85.714,85.714,0,0
30YUKP.B,D,20250409,000000,83.944,83.944,83.944,83.944,0,0
30YUKP.B,D,20250410,000000,85.382,85.382,85.382,85.382,0,0
30YUKP.B,D,20250411,000000,83.527,83.527,82.983,82.983,0,0
30YUKP.B,D,20250414,000000,82.983,85.259,82.983,85.259,0,0
30YUKP.B,D,20250415,000000,85.534,85.534,84.902,84.902,0,0
30YUKP.B,D,20250416,000000,85.46,85.46,85.067,85.067,0,0
30YUKP.B,D,20250417,000000,85.306,86.191,85.306,86.191,0,0
30YUKP.B,D,20250422,000000,84.964,85.567,84.964,85.567,0,0
30YUKP.B,D,20250423,000000,86.494,86.494,86.399,86.399,0,0
30YUKP.B,D,20250424,000000,85.95,86.967,85.95,86.967,0,0
30YUKP.B,D,20250425,000000,87.485,87.485,87.285,87.285,0,0
30YUKP.B,D,20250428,000000,87.285,87.301,86.875,86.875,0,0
30YUKP.B,D,20250429,000000,86.83,86.968,86.83,86.968,0,0
30YUKP.B,D,20250430,000000,87.846,87.846,87.846,87.846,0,0
30YUKP.B,D,20250502,000000,87.846,87.846,87.055,87.055,0,0
30YUKP.B,D,20250506,000000,85.588,85.716,85.588,85.716,0,0
30YUKP.B,D,20250507,000000,86.445,87.048,86.445,87.048,0,0
30YUKP.B,D,20250508,000000,87.274,87.274,86.681,86.681,0,0
30YUKP.B,D,20250509,000000,85.469,85.848,85.469,85.848,0,0
30YUKP.B,D,20250512,000000,85.848,85.848,85.131,85.24,0,0
30YUKP.B,D,20250513,000000,84.744,84.744,84.724,84.724,0,0
30YUKP.B,D,20250514,000000,84.544,84.544,84.236,84.236,0,0
30YUKP.B,D,20250515,000000,84.248,84.81,84.248,84.81,0,0
30YUKP.B,D,20250516,000000,85.322,85.473,85.322,85.473,0,0
30YUKP.B,D,20250519,000000,85.473,85.473,84.345,84.345,0,0
30YUKP.B,D,20250520,000000,85.229,85.229,84.396,84.396,0,0
30YUKP.B,D,20250521,000000,83.606,83.644,83.606,83.644,0,0
30YUKP.B,D,20250522,000000,83.036,83.036,82.978,82.978,0,0
30YUKP.B,D,20250523,000000,83.438,83.656,83.438,83.656,0,0
30YUKP.B,D,20250527,000000,85.078,85.078,84.192,84.192,0,0
30YUKP.B,D,20250528,000000,84.335,84.335,84.065,84.065,0,0
30YUKP.B,D,20250529,000000,83.956,85.181,83.956,85.181,0,0
30YUKP.B,D,20250530,000000,84.95,85.326,84.95,85.326,0,0
30YUKP.B,D,20250602,000000,85.326,85.326,84.632,84.941,0,0
30YUKP.B,D,20250603,000000,85.38,85.776,85.38,85.776,0,0
30YUKP.B,D,20250604,000000,85.235,85.757,85.235,85.757,0,0
30YUKP.B,D,20250605,000000,86.052,86.397,86.052,86.397,0,0
30YUKP.B,D,20250606,000000,86.421,86.421,85.959,85.959,0,0
30YUKP.B,D,20250609,000000,85.959,86.238,85.657,85.657,0,0
30YUKP.B,D,20250610,000000,86.818,86.953,86.818,86.953,0,0
30YUKP.B,D,20250611,000000,86.246,86.3,86.246,86.3,0,0
30YUKP.B,D,20250612,000000,87.215,87.447,87.215,87.447,0,0
30YUKP.B,D,20250613,000000,87.355,87.355,86.983,86.983,0,0
30YUKP.B,D,20250616,000000,86.983,86.983,86.607,86.915,0,0
30YUKP.B,D,20250617,000000,86.529,86.752,86.529,86.752,0,0
30YUKP.B,D,20250618,000000,86.883,87.318,86.883,87.318,0,0
30YUKP.B,D,20250619,000000,86.69,86.94,86.69,86.94,0,0
30YUKP.B,D,20250620,000000,87.03,87.03,86.831,86.831,0,0
30YUKP.B,D,20250623,000000,86.831,87.369,86.61,87.369,0,0
30YUKP.B,D,20250624,000000,87.256,87.709,87.256,87.709,0,0
30YUKP.B,D,20250625,000000,87.974,87.974,87.053,87.053,0,0
30YUKP.B,D,20250626,000000,87.373,87.373,86.994,86.994,0,0
30YUKP.B,D,20250627,000000,86.986,86.986,86.622,86.622,0,0
30YUKP.B,D,20250630,000000,86.622,87.089,86.622,86.835,0,0
30YUKP.B,D,20250701,000000,87.502,87.544,87.502,87.544,0,0
30YUKP.B,D,20250702,000000,87.012,87.012,84.584,84.584,0,0
30YUKP.B,D,20250703,000000,86.111,86.111,85.699,85.699,0,0
30YUKP.B,D,20250704,000000,86.279,86.279,85.862,85.862,0,0
30YUKP.B,D,20250707,000000,85.862,85.862,85.251,85.251,0,0
30YUKP.B,D,20250708,000000,84.883,84.883,84.238,84.238,0,0
30YUKP.B,D,20250709,000000,84.54,84.808,84.54,84.808,0,0
30YUKP.B,D,20250710,000000,85.359,85.359,84.954,84.954,0,0
30YUKP.B,D,20250711,000000,84.846,84.846,84.846,84.846,0,0
30YUKP.B,D,20250714,000000,84.561,84.809,84.542,84.809,0,0
30YUKP.B,D,20250715,000000,85.11,85.11,84.243,84.243,0,0
30YUKP.B,D,20250716,000000,83.781,84.548,83.781,84.548,0,0
30YUKP.B,D,20250717,000000,83.717,84.027,83.717,84.027,0,0
30YUKP.B,D,20250718,000000,83.832,83.832,83.832,83.832,0,0
30YUKP.B,D,20250721,000000,83.832,84.587,83.832,84.587,0,0
30YUKP.B,D,20250722,000000,84.321,85.195,84.321,85.195,0,0
30YUKP.B,D,20250723,000000,84.404,84.404,84.356,84.356,0,0
30YUKP.B,D,20250724,000000,83.786,84.157,83.786,84.157,0,0
30YUKP.B,D,20250725,000000,84.106,84.344,84.106,84.344,0,0
30YUKP.B,D,20250728,000000,84.344,84.724,84.344,84.448,0,0
30YUKP.B,D,20250729,000000,83.977,83.977,83.977,83.977,0,0
30YUKP.B,D,20250730,000000,84.946,84.988,84.946,84.988,0,0
30YUKP.B,D,20250731,000000,85.33,85.33,85.258,85.258,0,0
30YUKP.B,D,20250801,000000,84.477,85.781,84.477,85.781,0,0
30YUKP.B,D,20250804,000000,85.781,85.918,85.4,85.918,0,0
30YUKP.B,D,20250805,000000,86.118,86.118,85.963,85.963,0,0
30YUKP.B,D,20250806,000000,85.648,85.648,85.596,85.596,0,0
30YUKP.B,D,20250807,000000,85.724,85.724,85.516,85.516,0,0
30YUKP.B,D,20250808,000000,85.531,85.531,84.858,84.858,0,0
30YUKP.B,D,20250811,000000,84.858,85.349,84.858,85.212,0,0
30YUKP.B,D,20250812,000000,84.646,84.646,84.103,84.103,0,0
30YUKP.B,D,20250813,000000,84.687,84.701,84.687,84.701,0,0
30YUKP.B,D,20250814,000000,84.945,84.945,84.234,84.234,0,0
30YUKP.B,D,20250815,000000,83.855,83.855,83.033,83.033,0,0
30YUKP.B,D,20250818,000000,83.033,83.581,82.221,82.221,0,0
30YUKP.B,D,20250819,000000,82.146,82.221,82.146,82.221,0,0
30YUKP.B,D,20250820,000000,82.434,82.434,82.221,82.221,0,0
30YUKP.B,D,20250821,000000,82.993,82.993,82.715,82.715,0,0
30YUKP.B,D,20250822,000000,82.615,82.615,82.615,82.615,0,0
30YUKP.B,D,20250826,000000,82.317,82.317,82.316,82.316,0,0
30YUKP.B,D,20250827,000000,82.555,82.555,82.464,82.464,0,0
30YUKP.B,D,20250828,000000,82.798,82.798,82.798,82.798,0,0
30YUKP.B,D,20250829,000000,82.695,82.695,82.695,82.695,0,0
30YUKP.B,D,20250901,000000,82.695,82.695,82.025,82.025,0,0
30YUKP.B,D,20250902,000000,84.248,84.248,81.279,81.279,0,0
30YUKP.B,D,20250903,000000,81.06,82.409,81.06,82.409,0,0
30YUKP.B,D,20250904,000000,82.804,82.804,82.785,82.785,0,0
30YUKP.B,D,20250905,000000,83.064,83.621,83.064,83.621,0,0
30YUKP.B,D,20250908,000000,83.621,84.141,83.621,84.141,0,0
30YUKP.B,D,20250909,000000,84.045,84.161,84.045,84.161,0,0
30YUKP.B,D,20250910,000000,84.089,84.089,83.922,83.922,0,0
30YUKP.B,D,20250911,000000,84.201,84.519,84.201,84.519,0,0
30YUKP.B,D,20250912,000000,84.767,84.767,84.021,84.021,0,0
30YUKP.B,D,20250915,000000,84.021,84.162,84.021,84.162,0,0
30YUKP.B,D,20250916,000000,84.227,84.227,84.227,84.227,0,0
30YUKP.B,D,20250917,000000,84.557,84.652,84.557,84.652,0,0
30YUKP.B,D,20250918,000000,84.658,84.658,83.95,83.95,0,0
30YUKP.B,D,20250919,000000,83.065,83.065,83.065,83.065,0,0
30YUKP.B,D,20250922,000000,83.094,83.181,83.094,83.181,0,0
30YUKP.B,D,20250923,000000,83.47,83.654,83.47,83.654,0,0
30YUKP.B,D,20250924,000000,84.167,84.167,83.781,83.781,0,0
30YUKP.B,D,20250925,000000,83.802,83.802,83.388,83.388,0,0
30YUKP.B,D,20250926,000000,83.161,83.161,83.161,83.161,0,0
30YUKP.B,D,20250929,000000,83.161,83.75,83.161,83.75,0,0
30YUKP.B,D,20250930,000000,83.649,83.699,83.649,83.699,0,0
30YUKP.B,D,20251001,000000,83.539,83.539,83.539,83.539,0,0
30YUKP.B,D,20251002,000000,83.517,83.564,83.517,83.564,0,0
30YUKP.B,D,20251003,000000,83.813,83.813,83.813,83.813,0,0
30YUKP.B,D,20251006,000000,83.813,83.813,83.23,83.23,0,0
30YUKP.B,D,20251007,000000,83.01,83.145,83.01,83.145,0,0
30YUKP.B,D,20251008,000000,83.145,83.686,83.145,83.604,0,0
30YUKP.B,D,20251009,000000,83.584,83.584,83.163,83.163,0,0
30YUKP.B,D,20251010,000000,83.591,83.943,83.591,83.943,0,0
30YUKP.B,D,20251013,000000,83.943,84.171,83.943,84.171,0,0
30YUKP.B,D,20251014,000000,84.97,85.172,84.97,85.172,0,0
30YUKP.B,D,20251015,000000,85.682,85.916,85.682,85.916,0,0
30YUKP.B,D,20251016,000000,85.807,85.807,85.807,85.807,0,0
30YUKP.B,D,20251017,000000,86.524,86.524,85.79,85.79,0,0
30YUKP.B,D,20251020,000000,85.79,85.973,85.79,85.973,0,0
30YUKP.B,D,20251021,000000,86.471,86.938,86.471,86.938,0,0
30YUKP.B,D,20251022,000000,87.805,87.805,87.36,87.36,0,0
30YUKP.B,D,20251023,000000,87.288,87.55,87.288,87.55,0,0
30YUKP.B,D,20251024,000000,87.506,87.506,87.506,87.506,0,0
30YUKP.B,D,20251027,000000,87.506,87.506,87.476,87.476,0,0
30YUKP.B,D,20251028,000000,88.302,88.302,88.302,88.302,0,0
30YUKP.B,D,20251029,000000,88.302,88.302,88.21,88.21,0,0
30YUKP.B,D,20251030,000000,87.802,87.802,87.802,87.802,0,0
30YUKP.B,D,20251031,000000,88.0,88,87.736,87.736,0,0
30YUKP.B,D,20251103,000000,87.736,88.19,87.736,88.19,0,0
30YUKP.B,D,20251104,000000,87.858,87.942,87.858,87.942,0,0
30YUKP.B,D,20251105,000000,87.686,87.686,87.686,87.686,0,0
30YUKP.B,D,20251106,000000,87.122,87.122,87.122,87.122,0,0
30YUKP.B,D,20251107,000000,87.004,87.004,87.004,87.004,0,0
30YUKP.B,D,20251110,000000,87.004,87.367,86.942,87.367,0,0
30YUKP.B,D,20251111,000000,87.898,87.898,87.898,87.898,0,0
30YUKP.B,D,20251112,000000,87.898,87.898,87.628,87.628,0,0
30YUKP.B,D,20251113,000000,88.008,88.008,88.008,88.008,0,0
30YUKP.B,D,20251114,000000,86.433,86.433,86.433,86.433,0,0
30YUKP.B,D,20251117,000000,86.433,86.433,85.339,85.339,0,0
30YUKP.B,D,20251118,000000,86.062,86.062,86.062,86.062,0,0
30YUKP.B,D,20251119,000000,85.355,85.355,85.355,85.355,0,0
30YUKP.B,D,20251120,000000,84.652,84.652,84.652,84.652,0,0
30YUKP.B,D,20251121,000000,85.193,85.193,85.193,85.193,0,0
30YUKP.B,D,20251124,000000,85.193,85.802,85.193,85.607,0,0
30YUKP.B,D,20251125,000000,85.837,85.837,85.837,85.837,0,0
30YUKP.B,D,20251126,000000,85.917,85.917,85.917,85.917,0,0
30YUKP.B,D,20251127,000000,87.505,87.505,87.505,87.505,0,0
30YUKP.B,D,20251128,000000,87.79,87.79,87.79,87.79,0,0
30YUKP.B,D,20251201,000000,87.79,87.79,87.325,87.325,0,0
30YUKP.B,D,20251202,000000,87.325,87.325,86.896,86.896,0,0
30YUKP.B,D,20251203,000000,87.215,87.215,87.215,87.215,0,0
30YUKP.B,D,20251204,000000,87.518,87.518,87.518,87.518,0,0
30YUKP.B,D,20251205,000000,88.315,88.315,88.315,88.315,0,0
30YUKP.B,D,20251208,000000,88.315,88.315,87.303,87.303,0,0
30YUKP.B,D,20251209,000000,87.683,87.77,87.683,87.77,0,0
30YUKP.B,D,20251210,000000,87.275,87.728,87.275,87.728,0,0
30YUKP.B,D,20251211,000000,87.727,87.727,87.727,87.727,0,0
30YUKP.B,D,20251212,000000,87.562,87.562,87.562,87.562,0,0
30YUKP.B,D,20251215,000000,87.562,87.562,87.153,87.153,0,0
30YUKP.B,D,20251216,000000,87.201,87.201,86.932,86.932,0,0
30YUKP.B,D,20251217,000000,87.623,87.623,87.623,87.623,0,0
30YUKP.B,D,20251218,000000,87.755,87.755,87.755,87.755,0,0
30YUKP.B,D,20251219,000000,87.375,87.375,86.982,86.982,0,0
30YUKP.B,D,20251222,000000,86.982,86.982,86.841,86.841,0,0
30YUKP.B,D,20251223,000000,87.283,87.436,87.283,87.436,0,0
30YUKP.B,D,20251225,000000,87.436,87.436,87.436,87.436,0,0
30YUKP.B,D,20251226,000000,87.436,87.436,87.436,87.436,0,0
30YUKP.B,D,20251229,000000,87.436,87.883,87.436,87.59,0,0
30YUKP.B,D,20251230,000000,87.55,87.682,87.55,87.682,0,0
30YUKP.B,D,20260101,000000,87.682,87.682,87.682,87.682,0,0
30YUKP.B,D,20260102,000000,87.682,87.885,87.04,87.04,0,0
30YUKP.B,D,20260105,000000,87.04,87.24,86.976,87.24,0,0
30YUKP.B,D,20260106,000000,87.191,87.191,87.191,87.191,0,0
30YUKP.B,D,20260107,000000,88.145,88.145,88.145,88.145,0,0
30YUKP.B,D,20260108,000000,88.231,88.231,88.231,88.231,0,0
30YUKP.B,D,20260109,000000,88.358,88.358,88.358,88.358,0,0
30YUKP.B,D,20260112,000000,88.358,88.795,88.358,88.795,0,0
30YUKP.B,D,20260113,000000,88.666,88.666,88.666,88.666,0,0
30YUKP.B,D,20260114,000000,88.646,88.985,88.646,88.985,0,0
30YUKP.B,D,20260115,000000,88.986,88.986,88.986,88.986,0,0
30YUKP.B,D,20260116,000000,88.593,88.593,88.593,88.593,0,0
30YUKP.B,D,20260119,000000,88.593,88.593,88.307,88.307,0,0
30YUKP.B,D,20260120,000000,87.412,87.536,87.412,87.536,0,0
30YUKP.B,D,20260121,000000,88.023,88.023,88.023,88.023,0,0
30YUKP.B,D,20260122,000000,88.26,88.26,88.26,88.26,0,0
30YUKP.B,D,20260123,000000,87.624,87.624,87.387,87.387,0,0
30YUKP.B,D,20260126,000000,87.387,87.519,87.387,87.519,0,0
30YUKP.B,D,20260127,000000,87.242,87.242,87.242,87.242,0,0
30YUKP.B,D,20260128,000000,86.899,86.899,86.899,86.899,0,0
30YUKP.B,D,20260129,000000,86.324,86.324,86.324,86.324,0,0
30YUKP.B,D,20260130,000000,86.826,86.874,86.826,86.874,0,0
30YUKP.B,D,20260202,000000,86.874,87.009,86.874,87.009,0,0
30YUKP.B,D,20260203,000000,86.62,86.62,86.62,86.62,0,0
30YUKP.B,D,20260204,000000,86.645,86.645,86.645,86.645,0,0
30YUKP.B,D,20260205,000000,85.719,85.719,85.719,85.719,0,0
30YUKP.B,D,20260206,000000,85.675,85.675,85.675,85.675,0,0
30YUKP.B,D,20260209,000000,85.675,85.675,85.612,85.612,0,0
30YUKP.B,D,20260210,000000,86.192,86.192,86.192,86.192,0,0
