<TICKER>,<PER>,<DATE>,<TIME>,<OPEN>,<HIGH>,<LOW>,<CLOSE>,<VOL>,<OPENINT>
3MJPP.B,D,20240321,000000,99.986,99.99,99.986,99.99,0,0
3MJPP.B,D,20240322,000000,99.99,99.99,99.99,99.99,0,0
3MJPP.B,D,20240325,000000,99.99,100.012,99.99,100.012,0,0
3MJPP.B,D,20240326,000000,100.01,100.01,100.01,100.01,0,0
3MJPP.B,D,20240327,000000,100.012,100.012,100.012,100.012,0,0
3MJPP.B,D,20240328,000000,100.004,100.004,100.004,100.004,0,0
3MJPP.B,D,20240329,000000,100.009,100.009,100.009,100.009,0,0
3MJPP.B,D,20240401,000000,100.009,100.009,100.009,100.009,0,0
3MJPP.B,D,20240402,000000,100.009,100.009,100.009,100.009,0,0
3MJPP.B,D,20240403,000000,100.008,100.008,100.008,100.008,0,0
3MJPP.B,D,20240404,000000,99.996,99.996,99.996,99.996,0,0
3MJPP.B,D,20240405,000000,99.996,99.996,99.996,99.996,0,0
3MJPP.B,D,20240408,000000,99.996,99.996,99.994,99.994,0,0
3MJPP.B,D,20240409,000000,99.999,99.999,99.999,99.999,0,0
3MJPP.B,D,20240410,000000,99.999,99.999,99.999,99.999,0,0
3MJPP.B,D,20240411,000000,99.999,99.999,99.999,99.999,0,0
3MJPP.B,D,20240412,000000,99.999,99.999,99.999,99.999,0,0
3MJPP.B,D,20240415,000000,99.999,99.999,99.986,99.986,0,0
3MJPP.B,D,20240416,000000,99.997,99.997,99.997,99.997,0,0
3MJPP.B,D,20240417,000000,99.997,99.997,99.997,99.997,0,0
3MJPP.B,D,20240418,000000,99.996,99.996,99.996,99.996,0,0
3MJPP.B,D,20240419,000000,99.995,99.995,99.995,99.995,0,0
3MJPP.B,D,20240422,000000,99.995,99.997,99.995,99.997,0,0
3MJPP.B,D,20240423,000000,99.997,99.997,99.997,99.997,0,0
3MJPP.B,D,20240424,000000,99.995,99.995,99.995,99.995,0,0
3MJPP.B,D,20240425,000000,99.994,99.994,99.994,99.994,0,0
3MJPP.B,D,20240426,000000,99.994,99.994,99.994,99.994,0,0
3MJPP.B,D,20240430,000000,99.994,99.994,99.994,99.994,0,0
3MJPP.B,D,20240501,000000,99.994,99.994,99.994,99.994,0,0
3MJPP.B,D,20240502,000000,99.994,99.994,99.994,99.994,0,0
3MJPP.B,D,20240507,000000,99.994,99.994,99.99,99.99,0,0
3MJPP.B,D,20240508,000000,99.991,99.991,99.991,99.991,0,0
3MJPP.B,D,20240509,000000,99.991,99.991,99.991,99.991,0,0
3MJPP.B,D,20240510,000000,99.99,99.99,99.99,99.99,0,0
3MJPP.B,D,20240513,000000,99.99,99.992,99.99,99.992,0,0
3MJPP.B,D,20240514,000000,99.993,99.993,99.993,99.993,0,0
3MJPP.B,D,20240515,000000,99.992,99.992,99.992,99.992,0,0
3MJPP.B,D,20240516,000000,99.992,99.993,99.992,99.993,0,0
3MJPP.B,D,20240517,000000,99.993,99.993,99.993,99.993,0,0
3MJPP.B,D,20240520,000000,99.993,99.993,99.991,99.991,0,0
3MJPP.B,D,20240521,000000,99.991,99.991,99.991,99.991,0,0
3MJPP.B,D,20240522,000000,99.99,99.99,99.99,99.99,0,0
3MJPP.B,D,20240523,000000,99.99,99.99,99.99,99.99,0,0
3MJPP.B,D,20240524,000000,99.991,99.991,99.991,99.991,0,0
3MJPP.B,D,20240527,000000,99.991,99.991,99.977,99.977,0,0
3MJPP.B,D,20240528,000000,99.977,99.977,99.977,99.977,0,0
3MJPP.B,D,20240529,000000,99.977,99.977,99.977,99.977,0,0
3MJPP.B,D,20240530,000000,99.977,99.977,99.977,99.977,0,0
3MJPP.B,D,20240531,000000,99.977,99.977,99.977,99.977,0,0
3MJPP.B,D,20240603,000000,99.977,99.977,99.973,99.973,0,0
3MJPP.B,D,20240604,000000,99.973,99.973,99.973,99.973,0,0
3MJPP.B,D,20240605,000000,99.973,99.973,99.973,99.973,0,0
3MJPP.B,D,20240606,000000,99.992,99.992,99.992,99.992,0,0
3MJPP.B,D,20240607,000000,99.992,99.992,99.992,99.992,0,0
3MJPP.B,D,20240610,000000,99.992,99.995,99.992,99.995,0,0
3MJPP.B,D,20240611,000000,99.982,99.982,99.982,99.982,0,0
3MJPP.B,D,20240612,000000,99.995,99.995,99.995,99.995,0,0
3MJPP.B,D,20240613,000000,99.995,99.995,99.995,99.995,0,0
3MJPP.B,D,20240614,000000,99.984,99.984,99.984,99.984,0,0
3MJPP.B,D,20240617,000000,99.984,99.991,99.984,99.991,0,0
3MJPP.B,D,20240618,000000,99.991,99.991,99.991,99.991,0,0
3MJPP.B,D,20240619,000000,99.991,99.991,99.991,99.991,0,0
3MJPP.B,D,20240620,000000,99.986,99.986,99.986,99.986,0,0
3MJPP.B,D,20240621,000000,99.991,99.991,99.991,99.991,0,0
3MJPP.B,D,20240624,000000,99.991,99.998,99.991,99.998,0,0
3MJPP.B,D,20240625,000000,99.992,99.992,99.992,99.992,0,0
3MJPP.B,D,20240626,000000,99.991,99.991,99.991,99.991,0,0
3MJPP.B,D,20240627,000000,99.993,99.993,99.993,99.993,0,0
3MJPP.B,D,20240628,000000,99.993,99.993,99.993,99.993,0,0
3MJPP.B,D,20240701,000000,99.993,99.995,99.993,99.995,0,0
3MJPP.B,D,20240702,000000,99.995,99.995,99.995,99.995,0,0
3MJPP.B,D,20240703,000000,99.995,99.995,99.995,99.995,0,0
3MJPP.B,D,20240704,000000,99.995,99.995,99.995,99.995,0,0
3MJPP.B,D,20240705,000000,99.996,99.996,99.996,99.996,0,0
3MJPP.B,D,20240708,000000,99.996,99.997,99.996,99.997,0,0
3MJPP.B,D,20240709,000000,99.997,99.997,99.997,99.997,0,0
3MJPP.B,D,20240710,000000,99.996,99.996,99.996,99.996,0,0
3MJPP.B,D,20240711,000000,99.997,99.997,99.997,99.997,0,0
3MJPP.B,D,20240712,000000,99.997,99.997,99.997,99.997,0,0
3MJPP.B,D,20240716,000000,99.997,99.997,99.995,99.995,0,0
3MJPP.B,D,20240717,000000,99.995,99.995,99.995,99.995,0,0
3MJPP.B,D,20240718,000000,99.995,99.995,99.995,99.995,0,0
3MJPP.B,D,20240719,000000,99.996,99.996,99.996,99.996,0,0
3MJPP.B,D,20240722,000000,99.996,99.996,99.994,99.994,0,0
3MJPP.B,D,20240723,000000,99.994,99.994,99.994,99.994,0,0
3MJPP.B,D,20240724,000000,99.994,99.994,99.994,99.994,0,0
3MJPP.B,D,20240725,000000,99.98,99.98,99.98,99.98,0,0
3MJPP.B,D,20240726,000000,99.988,99.988,99.988,99.988,0,0
3MJPP.B,D,20240729,000000,99.988,99.988,99.972,99.972,0,0
3MJPP.B,D,20240730,000000,99.972,99.972,99.972,99.972,0,0
3MJPP.B,D,20240731,000000,99.972,99.972,99.972,99.972,0,0
3MJPP.B,D,20240801,000000,99.972,99.972,99.95,99.95,0,0
3MJPP.B,D,20240802,000000,99.952,99.952,99.952,99.952,0,0
3MJPP.B,D,20240805,000000,99.952,99.952,99.952,99.952,0,0
3MJPP.B,D,20240806,000000,99.968,99.968,99.968,99.968,0,0
3MJPP.B,D,20240807,000000,99.968,99.968,99.968,99.968,0,0
3MJPP.B,D,20240808,000000,99.969,99.969,99.969,99.969,0,0
3MJPP.B,D,20240809,000000,99.97,99.97,99.97,99.97,0,0
3MJPP.B,D,20240813,000000,99.97,99.977,99.97,99.977,0,0
3MJPP.B,D,20240814,000000,99.975,99.975,99.975,99.975,0,0
3MJPP.B,D,20240815,000000,99.97,99.97,99.97,99.97,0,0
3MJPP.B,D,20240816,000000,99.972,99.972,99.972,99.972,0,0
3MJPP.B,D,20240819,000000,99.972,99.972,99.958,99.958,0,0
3MJPP.B,D,20240820,000000,99.959,99.959,99.959,99.959,0,0
3MJPP.B,D,20240821,000000,99.959,99.959,99.959,99.959,0,0
3MJPP.B,D,20240822,000000,99.959,99.959,99.959,99.959,0,0
3MJPP.B,D,20240823,000000,99.961,99.961,99.961,99.961,0,0
3MJPP.B,D,20240826,000000,99.961,99.973,99.961,99.973,0,0
3MJPP.B,D,20240827,000000,99.973,99.973,99.973,99.973,0,0
3MJPP.B,D,20240828,000000,99.971,99.971,99.971,99.971,0,0
3MJPP.B,D,20240829,000000,99.97,99.97,99.97,99.97,0,0
3MJPP.B,D,20240830,000000,99.961,99.961,99.961,99.961,0,0
3MJPP.B,D,20240902,000000,99.961,99.963,99.961,99.963,0,0
3MJPP.B,D,20240903,000000,99.963,99.963,99.963,99.963,0,0
3MJPP.B,D,20240904,000000,99.961,99.961,99.961,99.961,0,0
3MJPP.B,D,20240905,000000,99.962,99.962,99.962,99.962,0,0
3MJPP.B,D,20240906,000000,99.963,99.963,99.963,99.963,0,0
3MJPP.B,D,20240909,000000,99.963,99.963,99.963,99.963,0,0
3MJPP.B,D,20240910,000000,99.963,99.967,99.963,99.967,0,0
3MJPP.B,D,20240911,000000,99.967,99.967,99.967,99.967,0,0
3MJPP.B,D,20240912,000000,99.968,99.968,99.968,99.968,0,0
3MJPP.B,D,20240913,000000,99.969,99.969,99.969,99.969,0,0
3MJPP.B,D,20240917,000000,99.969,99.97,99.969,99.97,0,0
3MJPP.B,D,20240918,000000,99.97,99.97,99.97,99.97,0,0
3MJPP.B,D,20240919,000000,99.97,99.97,99.97,99.97,0,0
3MJPP.B,D,20240920,000000,99.973,99.973,99.973,99.973,0,0
3MJPP.B,D,20240924,000000,99.973,99.973,99.973,99.973,0,0
3MJPP.B,D,20240925,000000,99.973,99.973,99.973,99.973,0,0
3MJPP.B,D,20240926,000000,99.974,99.974,99.974,99.974,0,0
3MJPP.B,D,20240927,000000,99.975,99.975,99.975,99.975,0,0
3MJPP.B,D,20240930,000000,99.975,99.976,99.975,99.976,0,0
3MJPP.B,D,20241001,000000,99.976,99.976,99.976,99.976,0,0
3MJPP.B,D,20241002,000000,99.975,99.975,99.975,99.975,0,0
3MJPP.B,D,20241003,000000,99.975,99.975,99.975,99.975,0,0
3MJPP.B,D,20241004,000000,99.976,99.976,99.976,99.976,0,0
3MJPP.B,D,20241007,000000,99.976,99.985,99.976,99.985,0,0
3MJPP.B,D,20241008,000000,99.985,99.985,99.985,99.985,0,0
3MJPP.B,D,20241009,000000,99.983,99.983,99.983,99.983,0,0
3MJPP.B,D,20241010,000000,99.983,99.983,99.983,99.983,0,0
3MJPP.B,D,20241011,000000,99.984,99.984,99.984,99.984,0,0
3MJPP.B,D,20241015,000000,99.984,99.984,99.984,99.984,0,0
3MJPP.B,D,20241016,000000,99.984,99.984,99.984,99.984,0,0
3MJPP.B,D,20241017,000000,99.985,99.985,99.985,99.985,0,0
3MJPP.B,D,20241018,000000,99.985,99.985,99.985,99.985,0,0
3MJPP.B,D,20241021,000000,99.985,99.985,99.984,99.984,0,0
3MJPP.B,D,20241022,000000,99.984,99.984,99.984,99.984,0,0
3MJPP.B,D,20241023,000000,99.984,99.984,99.984,99.984,0,0
3MJPP.B,D,20241024,000000,99.985,99.985,99.985,99.985,0,0
3MJPP.B,D,20241025,000000,99.985,99.985,99.985,99.985,0,0
3MJPP.B,D,20241028,000000,99.985,99.985,99.981,99.981,0,0
3MJPP.B,D,20241029,000000,99.979,99.979,99.979,99.979,0,0
3MJPP.B,D,20241030,000000,99.979,99.979,99.979,99.979,0,0
3MJPP.B,D,20241031,000000,99.979,99.979,99.979,99.979,0,0
3MJPP.B,D,20241101,000000,99.979,99.98,99.979,99.98,0,0
3MJPP.B,D,20241105,000000,99.98,99.982,99.98,99.982,0,0
3MJPP.B,D,20241106,000000,99.982,99.982,99.982,99.982,0,0
3MJPP.B,D,20241107,000000,99.982,99.982,99.982,99.982,0,0
3MJPP.B,D,20241108,000000,99.982,99.983,99.982,99.983,0,0
3MJPP.B,D,20241111,000000,99.983,99.983,99.971,99.971,0,0
3MJPP.B,D,20241112,000000,99.971,99.971,99.967,99.967,0,0
3MJPP.B,D,20241113,000000,99.966,99.966,99.966,99.966,0,0
3MJPP.B,D,20241114,000000,99.966,99.966,99.964,99.964,0,0
3MJPP.B,D,20241115,000000,99.966,99.966,99.966,99.966,0,0
3MJPP.B,D,20241118,000000,99.966,99.969,99.966,99.969,0,0
3MJPP.B,D,20241119,000000,99.969,99.969,99.969,99.969,0,0
3MJPP.B,D,20241120,000000,99.969,99.971,99.969,99.971,0,0
3MJPP.B,D,20241121,000000,99.972,99.972,99.972,99.972,0,0
3MJPP.B,D,20241122,000000,99.973,99.973,99.973,99.973,0,0
3MJPP.B,D,20241125,000000,99.973,99.973,99.967,99.967,0,0
3MJPP.B,D,20241126,000000,99.967,99.967,99.967,99.967,0,0
3MJPP.B,D,20241127,000000,99.967,99.967,99.967,99.967,0,0
3MJPP.B,D,20241128,000000,99.968,99.968,99.968,99.968,0,0
3MJPP.B,D,20241129,000000,99.968,99.969,99.968,99.969,0,0
3MJPP.B,D,20241202,000000,99.969,99.969,99.959,99.959,0,0
3MJPP.B,D,20241203,000000,99.959,99.961,99.959,99.961,0,0
3MJPP.B,D,20241204,000000,99.958,99.958,99.958,99.958,0,0
3MJPP.B,D,20241205,000000,99.955,99.955,99.955,99.955,0,0
3MJPP.B,D,20241206,000000,99.956,99.956,99.956,99.956,0,0
3MJPP.B,D,20241209,000000,99.956,99.96,99.956,99.96,0,0
3MJPP.B,D,20241210,000000,99.961,99.961,99.961,99.961,0,0
3MJPP.B,D,20241211,000000,99.961,99.961,99.961,99.961,0,0
3MJPP.B,D,20241212,000000,99.961,99.961,99.961,99.961,0,0
3MJPP.B,D,20241213,000000,99.963,99.963,99.963,99.963,0,0
3MJPP.B,D,20241216,000000,99.963,99.963,99.95,99.95,0,0
3MJPP.B,D,20241217,000000,99.957,99.957,99.957,99.957,0,0
3MJPP.B,D,20241218,000000,99.96,99.96,99.96,99.96,0,0
3MJPP.B,D,20241219,000000,99.963,99.963,99.963,99.963,0,0
3MJPP.B,D,20241220,000000,99.964,99.964,99.964,99.964,0,0
3MJPP.B,D,20241223,000000,99.964,99.964,99.957,99.957,0,0
3MJPP.B,D,20241226,000000,99.958,99.958,99.956,99.956,0,0
3MJPP.B,D,20241227,000000,99.95,99.95,99.95,99.95,0,0
3MJPP.B,D,20241230,000000,99.95,99.95,99.944,99.944,0,0
3MJPP.B,D,20250106,000000,99.944,99.944,99.944,99.944,0,0
3MJPP.B,D,20250107,000000,99.944,99.944,99.944,99.944,0,0
3MJPP.B,D,20250108,000000,99.94,99.94,99.94,99.94,0,0
3MJPP.B,D,20250109,000000,99.94,99.94,99.94,99.94,0,0
3MJPP.B,D,20250110,000000,99.943,99.943,99.943,99.943,0,0
3MJPP.B,D,20250114,000000,99.943,99.943,99.933,99.933,0,0
3MJPP.B,D,20250115,000000,99.933,99.933,99.933,99.933,0,0
3MJPP.B,D,20250116,000000,99.931,99.931,99.931,99.931,0,0
3MJPP.B,D,20250117,000000,99.917,99.917,99.917,99.917,0,0
3MJPP.B,D,20250120,000000,99.917,99.917,99.904,99.904,0,0
3MJPP.B,D,20250121,000000,99.905,99.905,99.905,99.905,0,0
3MJPP.B,D,20250122,000000,99.905,99.905,99.905,99.905,0,0
3MJPP.B,D,20250123,000000,99.906,99.906,99.906,99.906,0,0
3MJPP.B,D,20250124,000000,99.908,99.908,99.908,99.908,0,0
3MJPP.B,D,20250127,000000,99.908,99.909,99.908,99.909,0,0
3MJPP.B,D,20250128,000000,99.909,99.912,99.909,99.912,0,0
3MJPP.B,D,20250129,000000,99.913,99.913,99.913,99.913,0,0
3MJPP.B,D,20250130,000000,99.914,99.914,99.914,99.914,0,0
3MJPP.B,D,20250131,000000,99.917,99.917,99.917,99.917,0,0
3MJPP.B,D,20250203,000000,99.917,99.917,99.909,99.909,0,0
3MJPP.B,D,20250204,000000,99.91,99.91,99.91,99.91,0,0
3MJPP.B,D,20250205,000000,99.913,99.913,99.913,99.913,0,0
3MJPP.B,D,20250206,000000,99.914,99.914,99.914,99.914,0,0
3MJPP.B,D,20250207,000000,99.916,99.916,99.916,99.916,0,0
3MJPP.B,D,20250210,000000,99.916,99.916,99.915,99.915,0,0
3MJPP.B,D,20250212,000000,99.915,99.918,99.915,99.918,0,0
3MJPP.B,D,20250213,000000,99.919,99.919,99.919,99.919,0,0
3MJPP.B,D,20250214,000000,99.922,99.922,99.922,99.922,0,0
3MJPP.B,D,20250217,000000,99.922,99.922,99.919,99.919,0,0
3MJPP.B,D,20250218,000000,99.92,99.92,99.92,99.92,0,0
3MJPP.B,D,20250219,000000,99.92,99.92,99.92,99.92,0,0
3MJPP.B,D,20250220,000000,99.92,99.92,99.92,99.92,0,0
3MJPP.B,D,20250221,000000,99.924,99.924,99.924,99.924,0,0
3MJPP.B,D,20250225,000000,99.924,99.924,99.917,99.917,0,0
3MJPP.B,D,20250226,000000,99.919,99.919,99.919,99.919,0,0
3MJPP.B,D,20250227,000000,99.919,99.919,99.919,99.919,0,0
3MJPP.B,D,20250228,000000,99.92,99.92,99.92,99.92,0,0
3MJPP.B,D,20250303,000000,99.92,99.92,99.911,99.911,0,0
3MJPP.B,D,20250304,000000,99.911,99.911,99.911,99.911,0,0
3MJPP.B,D,20250305,000000,99.913,99.913,99.913,99.913,0,0
3MJPP.B,D,20250306,000000,99.908,99.908,99.908,99.908,0,0
3MJPP.B,D,20250307,000000,99.911,99.911,99.911,99.911,0,0
3MJPP.B,D,20250310,000000,99.911,99.919,99.911,99.919,0,0
3MJPP.B,D,20250311,000000,99.919,99.919,99.919,99.919,0,0
3MJPP.B,D,20250312,000000,99.923,99.923,99.923,99.923,0,0
3MJPP.B,D,20250313,000000,99.918,99.918,99.918,99.918,0,0
3MJPP.B,D,20250314,000000,99.917,99.917,99.917,99.917,0,0
3MJPP.B,D,20250317,000000,99.917,99.921,99.917,99.921,0,0
3MJPP.B,D,20250318,000000,99.917,99.917,99.917,99.917,0,0
3MJPP.B,D,20250319,000000,99.919,99.919,99.919,99.919,0,0
3MJPP.B,D,20250321,000000,99.919,99.924,99.919,99.924,0,0
3MJPP.B,D,20250324,000000,99.924,99.924,99.921,99.921,0,0
3MJPP.B,D,20250325,000000,99.922,99.922,99.922,99.922,0,0
3MJPP.B,D,20250326,000000,99.923,99.923,99.923,99.923,0,0
3MJPP.B,D,20250327,000000,99.924,99.924,99.924,99.924,0,0
3MJPP.B,D,20250328,000000,99.926,99.926,99.926,99.926,0,0
3MJPP.B,D,20250331,000000,99.926,99.926,99.901,99.901,0,0
3MJPP.B,D,20250401,000000,99.905,99.905,99.905,99.905,0,0
3MJPP.B,D,20250402,000000,99.906,99.906,99.906,99.906,0,0
3MJPP.B,D,20250403,000000,99.9,99.9,99.9,99.9,0,0
3MJPP.B,D,20250404,000000,99.9,99.9,99.9,99.9,0,0
3MJPP.B,D,20250407,000000,99.899,99.899,99.894,99.894,0,0
3MJPP.B,D,20250408,000000,99.9,99.9,99.9,99.9,0,0
3MJPP.B,D,20250409,000000,99.9,99.9,99.9,99.9,0,0
3MJPP.B,D,20250410,000000,99.905,99.905,99.905,99.905,0,0
3MJPP.B,D,20250411,000000,99.905,99.915,99.905,99.915,0,0
3MJPP.B,D,20250414,000000,99.915,99.915,99.914,99.914,0,0
3MJPP.B,D,20250415,000000,99.912,99.912,99.912,99.912,0,0
3MJPP.B,D,20250416,000000,99.913,99.913,99.913,99.913,0,0
3MJPP.B,D,20250417,000000,99.914,99.914,99.914,99.914,0,0
3MJPP.B,D,20250418,000000,99.908,99.908,99.908,99.908,0,0
3MJPP.B,D,20250421,000000,99.908,99.908,99.898,99.898,0,0
3MJPP.B,D,20250422,000000,99.894,99.894,99.894,99.894,0,0
3MJPP.B,D,20250423,000000,99.894,99.894,99.894,99.894,0,0
3MJPP.B,D,20250424,000000,99.902,99.902,99.902,99.902,0,0
3MJPP.B,D,20250425,000000,99.906,99.906,99.906,99.906,0,0
3MJPP.B,D,20250428,000000,99.906,99.906,99.901,99.901,0,0
3MJPP.B,D,20250430,000000,99.901,99.902,99.901,99.902,0,0
3MJPP.B,D,20250502,000000,99.902,99.902,99.902,99.902,0,0
3MJPP.B,D,20250507,000000,99.902,99.902,99.896,99.896,0,0
3MJPP.B,D,20250508,000000,99.896,99.896,99.896,99.896,0,0
3MJPP.B,D,20250509,000000,99.903,99.903,99.903,99.903,0,0
3MJPP.B,D,20250512,000000,99.903,99.903,99.898,99.898,0,0
3MJPP.B,D,20250513,000000,99.899,99.899,99.899,99.899,0,0
3MJPP.B,D,20250514,000000,99.903,99.903,99.903,99.903,0,0
3MJPP.B,D,20250515,000000,99.902,99.902,99.902,99.902,0,0
3MJPP.B,D,20250516,000000,99.906,99.906,99.906,99.906,0,0
3MJPP.B,D,20250519,000000,99.906,99.906,99.902,99.902,0,0
3MJPP.B,D,20250520,000000,99.904,99.904,99.904,99.904,0,0
3MJPP.B,D,20250521,000000,99.907,99.907,99.907,99.907,0,0
3MJPP.B,D,20250522,000000,99.906,99.906,99.906,99.906,0,0
3MJPP.B,D,20250523,000000,99.906,99.906,99.906,99.906,0,0
3MJPP.B,D,20250526,000000,99.906,99.906,99.901,99.901,0,0
3MJPP.B,D,20250527,000000,99.901,99.901,99.901,99.901,0,0
3MJPP.B,D,20250528,000000,99.902,99.902,99.902,99.902,0,0
3MJPP.B,D,20250529,000000,99.907,99.907,99.907,99.907,0,0
3MJPP.B,D,20250530,000000,99.902,99.902,99.902,99.902,0,0
3MJPP.B,D,20250602,000000,99.902,99.902,99.902,99.902,0,0
3MJPP.B,D,20250603,000000,99.902,99.902,99.902,99.902,0,0
3MJPP.B,D,20250604,000000,99.902,99.902,99.901,99.901,0,0
3MJPP.B,D,20250605,000000,99.901,99.901,99.901,99.901,0,0
3MJPP.B,D,20250606,000000,99.901,99.901,99.9,99.9,0,0
3MJPP.B,D,20250609,000000,99.9,99.9,99.9,99.9,0,0
3MJPP.B,D,20250610,000000,99.9,99.9,99.89,99.89,0,0
3MJPP.B,D,20250611,000000,99.891,99.891,99.891,99.891,0,0
3MJPP.B,D,20250612,000000,99.892,99.892,99.892,99.892,0,0
3MJPP.B,D,20250613,000000,99.892,99.892,99.892,99.892,0,0
3MJPP.B,D,20250616,000000,99.895,99.895,99.895,99.895,0,0
3MJPP.B,D,20250617,000000,99.894,99.894,99.894,99.894,0,0
3MJPP.B,D,20250618,000000,99.894,99.894,99.894,99.894,0,0
3MJPP.B,D,20250619,000000,99.894,99.894,99.894,99.894,0,0
3MJPP.B,D,20250620,000000,99.899,99.899,99.899,99.899,0,0
3MJPP.B,D,20250623,000000,99.899,99.899,99.899,99.899,0,0
3MJPP.B,D,20250624,000000,99.899,99.899,99.899,99.899,0,0
3MJPP.B,D,20250625,000000,99.899,99.899,99.899,99.899,0,0
3MJPP.B,D,20250626,000000,99.899,99.922,99.899,99.922,0,0
3MJPP.B,D,20250627,000000,99.922,99.922,99.922,99.922,0,0
3MJPP.B,D,20250630,000000,99.922,99.922,99.9,99.9,0,0
3MJPP.B,D,20250702,000000,99.9,99.9,99.9,99.9,0,0
3MJPP.B,D,20250703,000000,99.9,99.9,99.895,99.895,0,0
3MJPP.B,D,20250704,000000,99.897,99.897,99.897,99.897,0,0
3MJPP.B,D,20250707,000000,99.897,99.897,99.897,99.897,0,0
3MJPP.B,D,20250708,000000,99.902,99.902,99.902,99.902,0,0
3MJPP.B,D,20250709,000000,99.902,99.902,99.902,99.902,0,0
3MJPP.B,D,20250710,000000,99.916,99.916,99.916,99.916,0,0
3MJPP.B,D,20250711,000000,99.916,99.916,99.916,99.916,0,0
3MJPP.B,D,20250714,000000,99.916,99.916,99.916,99.916,0,0
3MJPP.B,D,20250715,000000,99.916,99.916,99.916,99.916,0,0
3MJPP.B,D,20250716,000000,99.916,99.916,99.916,99.916,0,0
3MJPP.B,D,20250717,000000,99.916,99.916,99.916,99.916,0,0
3MJPP.B,D,20250718,000000,99.916,99.916,99.916,99.916,0,0
3MJPP.B,D,20250722,000000,99.911,99.911,99.911,99.911,0,0
3MJPP.B,D,20250723,000000,99.902,99.902,99.902,99.902,0,0
3MJPP.B,D,20250724,000000,99.902,99.902,99.902,99.902,0,0
3MJPP.B,D,20250725,000000,99.902,99.902,99.902,99.902,0,0
3MJPP.B,D,20250728,000000,99.902,99.902,99.902,99.902,0,0
3MJPP.B,D,20250729,000000,99.902,99.902,99.893,99.893,0,0
3MJPP.B,D,20250730,000000,99.893,99.893,99.893,99.893,0,0
3MJPP.B,D,20250731,000000,99.893,99.895,99.893,99.895,0,0
3MJPP.B,D,20250801,000000,99.897,99.897,99.897,99.897,0,0
3MJPP.B,D,20250804,000000,99.897,99.897,99.897,99.897,0,0
3MJPP.B,D,20250805,000000,99.897,99.9,99.897,99.9,0,0
3MJPP.B,D,20250806,000000,99.903,99.903,99.903,99.903,0,0
3MJPP.B,D,20250807,000000,99.903,99.903,99.903,99.903,0,0
3MJPP.B,D,20250808,000000,99.903,99.903,99.903,99.903,0,0
3MJPP.B,D,20250812,000000,99.904,99.904,99.904,99.904,0,0
3MJPP.B,D,20250813,000000,99.904,99.904,99.904,99.904,0,0
3MJPP.B,D,20250814,000000,99.904,99.904,99.901,99.901,0,0
3MJPP.B,D,20250815,000000,99.901,99.901,99.901,99.901,0,0
3MJPP.B,D,20250818,000000,99.901,99.901,99.895,99.895,0,0
3MJPP.B,D,20250819,000000,99.895,99.895,99.895,99.895,0,0
3MJPP.B,D,20250820,000000,99.895,99.895,99.895,99.895,0,0
3MJPP.B,D,20250821,000000,99.895,99.895,99.895,99.895,0,0
3MJPP.B,D,20250822,000000,99.896,99.896,99.896,99.896,0,0
3MJPP.B,D,20250825,000000,99.896,99.896,99.896,99.896,0,0
3MJPP.B,D,20250826,000000,99.896,99.896,99.896,99.896,0,0
3MJPP.B,D,20250827,000000,99.896,99.896,99.889,99.889,0,0
3MJPP.B,D,20250828,000000,99.888,99.888,99.888,99.888,0,0
3MJPP.B,D,20250829,000000,99.888,99.888,99.888,99.888,0,0
3MJPP.B,D,20250901,000000,99.888,99.888,99.888,99.888,0,0
3MJPP.B,D,20250902,000000,99.888,99.889,99.888,99.889,0,0
3MJPP.B,D,20250903,000000,99.899,99.899,99.899,99.899,0,0
3MJPP.B,D,20250904,000000,99.899,99.899,99.899,99.899,0,0
3MJPP.B,D,20250905,000000,99.899,99.899,99.899,99.899,0,0
3MJPP.B,D,20250908,000000,99.899,99.905,99.899,99.905,0,0
3MJPP.B,D,20250909,000000,99.905,99.905,99.905,99.905,0,0
3MJPP.B,D,20250910,000000,99.905,99.905,99.905,99.905,0,0
3MJPP.B,D,20250911,000000,99.905,99.905,99.896,99.896,0,0
3MJPP.B,D,20250912,000000,99.898,99.898,99.898,99.898,0,0
3MJPP.B,D,20250916,000000,99.898,99.898,99.898,99.898,0,0
3MJPP.B,D,20250917,000000,99.898,99.898,99.898,99.898,0,0
3MJPP.B,D,20250918,000000,99.898,99.898,99.894,99.894,0,0
3MJPP.B,D,20250919,000000,99.894,99.894,99.894,99.894,0,0
3MJPP.B,D,20250922,000000,99.894,99.894,99.894,99.894,0,0
3MJPP.B,D,20250924,000000,99.894,99.894,99.894,99.894,0,0
3MJPP.B,D,20250925,000000,99.89,99.89,99.89,99.89,0,0
3MJPP.B,D,20250926,000000,99.89,99.89,99.89,99.89,0,0
3MJPP.B,D,20250929,000000,99.89,99.89,99.89,99.89,0,0
3MJPP.B,D,20250930,000000,99.89,99.89,99.89,99.89,0,0
3MJPP.B,D,20251001,000000,99.89,99.89,99.882,99.882,0,0
3MJPP.B,D,20251003,000000,99.882,99.882,99.872,99.872,0,0
3MJPP.B,D,20251006,000000,99.872,99.872,99.872,99.872,0,0
3MJPP.B,D,20251008,000000,99.872,99.878,99.872,99.878,0,0
3MJPP.B,D,20251010,000000,99.878,99.878,99.878,99.878,0,0
3MJPP.B,D,20251013,000000,99.878,99.879,99.878,99.879,0,0
3MJPP.B,D,20251014,000000,99.879,99.879,99.879,99.879,0,0
3MJPP.B,D,20251016,000000,99.879,99.879,99.879,99.879,0,0
3MJPP.B,D,20251017,000000,99.879,99.889,99.879,99.889,0,0
3MJPP.B,D,20251020,000000,99.889,99.889,99.889,99.889,0,0
3MJPP.B,D,20251021,000000,99.889,99.889,99.888,99.888,0,0
3MJPP.B,D,20251022,000000,99.867,99.867,99.867,99.867,0,0
3MJPP.B,D,20251023,000000,99.876,99.876,99.876,99.876,0,0
3MJPP.B,D,20251024,000000,99.875,99.875,99.875,99.875,0,0
3MJPP.B,D,20251027,000000,99.875,99.875,99.875,99.875,0,0
3MJPP.B,D,20251028,000000,99.875,99.875,99.875,99.875,0,0
3MJPP.B,D,20251029,000000,99.875,99.875,99.875,99.875,0,0
3MJPP.B,D,20251030,000000,99.875,99.881,99.875,99.881,0,0
3MJPP.B,D,20251031,000000,99.881,99.883,99.881,99.883,0,0
3MJPP.B,D,20251103,000000,99.883,99.894,99.883,99.894,0,0
3MJPP.B,D,20251104,000000,99.894,99.894,99.894,99.894,0,0
3MJPP.B,D,20251106,000000,99.894,99.894,99.894,99.894,0,0
3MJPP.B,D,20251107,000000,99.894,99.894,99.894,99.894,0,0
3MJPP.B,D,20251110,000000,99.889,99.889,99.889,99.889,0,0
3MJPP.B,D,20251111,000000,99.889,99.889,99.883,99.883,0,0
3MJPP.B,D,20251113,000000,99.883,99.883,99.883,99.883,0,0
3MJPP.B,D,20251114,000000,99.883,99.888,99.883,99.888,0,0
3MJPP.B,D,20251117,000000,99.888,99.888,99.888,99.888,0,0
3MJPP.B,D,20251118,000000,99.888,99.888,99.888,99.888,0,0
3MJPP.B,D,20251119,000000,99.888,99.888,99.888,99.888,0,0
3MJPP.B,D,20251120,000000,99.888,99.888,99.888,99.888,0,0
3MJPP.B,D,20251121,000000,99.888,99.888,99.888,99.888,0,0
3MJPP.B,D,20251124,000000,99.888,99.888,99.888,99.888,0,0
3MJPP.B,D,20251126,000000,99.888,99.888,99.888,99.888,0,0
3MJPP.B,D,20251127,000000,99.888,99.888,99.888,99.888,0,0
3MJPP.B,D,20251128,000000,99.888,99.888,99.888,99.888,0,0
3MJPP.B,D,20251201,000000,99.888,99.888,99.888,99.888,0,0
3MJPP.B,D,20251202,000000,99.888,99.888,99.888,99.888,0,0
3MJPP.B,D,20251203,000000,99.888,99.888,99.888,99.888,0,0
3MJPP.B,D,20251205,000000,99.888,99.888,99.888,99.888,0,0
3MJPP.B,D,20251208,000000,99.888,99.888,99.888,99.888,0,0
3MJPP.B,D,20251209,000000,99.888,99.888,99.832,99.832,0,0
3MJPP.B,D,20251211,000000,99.832,99.842,99.832,99.842,0,0
3MJPP.B,D,20251215,000000,99.842,99.842,99.842,99.842,0,0
3MJPP.B,D,20251216,000000,99.836,99.836,99.836,99.836,0,0
3MJPP.B,D,20251217,000000,99.836,99.836,99.836,99.836,0,0
3MJPP.B,D,20251218,000000,99.836,99.836,99.836,99.836,0,0
3MJPP.B,D,20251219,000000,99.836,99.836,99.836,99.836,0,0
3MJPP.B,D,20251222,000000,99.836,99.836,99.836,99.836,0,0
3MJPP.B,D,20251224,000000,99.836,99.836,99.836,99.836,0,0
3MJPP.B,D,20251225,000000,99.836,99.836,99.836,99.836,0,0
3MJPP.B,D,20251226,000000,99.836,99.836,99.836,99.836,0,0
3MJPP.B,D,20251229,000000,99.836,99.836,99.836,99.836,0,0
3MJPP.B,D,20251230,000000,99.836,99.868,99.836,99.868,0,0
3MJPP.B,D,20260101,000000,99.868,99.868,99.868,99.868,0,0
3MJPP.B,D,20260102,000000,99.868,99.868,99.867,99.867,0,0
3MJPP.B,D,20260105,000000,99.867,99.867,99.867,99.867,0,0
3MJPP.B,D,20260106,000000,99.867,99.867,99.867,99.867,0,0
3MJPP.B,D,20260107,000000,99.867,99.867,99.867,99.867,0,0
3MJPP.B,D,20260108,000000,99.867,99.867,99.854,99.854,0,0
3MJPP.B,D,20260109,000000,99.841,99.841,99.841,99.841,0,0
3MJPP.B,D,20260112,000000,99.841,99.841,99.841,99.841,0,0
3MJPP.B,D,20260113,000000,99.841,99.841,99.841,99.841,0,0
3MJPP.B,D,20260115,000000,99.841,99.841,99.83,99.83,0,0
3MJPP.B,D,20260119,000000,99.83,99.832,99.83,99.832,0,0
3MJPP.B,D,20260121,000000,99.832,99.832,99.832,99.832,0,0
3MJPP.B,D,20260123,000000,99.832,99.832,99.832,99.832,0,0
3MJPP.B,D,20260126,000000,99.832,99.832,99.828,99.828,0,0
3MJPP.B,D,20260128,000000,99.828,99.828,99.828,99.828,0,0
3MJPP.B,D,20260129,000000,99.828,99.828,99.818,99.818,0,0
3MJPP.B,D,20260130,000000,99.818,99.818,99.818,99.818,0,0
3MJPP.B,D,20260202,000000,99.818,99.818,99.818,99.818,0,0
3MJPP.B,D,20260203,000000,99.818,99.818,99.818,99.818,0,0
3MJPP.B,D,20260204,000000,99.818,99.818,99.813,99.813,0,0
3MJPP.B,D,20260206,000000,99.813,99.819,99.813,99.819,0,0
3MJPP.B,D,20260209,000000,99.819,99.819,99.819,99.819,0,0
