<TICKER>,<PER>,<DATE>,<TIME>,<OPEN>,<HIGH>,<LOW>,<CLOSE>,<VOL>,<OPENINT>
3YCNY.B,D,20231009,000000,2.384,2.39,2.322,2.344,0,0
3YCNY.B,D,20231010,000000,2.39,2.39,2.363,2.388,0,0
3YCNY.B,D,20231011,000000,2.43,2.435,2.39,2.435,0,0
3YCNY.B,D,20231012,000000,2.445,2.505,2.41,2.425,0,0
3YCNY.B,D,20231013,000000,2.5,2.5,2.403,2.42,0,0
3YCNY.B,D,20231016,000000,2.43,2.43,2.398,2.403,0,0
3YCNY.B,D,20231017,000000,2.505,2.505,2.425,2.437,0,0
3YCNY.B,D,20231018,000000,2.455,2.47,2.441,2.468,0,0
3YCNY.B,D,20231019,000000,2.54,2.54,2.48,2.518,0,0
3YCNY.B,D,20231020,000000,2.6,2.6,2.493,2.507,0,0
3YCNY.B,D,20231023,000000,2.58,2.58,2.448,2.463,0,0
3YCNY.B,D,20231024,000000,2.54,2.54,2.445,2.47,0,0
3YCNY.B,D,20231025,000000,2.513,2.513,2.413,2.454,0,0
3YCNY.B,D,20231026,000000,2.49,2.49,2.416,2.416,0,0
3YCNY.B,D,20231027,000000,2.465,2.465,2.408,2.419,0,0
3YCNY.B,D,20231030,000000,2.505,2.505,2.427,2.445,0,0
3YCNY.B,D,20231031,000000,2.483,2.483,2.414,2.423,0,0
3YCNY.B,D,20231101,000000,2.457,2.457,2.42,2.435,0,0
3YCNY.B,D,20231102,000000,2.456,2.456,2.414,2.418,0,0
3YCNY.B,D,20231103,000000,2.447,2.447,2.408,2.415,0,0
3YCNY.B,D,20231106,000000,2.44,2.44,2.41,2.425,0,0
3YCNY.B,D,20231107,000000,2.456,2.456,2.417,2.434,0,0
3YCNY.B,D,20231108,000000,2.481,2.481,2.431,2.447,0,0
3YCNY.B,D,20231109,000000,2.489,2.489,2.434,2.444,0,0
3YCNY.B,D,20231110,000000,2.475,2.475,2.441,2.446,0,0
3YCNY.B,D,20231113,000000,2.503,2.503,2.419,2.43,0,0
3YCNY.B,D,20231114,000000,2.44,2.44,2.416,2.427,0,0
3YCNY.B,D,20231115,000000,2.415,2.417,2.398,2.399,0,0
3YCNY.B,D,20231116,000000,2.402,2.404,2.378,2.382,0,0
3YCNY.B,D,20231117,000000,2.409,2.409,2.391,2.397,0,0
3YCNY.B,D,20231120,000000,2.445,2.445,2.396,2.407,0,0
3YCNY.B,D,20231121,000000,2.442,2.442,2.411,2.429,0,0
3YCNY.B,D,20231122,000000,2.47,2.47,2.428,2.449,0,0
3YCNY.B,D,20231123,000000,2.475,2.495,2.46,2.484,0,0
3YCNY.B,D,20231124,000000,2.5,2.501,2.47,2.501,0,0
3YCNY.B,D,20231127,000000,2.53,2.53,2.481,2.52,0,0
3YCNY.B,D,20231128,000000,2.6,2.6,2.49,2.498,0,0
3YCNY.B,D,20231129,000000,2.57,2.57,2.484,2.496,0,0
3YCNY.B,D,20231130,000000,2.52,2.52,2.471,2.478,0,0
3YCNY.B,D,20231201,000000,2.52,2.52,2.466,2.48,0,0
3YCNY.B,D,20231204,000000,2.56,2.56,2.467,2.495,0,0
3YCNY.B,D,20231205,000000,2.54,2.54,2.488,2.493,0,0
3YCNY.B,D,20231206,000000,2.538,2.538,2.494,2.51,0,0
3YCNY.B,D,20231207,000000,2.535,2.535,2.497,2.507,0,0
3YCNY.B,D,20231208,000000,2.52,2.52,2.481,2.493,0,0
3YCNY.B,D,20231211,000000,2.51,2.51,2.46,2.48,0,0
3YCNY.B,D,20231212,000000,2.504,2.504,2.465,2.475,0,0
3YCNY.B,D,20231213,000000,2.5,2.5,2.426,2.448,0,0
3YCNY.B,D,20231214,000000,2.478,2.478,2.436,2.439,0,0
3YCNY.B,D,20231215,000000,2.456,2.456,2.394,2.401,0,0
3YCNY.B,D,20231218,000000,2.44,2.44,2.381,2.404,0,0
3YCNY.B,D,20231219,000000,2.411,2.425,2.4,2.42,0,0
3YCNY.B,D,20231220,000000,2.445,2.445,2.419,2.431,0,0
3YCNY.B,D,20231221,000000,2.52,2.52,2.403,2.413,0,0
3YCNY.B,D,20231222,000000,2.44,2.44,2.375,2.391,0,0
3YCNY.B,D,20231225,000000,2.42,2.42,2.353,2.372,0,0
3YCNY.B,D,20231226,000000,2.389,2.389,2.299,2.338,0,0
3YCNY.B,D,20231227,000000,2.357,2.357,2.28,2.288,0,0
3YCNY.B,D,20231228,000000,2.3,2.301,2.234,2.289,0,0
3YCNY.B,D,20231229,000000,2.308,2.333,2.291,2.294,0,0
3YCNY.B,D,20240102,000000,2.298,2.335,2.28,2.335,0,0
3YCNY.B,D,20240103,000000,2.351,2.355,2.336,2.339,0,0
3YCNY.B,D,20240104,000000,2.345,2.345,2.315,2.326,0,0
3YCNY.B,D,20240105,000000,2.316,2.319,2.286,2.311,0,0
3YCNY.B,D,20240108,000000,2.303,2.313,2.293,2.313,0,0
3YCNY.B,D,20240109,000000,2.293,2.305,2.293,2.303,0,0
3YCNY.B,D,20240110,000000,2.3,2.318,2.3,2.313,0,0
3YCNY.B,D,20240111,000000,2.313,2.313,2.295,2.303,0,0
3YCNY.B,D,20240112,000000,2.302,2.314,2.302,2.313,0,0
3YCNY.B,D,20240115,000000,2.303,2.303,2.288,2.295,0,0
3YCNY.B,D,20240116,000000,2.305,2.315,2.304,2.315,0,0
3YCNY.B,D,20240117,000000,2.309,2.309,2.3,2.308,0,0
3YCNY.B,D,20240118,000000,2.296,2.306,2.294,2.305,0,0
3YCNY.B,D,20240119,000000,2.291,2.294,2.279,2.281,0,0
3YCNY.B,D,20240122,000000,2.286,2.291,2.274,2.276,0,0
3YCNY.B,D,20240123,000000,2.291,2.3,2.281,2.3,0,0
3YCNY.B,D,20240124,000000,2.301,2.303,2.263,2.265,0,0
3YCNY.B,D,20240125,000000,2.234,2.236,2.221,2.235,0,0
3YCNY.B,D,20240126,000000,2.226,2.245,2.224,2.24,0,0
3YCNY.B,D,20240129,000000,2.234,2.234,2.226,2.226,0,0
3YCNY.B,D,20240130,000000,2.161,2.173,2.156,2.165,0,0
3YCNY.B,D,20240131,000000,2.156,2.2,2.156,2.188,0,0
3YCNY.B,D,20240201,000000,2.182,2.205,2.182,2.203,0,0
3YCNY.B,D,20240202,000000,2.213,2.215,2.19,2.19,0,0
3YCNY.B,D,20240205,000000,2.168,2.181,2.168,2.177,0,0
3YCNY.B,D,20240206,000000,2.196,2.25,2.196,2.24,0,0
3YCNY.B,D,20240207,000000,2.243,2.245,2.211,2.218,0,0
3YCNY.B,D,20240208,000000,2.219,2.219,2.203,2.213,0,0
3YCNY.B,D,20240219,000000,2.2,2.2,2.19,2.198,0,0
3YCNY.B,D,20240220,000000,2.199,2.199,2.178,2.183,0,0
3YCNY.B,D,20240221,000000,2.19,2.225,2.168,2.169,0,0
3YCNY.B,D,20240222,000000,2.199,2.199,2.149,2.156,0,0
3YCNY.B,D,20240223,000000,2.158,2.158,2.113,2.135,0,0
3YCNY.B,D,20240226,000000,2.141,2.141,2.114,2.117,0,0
3YCNY.B,D,20240227,000000,2.106,2.138,2.106,2.138,0,0
3YCNY.B,D,20240228,000000,2.134,2.137,2.128,2.134,0,0
3YCNY.B,D,20240229,000000,2.131,2.131,2.096,2.115,0,0
3YCNY.B,D,20240301,000000,2.139,2.158,2.136,2.143,0,0
3YCNY.B,D,20240304,000000,2.137,2.148,2.133,2.145,0,0
3YCNY.B,D,20240305,000000,2.143,2.143,2.125,2.128,0,0
3YCNY.B,D,20240306,000000,2.108,2.108,2.083,2.088,0,0
3YCNY.B,D,20240307,000000,2.059,2.117,2.059,2.106,0,0
3YCNY.B,D,20240308,000000,2.095,2.112,2.094,2.112,0,0
3YCNY.B,D,20240311,000000,2.096,2.133,2.091,2.133,0,0
3YCNY.B,D,20240312,000000,2.145,2.155,2.138,2.155,0,0
3YCNY.B,D,20240313,000000,2.153,2.171,2.151,2.154,0,0
3YCNY.B,D,20240314,000000,2.157,2.159,2.153,2.154,0,0
3YCNY.B,D,20240315,000000,2.151,2.151,2.13,2.13,0,0
3YCNY.B,D,20240318,000000,2.117,2.117,2.075,2.078,0,0
3YCNY.B,D,20240319,000000,2.083,2.088,2.064,2.069,0,0
3YCNY.B,D,20240320,000000,2.072,2.076,2.07,2.071,0,0
3YCNY.B,D,20240321,000000,2.073,2.073,2.057,2.058,0,0
3YCNY.B,D,20240322,000000,2.056,2.062,2.048,2.059,0,0
3YCNY.B,D,20240325,000000,2.07,2.075,2.065,2.07,0,0
3YCNY.B,D,20240326,000000,2.074,2.074,2.049,2.053,0,0
3YCNY.B,D,20240327,000000,2.084,2.084,2.065,2.069,0,0
3YCNY.B,D,20240328,000000,2.079,2.079,2.055,2.061,0,0
3YCNY.B,D,20240329,000000,2.051,2.051,2.022,2.027,0,0
3YCNY.B,D,20240401,000000,2.04,2.055,1.986,2.043,0,0
3YCNY.B,D,20240402,000000,2.037,2.05,2.037,2.042,0,0
3YCNY.B,D,20240403,000000,2.044,2.046,1.991,1.992,0,0
3YCNY.B,D,20240408,000000,2.02,2.02,1.975,1.976,0,0
3YCNY.B,D,20240409,000000,1.981,2.008,1.977,2.007,0,0
3YCNY.B,D,20240410,000000,2.014,2.014,2.001,2.003,0,0
3YCNY.B,D,20240411,000000,1.997,2.002,1.995,2.002,0,0
3YCNY.B,D,20240412,000000,1.986,1.987,1.956,1.957,0,0
3YCNY.B,D,20240415,000000,1.965,1.979,1.946,1.959,0,0
3YCNY.B,D,20240416,000000,1.96,2.019,1.95,1.952,0,0
3YCNY.B,D,20240417,000000,1.947,2.003,1.944,1.999,0,0
3YCNY.B,D,20240418,000000,1.997,1.997,1.969,1.972,0,0
3YCNY.B,D,20240419,000000,1.958,1.977,1.946,1.974,0,0
3YCNY.B,D,20240422,000000,1.965,1.965,1.957,1.964,0,0
3YCNY.B,D,20240423,000000,1.956,1.956,1.88,1.883,0,0
3YCNY.B,D,20240424,000000,1.89,1.9,1.887,1.898,0,0
3YCNY.B,D,20240425,000000,1.881,1.946,1.88,1.929,0,0
3YCNY.B,D,20240426,000000,1.932,1.978,1.866,1.889,0,0
3YCNY.B,D,20240429,000000,2,2.018,2,2.005,0,0
3YCNY.B,D,20240430,000000,2.008,2.022,1.969,1.974,0,0
3YCNY.B,D,20240506,000000,1.978,1.981,1.964,1.964,0,0
3YCNY.B,D,20240507,000000,1.961,1.973,1.958,1.97,0,0
3YCNY.B,D,20240508,000000,1.976,1.977,1.952,1.952,0,0
3YCNY.B,D,20240509,000000,1.957,1.985,1.954,1.967,0,0
3YCNY.B,D,20240510,000000,1.964,1.98,1.962,1.972,0,0
3YCNY.B,D,20240513,000000,1.961,1.969,1.753,1.753,0,0
3YCNY.B,D,20240514,000000,1.748,1.94,1.746,1.937,0,0
3YCNY.B,D,20240515,000000,1.935,1.938,1.917,1.918,0,0
3YCNY.B,D,20240516,000000,1.919,1.948,1.919,1.942,0,0
3YCNY.B,D,20240517,000000,1.963,1.966,1.933,1.94,0,0
3YCNY.B,D,20240520,000000,1.927,1.943,1.927,1.943,0,0
3YCNY.B,D,20240521,000000,1.952,1.959,1.949,1.949,0,0
3YCNY.B,D,20240522,000000,1.952,1.952,1.94,1.941,0,0
3YCNY.B,D,20240523,000000,1.928,1.934,1.926,1.934,0,0
3YCNY.B,D,20240524,000000,1.929,1.95,1.929,1.945,0,0
3YCNY.B,D,20240527,000000,1.952,1.962,1.949,1.951,0,0
3YCNY.B,D,20240528,000000,1.953,1.954,1.94,1.944,0,0
3YCNY.B,D,20240529,000000,1.935,1.935,1.922,1.929,0,0
3YCNY.B,D,20240530,000000,1.93,1.931,1.922,1.926,0,0
3YCNY.B,D,20240531,000000,1.928,1.928,1.921,1.925,0,0
3YCNY.B,D,20240603,000000,1.92,1.923,1.912,1.913,0,0
3YCNY.B,D,20240604,000000,1.91,1.913,1.908,1.911,0,0
3YCNY.B,D,20240605,000000,1.909,1.909,1.894,1.895,0,0
3YCNY.B,D,20240606,000000,1.891,1.894,1.885,1.886,0,0
3YCNY.B,D,20240607,000000,1.88,1.881,1.874,1.876,0,0
3YCNY.B,D,20240611,000000,1.873,1.884,1.869,1.882,0,0
3YCNY.B,D,20240612,000000,1.885,1.893,1.88,1.886,0,0
3YCNY.B,D,20240613,000000,1.889,1.9,1.886,1.898,0,0
3YCNY.B,D,20240614,000000,1.899,1.902,1.894,1.895,0,0
3YCNY.B,D,20240617,000000,1.89,1.9,1.839,1.839,0,0
3YCNY.B,D,20240618,000000,1.851,1.893,1.85,1.893,0,0
3YCNY.B,D,20240619,000000,1.891,1.893,1.879,1.879,0,0
3YCNY.B,D,20240620,000000,1.868,1.87,1.861,1.864,0,0
3YCNY.B,D,20240621,000000,1.872,1.874,1.868,1.872,0,0
3YCNY.B,D,20240624,000000,1.881,1.883,1.865,1.865,0,0
3YCNY.B,D,20240625,000000,1.782,1.783,1.772,1.773,0,0
3YCNY.B,D,20240626,000000,1.833,1.837,1.815,1.815,0,0
3YCNY.B,D,20240627,000000,1.819,1.819,1.788,1.788,0,0
3YCNY.B,D,20240628,000000,1.786,1.792,1.771,1.778,0,0
3YCNY.B,D,20240701,000000,1.778,1.817,1.765,1.808,0,0
3YCNY.B,D,20240702,000000,1.804,1.806,1.772,1.773,0,0
3YCNY.B,D,20240703,000000,1.776,1.776,1.768,1.768,0,0
3YCNY.B,D,20240704,000000,1.768,1.776,1.72,1.765,0,0
3YCNY.B,D,20240705,000000,1.765,1.796,1.765,1.794,0,0
3YCNY.B,D,20240708,000000,1.838,1.854,1.837,1.84,0,0
3YCNY.B,D,20240709,000000,1.822,1.825,1.808,1.811,0,0
3YCNY.B,D,20240710,000000,1.817,1.82,1.81,1.813,0,0
3YCNY.B,D,20240711,000000,1.819,1.819,1.796,1.803,0,0
3YCNY.B,D,20240712,000000,1.79,1.792,1.784,1.791,0,0
3YCNY.B,D,20240715,000000,1.792,1.794,1.783,1.788,0,0
3YCNY.B,D,20240716,000000,1.785,1.791,1.784,1.79,0,0
3YCNY.B,D,20240717,000000,1.789,1.79,1.788,1.789,0,0
3YCNY.B,D,20240718,000000,1.791,1.792,1.786,1.788,0,0
3YCNY.B,D,20240719,000000,1.764,1.765,1.755,1.756,0,0
3YCNY.B,D,20240722,000000,1.746,1.75,1.733,1.735,0,0
3YCNY.B,D,20240723,000000,1.726,1.727,1.712,1.722,0,0
3YCNY.B,D,20240724,000000,1.723,1.723,1.704,1.707,0,0
3YCNY.B,D,20240725,000000,1.7,1.705,1.692,1.705,0,0
3YCNY.B,D,20240726,000000,1.706,1.712,1.702,1.708,0,0
3YCNY.B,D,20240729,000000,1.708,1.709,1.704,1.706,0,0
3YCNY.B,D,20240730,000000,1.702,1.704,1.686,1.688,0,0
3YCNY.B,D,20240731,000000,1.668,1.676,1.665,1.673,0,0
3YCNY.B,D,20240801,000000,1.675,1.675,1.652,1.653,0,0
3YCNY.B,D,20240802,000000,1.651,1.659,1.641,1.648,0,0
3YCNY.B,D,20240805,000000,1.637,1.648,1.627,1.631,0,0
3YCNY.B,D,20240806,000000,1.633,1.653,1.628,1.629,0,0
3YCNY.B,D,20240807,000000,1.629,1.648,1.623,1.647,0,0
3YCNY.B,D,20240808,000000,1.651,1.657,1.65,1.656,0,0
3YCNY.B,D,20240809,000000,1.673,1.695,1.673,1.692,0,0
3YCNY.B,D,20240812,000000,1.733,1.783,1.719,1.721,0,0
3YCNY.B,D,20240813,000000,1.722,1.722,1.706,1.715,0,0
3YCNY.B,D,20240814,000000,1.707,1.74,1.704,1.739,0,0
3YCNY.B,D,20240815,000000,1.745,1.757,1.736,1.755,0,0
3YCNY.B,D,20240816,000000,1.746,1.765,1.744,1.764,0,0
3YCNY.B,D,20240819,000000,1.768,1.768,1.735,1.737,0,0
3YCNY.B,D,20240820,000000,1.739,1.758,1.723,1.73,0,0
3YCNY.B,D,20240821,000000,1.729,1.767,1.725,1.752,0,0
3YCNY.B,D,20240822,000000,1.747,1.752,1.727,1.728,0,0
3YCNY.B,D,20240823,000000,1.715,1.723,1.655,1.676,0,0
3YCNY.B,D,20240826,000000,1.673,1.678,1.653,1.673,0,0
3YCNY.B,D,20240827,000000,1.693,1.701,1.681,1.682,0,0
3YCNY.B,D,20240828,000000,1.679,1.686,1.673,1.683,0,0
3YCNY.B,D,20240829,000000,1.679,1.681,1.677,1.681,0,0
3YCNY.B,D,20240830,000000,1.68,1.68,1.663,1.663,0,0
3YCNY.B,D,20240902,000000,1.648,1.648,1.614,1.614,0,0
3YCNY.B,D,20240903,000000,1.656,1.656,1.643,1.644,0,0
3YCNY.B,D,20240904,000000,1.587,1.595,1.586,1.595,0,0
3YCNY.B,D,20240905,000000,1.528,1.53,1.524,1.53,0,0
3YCNY.B,D,20240906,000000,1.552,1.552,1.55,1.55,0,0
3YCNY.B,D,20240909,000000,1.539,1.549,1.529,1.531,0,0
3YCNY.B,D,20240910,000000,1.526,1.527,1.491,1.491,0,0
3YCNY.B,D,20240911,000000,1.488,1.488,1.471,1.472,0,0
3YCNY.B,D,20240912,000000,1.437,1.442,1.437,1.441,0,0
3YCNY.B,D,20240913,000000,1.45,1.453,1.449,1.452,0,0
3YCNY.B,D,20240918,000000,1.455,1.463,1.455,1.463,0,0
3YCNY.B,D,20240919,000000,1.47,1.504,1.468,1.504,0,0
3YCNY.B,D,20240920,000000,1.502,1.503,1.487,1.487,0,0
3YCNY.B,D,20240923,000000,1.476,1.49,1.474,1.486,0,0
3YCNY.B,D,20240924,000000,1.478,1.493,1.478,1.493,0,0
3YCNY.B,D,20240925,000000,1.49,1.509,1.489,1.495,0,0
3YCNY.B,D,20240926,000000,1.486,1.518,1.486,1.515,0,0
3YCNY.B,D,20240927,000000,1.499,1.518,1.499,1.518,0,0
3YCNY.B,D,20240930,000000,1.63,1.639,1.575,1.575,0,0
3YCNY.B,D,20241008,000000,1.551,1.588,1.511,1.588,0,0
3YCNY.B,D,20241009,000000,1.589,1.63,1.589,1.63,0,0
3YCNY.B,D,20241010,000000,1.63,1.63,1.63,1.63,0,0
3YCNY.B,D,20241011,000000,1.608,1.632,1.608,1.623,0,0
3YCNY.B,D,20241014,000000,1.625,1.638,1.625,1.632,0,0
3YCNY.B,D,20241015,000000,1.648,1.648,1.648,1.648,0,0
3YCNY.B,D,20241016,000000,1.632,1.642,1.632,1.636,0,0
3YCNY.B,D,20241017,000000,1.631,1.633,1.616,1.616,0,0
3YCNY.B,D,20241018,000000,1.568,1.615,1.564,1.61,0,0
3YCNY.B,D,20241021,000000,1.6,1.613,1.6,1.613,0,0
3YCNY.B,D,20241022,000000,1.613,1.613,1.613,1.613,0,0
3YCNY.B,D,20241023,000000,1.665,1.665,1.665,1.665,0,0
3YCNY.B,D,20241024,000000,1.65,1.663,1.648,1.655,0,0
3YCNY.B,D,20241025,000000,1.659,1.66,1.633,1.633,0,0
3YCNY.B,D,20241028,000000,1.63,1.63,1.623,1.624,0,0
3YCNY.B,D,20241029,000000,1.61,1.613,1.593,1.593,0,0
3YCNY.B,D,20241030,000000,1.59,1.62,1.573,1.62,0,0
3YCNY.B,D,20241031,000000,1.59,1.59,1.568,1.568,0,0
3YCNY.B,D,20241101,000000,1.555,1.555,1.525,1.535,0,0
3YCNY.B,D,20241104,000000,1.534,1.535,1.527,1.53,0,0
3YCNY.B,D,20241105,000000,1.537,1.538,1.515,1.515,0,0
3YCNY.B,D,20241106,000000,1.513,1.514,1.5,1.505,0,0
3YCNY.B,D,20241107,000000,1.493,1.493,1.476,1.477,0,0
3YCNY.B,D,20241108,000000,1.475,1.485,1.473,1.476,0,0
3YCNY.B,D,20241111,000000,1.485,1.488,1.48,1.483,0,0
3YCNY.B,D,20241112,000000,1.488,1.492,1.48,1.481,0,0
3YCNY.B,D,20241113,000000,1.483,1.483,1.474,1.48,0,0
3YCNY.B,D,20241114,000000,1.476,1.476,1.465,1.466,0,0
3YCNY.B,D,20241115,000000,1.464,1.464,1.447,1.45,0,0
3YCNY.B,D,20241118,000000,1.463,1.464,1.452,1.455,0,0
3YCNY.B,D,20241119,000000,1.462,1.467,1.445,1.449,0,0
3YCNY.B,D,20241120,000000,1.436,1.452,1.436,1.451,0,0
3YCNY.B,D,20241121,000000,1.445,1.449,1.437,1.446,0,0
3YCNY.B,D,20241122,000000,1.443,1.453,1.443,1.449,0,0
3YCNY.B,D,20241125,000000,1.445,1.449,1.439,1.447,0,0
3YCNY.B,D,20241126,000000,1.453,1.464,1.452,1.457,0,0
3YCNY.B,D,20241127,000000,1.45,1.465,1.45,1.464,0,0
3YCNY.B,D,20241128,000000,1.459,1.46,1.449,1.45,0,0
3YCNY.B,D,20241129,000000,1.435,1.439,1.422,1.424,0,0
3YCNY.B,D,20241202,000000,1.395,1.4,1.38,1.384,0,0
3YCNY.B,D,20241203,000000,1.375,1.392,1.375,1.386,0,0
3YCNY.B,D,20241204,000000,1.393,1.398,1.374,1.378,0,0
3YCNY.B,D,20241205,000000,1.391,1.394,1.373,1.376,0,0
3YCNY.B,D,20241206,000000,1.391,1.395,1.378,1.395,0,0
3YCNY.B,D,20241209,000000,1.389,1.395,1.389,1.392,0,0
3YCNY.B,D,20241210,000000,1.374,1.379,1.345,1.345,0,0
3YCNY.B,D,20241211,000000,1.36,1.366,1.326,1.326,0,0
3YCNY.B,D,20241212,000000,1.321,1.338,1.299,1.299,0,0
3YCNY.B,D,20241213,000000,1.257,1.267,1.25,1.258,0,0
3YCNY.B,D,20241216,000000,1.234,1.234,1.184,1.204,0,0
3YCNY.B,D,20241217,000000,1.224,1.239,1.208,1.211,0,0
3YCNY.B,D,20241218,000000,1.193,1.21,1.192,1.195,0,0
3YCNY.B,D,20241219,000000,1.182,1.187,1.163,1.174,0,0
3YCNY.B,D,20241220,000000,1.138,1.141,1.116,1.122,0,0
3YCNY.B,D,20241223,000000,1.105,1.107,1.083,1.092,0,0
3YCNY.B,D,20241224,000000,1.087,1.091,1.083,1.091,0,0
3YCNY.B,D,20241225,000000,1.089,1.105,1.089,1.1,0,0
3YCNY.B,D,20241226,000000,1.114,1.155,1.114,1.147,0,0
3YCNY.B,D,20241227,000000,1.15,1.151,1.132,1.132,0,0
3YCNY.B,D,20241230,000000,1.143,1.184,1.128,1.184,0,0
3YCNY.B,D,20241231,000000,1.188,1.188,1.176,1.182,0,0
3YCNY.B,D,20250102,000000,1.153,1.182,1.153,1.182,0,0
3YCNY.B,D,20250103,000000,1.164,1.172,1.128,1.128,0,0
3YCNY.B,D,20250106,000000,1.098,1.116,1.097,1.111,0,0
3YCNY.B,D,20250107,000000,1.107,1.144,1.107,1.144,0,0
3YCNY.B,D,20250108,000000,1.152,1.165,1.145,1.165,0,0
3YCNY.B,D,20250109,000000,1.182,1.223,1.182,1.22,0,0
3YCNY.B,D,20250110,000000,1.271,1.271,1.244,1.244,0,0
3YCNY.B,D,20250113,000000,1.249,1.289,1.241,1.289,0,0
3YCNY.B,D,20250114,000000,1.279,1.305,1.27,1.297,0,0
3YCNY.B,D,20250115,000000,1.273,1.278,1.27,1.274,0,0
3YCNY.B,D,20250116,000000,1.29,1.29,1.261,1.277,0,0
3YCNY.B,D,20250117,000000,1.29,1.29,1.279,1.279,0,0
3YCNY.B,D,20250120,000000,1.282,1.283,1.271,1.283,0,0
3YCNY.B,D,20250121,000000,1.296,1.296,1.275,1.275,0,0
3YCNY.B,D,20250122,000000,1.265,1.273,1.262,1.271,0,0
3YCNY.B,D,20250123,000000,1.27,1.299,1.27,1.293,0,0
3YCNY.B,D,20250124,000000,1.297,1.341,1.297,1.336,0,0
3YCNY.B,D,20250127,000000,1.312,1.312,1.284,1.285,0,0
3YCNY.B,D,20250205,000000,1.305,1.317,1.3,1.3,0,0
3YCNY.B,D,20250206,000000,1.295,1.297,1.274,1.277,0,0
3YCNY.B,D,20250207,000000,1.268,1.278,1.26,1.276,0,0
3YCNY.B,D,20250210,000000,1.276,1.285,1.276,1.285,0,0
3YCNY.B,D,20250211,000000,1.309,1.317,1.3,1.303,0,0
3YCNY.B,D,20250212,000000,1.299,1.305,1.285,1.305,0,0
3YCNY.B,D,20250213,000000,1.295,1.31,1.295,1.303,0,0
3YCNY.B,D,20250214,000000,1.321,1.355,1.321,1.348,0,0
3YCNY.B,D,20250217,000000,1.378,1.39,1.377,1.389,0,0
3YCNY.B,D,20250218,000000,1.394,1.429,1.394,1.406,0,0
3YCNY.B,D,20250219,000000,1.409,1.41,1.405,1.405,0,0
3YCNY.B,D,20250220,000000,1.406,1.436,1.381,1.382,0,0
3YCNY.B,D,20250221,000000,1.443,1.47,1.392,1.392,0,0
3YCNY.B,D,20250224,000000,1.458,1.499,1.441,1.499,0,0
3YCNY.B,D,20250225,000000,1.478,1.478,1.462,1.466,0,0
3YCNY.B,D,20250226,000000,1.495,1.505,1.47,1.485,0,0
3YCNY.B,D,20250227,000000,1.48,1.51,1.48,1.51,0,0
3YCNY.B,D,20250228,000000,1.498,1.505,1.496,1.501,0,0
3YCNY.B,D,20250303,000000,1.48,1.486,1.469,1.47,0,0
3YCNY.B,D,20250304,000000,1.443,1.471,1.443,1.471,0,0
3YCNY.B,D,20250305,000000,1.456,1.48,1.456,1.48,0,0
3YCNY.B,D,20250306,000000,1.473,1.5,1.473,1.497,0,0
3YCNY.B,D,20250307,000000,1.521,1.555,1.519,1.555,0,0
3YCNY.B,D,20250310,000000,1.581,1.584,1.558,1.561,0,0
3YCNY.B,D,20250311,000000,1.624,1.643,1.606,1.611,0,0
3YCNY.B,D,20250312,000000,1.653,1.658,1.635,1.635,0,0
3YCNY.B,D,20250313,000000,1.637,1.637,1.598,1.598,0,0
3YCNY.B,D,20250314,000000,1.623,1.648,1.601,1.609,0,0
3YCNY.B,D,20250317,000000,1.635,1.65,1.633,1.648,0,0
3YCNY.B,D,20250318,000000,1.65,1.659,1.622,1.641,0,0
3YCNY.B,D,20250319,000000,1.629,1.64,1.628,1.632,0,0
3YCNY.B,D,20250320,000000,1.613,1.615,1.589,1.589,0,0
3YCNY.B,D,20250321,000000,1.582,1.59,1.579,1.59,0,0
3YCNY.B,D,20250324,000000,1.592,1.607,1.57,1.574,0,0
3YCNY.B,D,20250325,000000,1.552,1.568,1.552,1.557,0,0
3YCNY.B,D,20250326,000000,1.564,1.572,1.543,1.543,0,0
3YCNY.B,D,20250327,000000,1.529,1.533,1.507,1.507,0,0
3YCNY.B,D,20250328,000000,1.521,1.521,1.508,1.513,0,0
3YCNY.B,D,20250331,000000,1.515,1.523,1.498,1.521,0,0
3YCNY.B,D,20250401,000000,1.511,1.557,1.503,1.531,0,0
3YCNY.B,D,20250402,000000,1.551,1.551,1.525,1.526,0,0
3YCNY.B,D,20250403,000000,1.486,1.493,1.474,1.477,0,0
3YCNY.B,D,20250407,000000,1.453,1.483,1.453,1.471,0,0
3YCNY.B,D,20250408,000000,1.49,1.502,1.483,1.502,0,0
3YCNY.B,D,20250409,000000,1.481,1.487,1.452,1.458,0,0
3YCNY.B,D,20250410,000000,1.47,1.473,1.44,1.44,0,0
3YCNY.B,D,20250411,000000,1.405,1.437,1.405,1.429,0,0
3YCNY.B,D,20250414,000000,1.44,1.459,1.435,1.454,0,0
3YCNY.B,D,20250415,000000,1.452,1.46,1.451,1.456,0,0
3YCNY.B,D,20250416,000000,1.454,1.465,1.452,1.455,0,0
3YCNY.B,D,20250417,000000,1.454,1.464,1.454,1.462,0,0
3YCNY.B,D,20250418,000000,1.473,1.48,1.471,1.477,0,0
3YCNY.B,D,20250421,000000,1.477,1.488,1.477,1.484,0,0
3YCNY.B,D,20250422,000000,1.486,1.489,1.48,1.485,0,0
3YCNY.B,D,20250423,000000,1.49,1.5,1.49,1.494,0,0
3YCNY.B,D,20250424,000000,1.495,1.517,1.493,1.515,0,0
3YCNY.B,D,20250425,000000,1.513,1.518,1.509,1.511,0,0
3YCNY.B,D,20250428,000000,1.515,1.517,1.513,1.515,0,0
3YCNY.B,D,20250429,000000,1.51,1.51,1.505,1.506,0,0
3YCNY.B,D,20250430,000000,1.493,1.497,1.484,1.486,0,0
3YCNY.B,D,20250506,000000,1.488,1.489,1.478,1.489,0,0
3YCNY.B,D,20250507,000000,1.472,1.487,1.468,1.483,0,0
3YCNY.B,D,20250508,000000,1.457,1.458,1.437,1.446,0,0
3YCNY.B,D,20250509,000000,1.432,1.457,1.428,1.453,0,0
3YCNY.B,D,20250512,000000,1.459,1.461,1.429,1.438,0,0
3YCNY.B,D,20250513,000000,1.448,1.45,1.443,1.448,0,0
3YCNY.B,D,20250514,000000,1.449,1.469,1.447,1.467,0,0
3YCNY.B,D,20250515,000000,1.461,1.474,1.461,1.472,0,0
3YCNY.B,D,20250516,000000,1.508,1.518,1.507,1.507,0,0
3YCNY.B,D,20250519,000000,1.507,1.507,1.499,1.504,0,0
3YCNY.B,D,20250520,000000,1.49,1.502,1.484,1.498,0,0
3YCNY.B,D,20250521,000000,1.494,1.499,1.492,1.495,0,0
3YCNY.B,D,20250522,000000,1.486,1.493,1.482,1.49,0,0
3YCNY.B,D,20250523,000000,1.503,1.515,1.492,1.493,0,0
3YCNY.B,D,20250526,000000,1.503,1.503,1.494,1.496,0,0
3YCNY.B,D,20250527,000000,1.49,1.493,1.489,1.493,0,0
3YCNY.B,D,20250528,000000,1.504,1.509,1.499,1.501,0,0
3YCNY.B,D,20250529,000000,1.51,1.548,1.51,1.521,0,0
3YCNY.B,D,20250530,000000,1.516,1.516,1.502,1.502,0,0
3YCNY.B,D,20250603,000000,1.495,1.5,1.487,1.495,0,0
3YCNY.B,D,20250604,000000,1.488,1.489,1.474,1.474,0,0
3YCNY.B,D,20250605,000000,1.476,1.476,1.453,1.459,0,0
3YCNY.B,D,20250606,000000,1.44,1.45,1.434,1.45,0,0
3YCNY.B,D,20250609,000000,1.46,1.466,1.459,1.464,0,0
3YCNY.B,D,20250610,000000,1.45,1.465,1.448,1.454,0,0
3YCNY.B,D,20250611,000000,1.451,1.459,1.445,1.445,0,0
3YCNY.B,D,20250612,000000,1.443,1.455,1.443,1.449,0,0
3YCNY.B,D,20250613,000000,1.448,1.448,1.439,1.439,0,0
3YCNY.B,D,20250616,000000,1.425,1.444,1.418,1.443,0,0
3YCNY.B,D,20250617,000000,1.415,1.416,1.399,1.403,0,0
3YCNY.B,D,20250618,000000,1.398,1.399,1.391,1.393,0,0
3YCNY.B,D,20250619,000000,1.392,1.406,1.392,1.398,0,0
3YCNY.B,D,20250620,000000,1.405,1.41,1.4,1.401,0,0
3YCNY.B,D,20250623,000000,1.403,1.416,1.4,1.403,0,0
3YCNY.B,D,20250624,000000,1.416,1.423,1.41,1.415,0,0
3YCNY.B,D,20250625,000000,1.424,1.424,1.413,1.416,0,0
3YCNY.B,D,20250626,000000,1.413,1.418,1.411,1.413,0,0
3YCNY.B,D,20250627,000000,1.409,1.418,1.391,1.404,0,0
3YCNY.B,D,20250630,000000,1.393,1.413,1.391,1.398,0,0
3YCNY.B,D,20250701,000000,1.404,1.404,1.396,1.399,0,0
3YCNY.B,D,20250702,000000,1.401,1.403,1.394,1.395,0,0
3YCNY.B,D,20250703,000000,1.39,1.401,1.383,1.385,0,0
3YCNY.B,D,20250704,000000,1.38,1.395,1.378,1.393,0,0
3YCNY.B,D,20250707,000000,1.376,1.389,1.376,1.383,0,0
3YCNY.B,D,20250708,000000,1.388,1.403,1.388,1.393,0,0
3YCNY.B,D,20250709,000000,1.389,1.41,1.388,1.398,0,0
3YCNY.B,D,20250710,000000,1.401,1.415,1.4,1.412,0,0
3YCNY.B,D,20250711,000000,1.415,1.426,1.413,1.416,0,0
3YCNY.B,D,20250714,000000,1.424,1.445,1.422,1.431,0,0
3YCNY.B,D,20250715,000000,1.423,1.425,1.414,1.415,0,0
3YCNY.B,D,20250716,000000,1.411,1.423,1.408,1.414,0,0
3YCNY.B,D,20250717,000000,1.414,1.415,1.41,1.415,0,0
3YCNY.B,D,20250718,000000,1.418,1.42,1.413,1.416,0,0
3YCNY.B,D,20250721,000000,1.42,1.426,1.42,1.421,0,0
3YCNY.B,D,20250722,000000,1.417,1.426,1.415,1.423,0,0
3YCNY.B,D,20250723,000000,1.438,1.46,1.435,1.443,0,0
3YCNY.B,D,20250724,000000,1.46,1.483,1.458,1.473,0,0
3YCNY.B,D,20250725,000000,1.478,1.485,1.468,1.481,0,0
3YCNY.B,D,20250728,000000,1.448,1.471,1.448,1.47,0,0
3YCNY.B,D,20250729,000000,1.46,1.468,1.456,1.467,0,0
3YCNY.B,D,20250730,000000,1.47,1.472,1.466,1.469,0,0
3YCNY.B,D,20250731,000000,1.452,1.478,1.451,1.47,0,0
3YCNY.B,D,20250801,000000,1.453,1.453,1.445,1.445,0,0
3YCNY.B,D,20250804,000000,1.444,1.456,1.428,1.455,0,0
3YCNY.B,D,20250805,000000,1.449,1.453,1.44,1.44,0,0
3YCNY.B,D,20250806,000000,1.445,1.449,1.428,1.448,0,0
3YCNY.B,D,20250807,000000,1.433,1.435,1.421,1.423,0,0
3YCNY.B,D,20250808,000000,1.424,1.437,1.419,1.432,0,0
3YCNY.B,D,20250811,000000,1.424,1.438,1.424,1.435,0,0
3YCNY.B,D,20250812,000000,1.431,1.445,1.428,1.439,0,0
3YCNY.B,D,20250813,000000,1.425,1.428,1.413,1.414,0,0
3YCNY.B,D,20250814,000000,1.415,1.421,1.415,1.418,0,0
3YCNY.B,D,20250815,000000,1.425,1.425,1.408,1.423,0,0
3YCNY.B,D,20250818,000000,1.418,1.445,1.418,1.436,0,0
3YCNY.B,D,20250819,000000,1.446,1.45,1.444,1.446,0,0
3YCNY.B,D,20250820,000000,1.44,1.448,1.43,1.441,0,0
3YCNY.B,D,20250821,000000,1.455,1.458,1.44,1.44,0,0
3YCNY.B,D,20250822,000000,1.444,1.457,1.431,1.448,0,0
3YCNY.B,D,20250825,000000,1.453,1.453,1.446,1.446,0,0
3YCNY.B,D,20250826,000000,1.435,1.445,1.429,1.431,0,0
3YCNY.B,D,20250827,000000,1.437,1.444,1.423,1.444,0,0
3YCNY.B,D,20250828,000000,1.435,1.435,1.425,1.429,0,0
3YCNY.B,D,20250829,000000,1.433,1.434,1.42,1.42,0,0
3YCNY.B,D,20250901,000000,1.414,1.425,1.41,1.41,0,0
3YCNY.B,D,20250902,000000,1.415,1.425,1.413,1.416,0,0
3YCNY.B,D,20250903,000000,1.418,1.42,1.414,1.42,0,0
3YCNY.B,D,20250904,000000,1.41,1.415,1.408,1.415,0,0
3YCNY.B,D,20250905,000000,1.42,1.431,1.416,1.43,0,0
3YCNY.B,D,20250908,000000,1.438,1.445,1.428,1.429,0,0
3YCNY.B,D,20250909,000000,1.426,1.438,1.425,1.428,0,0
3YCNY.B,D,20250910,000000,1.436,1.45,1.43,1.435,0,0
3YCNY.B,D,20250911,000000,1.431,1.455,1.42,1.426,0,0
3YCNY.B,D,20250912,000000,1.435,1.438,1.425,1.428,0,0
3YCNY.B,D,20250915,000000,1.518,1.52,1.505,1.515,0,0
3YCNY.B,D,20250916,000000,1.519,1.535,1.507,1.508,0,0
3YCNY.B,D,20250917,000000,1.51,1.52,1.502,1.503,0,0
3YCNY.B,D,20250918,000000,1.509,1.513,1.504,1.513,0,0
3YCNY.B,D,20250919,000000,1.52,1.523,1.503,1.52,0,0
3YCNY.B,D,20250922,000000,1.529,1.538,1.52,1.529,0,0
3YCNY.B,D,20250923,000000,1.533,1.536,1.525,1.533,0,0
3YCNY.B,D,20250924,000000,1.524,1.55,1.524,1.532,0,0
3YCNY.B,D,20250925,000000,1.542,1.565,1.541,1.543,0,0
3YCNY.B,D,20250926,000000,1.55,1.593,1.535,1.555,0,0
3YCNY.B,D,20250929,000000,1.532,1.548,1.527,1.532,0,0
3YCNY.B,D,20250930,000000,1.54,1.545,1.52,1.522,0,0
3YCNY.B,D,20251009,000000,1.55,1.55,1.513,1.513,0,0
3YCNY.B,D,20251010,000000,1.518,1.535,1.517,1.52,0,0
3YCNY.B,D,20251013,000000,1.512,1.528,1.51,1.517,0,0
3YCNY.B,D,20251014,000000,1.538,1.539,1.51,1.511,0,0
3YCNY.B,D,20251015,000000,1.513,1.532,1.513,1.521,0,0
3YCNY.B,D,20251016,000000,1.522,1.54,1.522,1.523,0,0
3YCNY.B,D,20251017,000000,1.519,1.525,1.516,1.518,0,0
3YCNY.B,D,20251020,000000,1.53,1.54,1.524,1.526,0,0
3YCNY.B,D,20251021,000000,1.548,1.548,1.525,1.525,0,0
3YCNY.B,D,20251022,000000,1.537,1.538,1.53,1.531,0,0
3YCNY.B,D,20251023,000000,1.53,1.548,1.53,1.536,0,0
3YCNY.B,D,20251024,000000,1.535,1.538,1.527,1.533,0,0
3YCNY.B,D,20251027,000000,1.535,1.539,1.52,1.536,0,0
3YCNY.B,D,20251028,000000,1.503,1.505,1.478,1.478,0,0
3YCNY.B,D,20251029,000000,1.484,1.484,1.423,1.428,0,0
3YCNY.B,D,20251030,000000,1.411,1.423,1.411,1.416,0,0
3YCNY.B,D,20251031,000000,1.41,1.421,1.405,1.418,0,0
3YCNY.B,D,20251103,000000,1.422,1.438,1.422,1.433,0,0
3YCNY.B,D,20251104,000000,1.437,1.443,1.435,1.438,0,0
3YCNY.B,D,20251105,000000,1.442,1.458,1.44,1.453,0,0
3YCNY.B,D,20251106,000000,1.445,1.455,1.441,1.443,0,0
3YCNY.B,D,20251107,000000,1.448,1.463,1.44,1.44,0,0
3YCNY.B,D,20251110,000000,1.45,1.45,1.439,1.439,0,0
3YCNY.B,D,20251111,000000,1.438,1.45,1.438,1.438,0,0
3YCNY.B,D,20251112,000000,1.443,1.451,1.441,1.441,0,0
3YCNY.B,D,20251113,000000,1.44,1.445,1.436,1.437,0,0
3YCNY.B,D,20251114,000000,1.435,1.441,1.433,1.439,0,0
3YCNY.B,D,20251117,000000,1.435,1.448,1.43,1.448,0,0
3YCNY.B,D,20251118,000000,1.435,1.449,1.434,1.449,0,0
3YCNY.B,D,20251119,000000,1.435,1.446,1.435,1.444,0,0
3YCNY.B,D,20251120,000000,1.435,1.441,1.429,1.436,0,0
3YCNY.B,D,20251121,000000,1.435,1.445,1.431,1.445,0,0
3YCNY.B,D,20251124,000000,1.449,1.449,1.433,1.443,0,0
3YCNY.B,D,20251125,000000,1.435,1.445,1.43,1.431,0,0
3YCNY.B,D,20251126,000000,1.438,1.44,1.432,1.433,0,0
3YCNY.B,D,20251127,000000,1.445,1.446,1.435,1.446,0,0
3YCNY.B,D,20251128,000000,1.44,1.441,1.433,1.433,0,0
3YCNY.B,D,20251201,000000,1.441,1.441,1.425,1.425,0,0
3YCNY.B,D,20251202,000000,1.426,1.435,1.423,1.424,0,0
3YCNY.B,D,20251203,000000,1.42,1.43,1.42,1.423,0,0
3YCNY.B,D,20251204,000000,1.428,1.428,1.42,1.422,0,0
3YCNY.B,D,20251205,000000,1.425,1.425,1.413,1.414,0,0
3YCNY.B,D,20251208,000000,1.428,1.428,1.423,1.423,0,0
3YCNY.B,D,20251209,000000,1.42,1.425,1.416,1.416,0,0
3YCNY.B,D,20251210,000000,1.428,1.441,1.415,1.423,0,0
3YCNY.B,D,20251211,000000,1.418,1.422,1.415,1.42,0,0
3YCNY.B,D,20251212,000000,1.416,1.435,1.415,1.426,0,0
3YCNY.B,D,20251215,000000,1.438,1.438,1.418,1.428,0,0
3YCNY.B,D,20251216,000000,1.43,1.43,1.43,1.43,0,0
3YCNY.B,D,20251217,000000,1.425,1.425,1.419,1.421,0,0
3YCNY.B,D,20251218,000000,1.433,1.435,1.413,1.425,0,0
3YCNY.B,D,20251219,000000,1.41,1.41,1.4,1.41,0,0
3YCNY.B,D,20251222,000000,1.405,1.407,1.398,1.405,0,0
3YCNY.B,D,20251223,000000,1.41,1.41,1.388,1.388,0,0
3YCNY.B,D,20251224,000000,1.398,1.4,1.383,1.39,0,0
3YCNY.B,D,20251225,000000,1.399,1.399,1.373,1.373,0,0
3YCNY.B,D,20251226,000000,1.382,1.383,1.365,1.375,0,0
3YCNY.B,D,20251229,000000,1.38,1.388,1.375,1.384,0,0
3YCNY.B,D,20251230,000000,1.388,1.397,1.385,1.392,0,0
3YCNY.B,D,20251231,000000,1.411,1.425,1.4,1.4,0,0
3YCNY.B,D,20260105,000000,1.403,1.417,1.398,1.405,0,0
3YCNY.B,D,20260106,000000,1.426,1.438,1.425,1.438,0,0
3YCNY.B,D,20260107,000000,1.461,1.48,1.451,1.473,0,0
3YCNY.B,D,20260108,000000,1.475,1.485,1.465,1.47,0,0
3YCNY.B,D,20260109,000000,1.471,1.475,1.46,1.463,0,0
3YCNY.B,D,20260112,000000,1.47,1.472,1.461,1.47,0,0
3YCNY.B,D,20260113,000000,1.481,1.482,1.475,1.479,0,0
3YCNY.B,D,20260114,000000,1.468,1.475,1.463,1.468,0,0
3YCNY.B,D,20260115,000000,1.465,1.465,1.45,1.455,0,0
3YCNY.B,D,20260116,000000,1.46,1.46,1.433,1.44,0,0
3YCNY.B,D,20260119,000000,1.438,1.443,1.43,1.439,0,0
3YCNY.B,D,20260120,000000,1.443,1.443,1.42,1.42,0,0
3YCNY.B,D,20260121,000000,1.429,1.433,1.423,1.425,0,0
3YCNY.B,D,20260122,000000,1.43,1.433,1.423,1.423,0,0
3YCNY.B,D,20260123,000000,1.435,1.435,1.419,1.42,0,0
3YCNY.B,D,20260126,000000,1.428,1.43,1.423,1.426,0,0
3YCNY.B,D,20260127,000000,1.43,1.437,1.418,1.433,0,0
3YCNY.B,D,20260128,000000,1.43,1.438,1.418,1.418,0,0
3YCNY.B,D,20260129,000000,1.413,1.42,1.405,1.41,0,0
3YCNY.B,D,20260130,000000,1.413,1.413,1.405,1.405,0,0
3YCNY.B,D,20260202,000000,1.423,1.426,1.415,1.415,0,0
3YCNY.B,D,20260203,000000,1.408,1.408,1.39,1.39,0,0
3YCNY.B,D,20260204,000000,1.396,1.396,1.391,1.394,0,0
3YCNY.B,D,20260205,000000,1.4,1.4,1.385,1.385,0,0
3YCNY.B,D,20260206,000000,1.38,1.388,1.38,1.38,0,0
3YCNY.B,D,20260209,000000,1.38,1.388,1.378,1.378,0,0
3YCNY.B,D,20260210,000000,1.38,1.383,1.373,1.38,0,0
