<TICKER>,<PER>,<DATE>,<TIME>,<OPEN>,<HIGH>,<LOW>,<CLOSE>,<VOL>,<OPENINT>
3YIDY.B,D,20240416,000000,7.089,7.205,6.677,6.677,0,0
3YIDY.B,D,20240417,000000,6.676,6.898,6.676,6.898,0,0
3YIDY.B,D,20240418,000000,6.903,6.956,6.811,6.956,0,0
3YIDY.B,D,20240419,000000,6.936,7.016,6.936,7.002,0,0
3YIDY.B,D,20240422,000000,6.998,7.038,6.939,7.038,0,0
3YIDY.B,D,20240423,000000,7.041,7.042,7.011,7.011,0,0
3YIDY.B,D,20240424,000000,6.992,6.992,6.961,6.984,0,0
3YIDY.B,D,20240425,000000,7.009,7.035,6.993,7.035,0,0
3YIDY.B,D,20240426,000000,7.036,7.036,7.018,7.018,0,0
3YIDY.B,D,20240429,000000,7.17,7.257,7.043,7.099,0,0
3YIDY.B,D,20240430,000000,7.074,7.173,7.074,7.173,0,0
3YIDY.B,D,20240502,000000,7.173,7.186,7.167,7.167,0,0
3YIDY.B,D,20240503,000000,7.148,7.148,7.043,7.043,0,0
3YIDY.B,D,20240506,000000,7.009,7.038,6.996,7.032,0,0
3YIDY.B,D,20240507,000000,6.999,7.037,6.999,7.024,0,0
3YIDY.B,D,20240508,000000,7.025,7.05,7.025,7.05,0,0
3YIDY.B,D,20240513,000000,7.113,7.113,6.994,6.994,0,0
3YIDY.B,D,20240514,000000,7.009,7.057,6.99,6.99,0,0
3YIDY.B,D,20240515,000000,6.931,6.95,6.931,6.931,0,0
3YIDY.B,D,20240516,000000,6.931,6.989,6.834,6.853,0,0
3YIDY.B,D,20240517,000000,6.73,6.786,6.73,6.786,0,0
3YIDY.B,D,20240520,000000,6.717,6.779,6.717,6.761,0,0
3YIDY.B,D,20240521,000000,6.761,6.855,6.761,6.836,0,0
3YIDY.B,D,20240522,000000,6.836,6.836,6.804,6.804,0,0
3YIDY.B,D,20240527,000000,6.866,6.866,6.803,6.834,0,0
3YIDY.B,D,20240528,000000,6.834,6.834,6.809,6.809,0,0
3YIDY.B,D,20240529,000000,6.809,6.834,6.809,6.815,0,0
3YIDY.B,D,20240530,000000,6.814,6.839,6.814,6.839,0,0
3YIDY.B,D,20240531,000000,6.839,6.839,6.795,6.795,0,0
3YIDY.B,D,20240603,000000,6.807,6.845,6.807,6.844,0,0
3YIDY.B,D,20240604,000000,6.844,6.844,6.795,6.795,0,0
3YIDY.B,D,20240605,000000,6.794,6.8,6.769,6.769,0,0
3YIDY.B,D,20240606,000000,6.821,6.831,6.815,6.818,0,0
3YIDY.B,D,20240607,000000,6.821,6.821,6.821,6.821,0,0
3YIDY.B,D,20240610,000000,6.824,6.828,6.819,6.828,0,0
3YIDY.B,D,20240611,000000,6.828,6.828,6.821,6.821,0,0
3YIDY.B,D,20240612,000000,6.821,6.823,6.82,6.823,0,0
3YIDY.B,D,20240613,000000,6.823,6.824,6.813,6.817,0,0
3YIDY.B,D,20240614,000000,6.817,6.869,6.816,6.869,0,0
3YIDY.B,D,20240619,000000,6.871,6.938,6.871,6.921,0,0
3YIDY.B,D,20240620,000000,6.921,6.921,6.914,6.914,0,0
3YIDY.B,D,20240621,000000,6.914,6.937,6.897,6.917,0,0
3YIDY.B,D,20240624,000000,6.917,6.917,6.845,6.867,0,0
3YIDY.B,D,20240625,000000,6.867,6.873,6.867,6.873,0,0
3YIDY.B,D,20240626,000000,6.873,6.873,6.84,6.84,0,0
3YIDY.B,D,20240627,000000,6.84,6.84,6.779,6.779,0,0
3YIDY.B,D,20240628,000000,6.779,6.779,6.749,6.749,0,0
3YIDY.B,D,20240701,000000,6.768,6.795,6.752,6.795,0,0
3YIDY.B,D,20240702,000000,6.795,6.797,6.778,6.793,0,0
3YIDY.B,D,20240703,000000,6.793,6.795,6.792,6.792,0,0
3YIDY.B,D,20240704,000000,6.792,6.801,6.79,6.801,0,0
3YIDY.B,D,20240705,000000,6.801,6.803,6.8,6.803,0,0
3YIDY.B,D,20240708,000000,6.803,6.807,6.783,6.79,0,0
3YIDY.B,D,20240709,000000,6.79,6.803,6.783,6.803,0,0
3YIDY.B,D,20240710,000000,6.803,6.809,6.803,6.809,0,0
3YIDY.B,D,20240711,000000,6.809,6.815,6.809,6.812,0,0
3YIDY.B,D,20240712,000000,6.812,6.812,6.812,6.812,0,0
3YIDY.B,D,20240715,000000,6.812,6.812,6.798,6.798,0,0
3YIDY.B,D,20240716,000000,6.798,6.835,6.798,6.835,0,0
3YIDY.B,D,20240717,000000,6.835,6.835,6.814,6.814,0,0
3YIDY.B,D,20240718,000000,6.814,6.814,6.807,6.807,0,0
3YIDY.B,D,20240719,000000,6.807,6.807,6.8,6.8,0,0
3YIDY.B,D,20240722,000000,6.8,6.824,6.8,6.8,0,0
3YIDY.B,D,20240723,000000,6.8,6.806,6.8,6.806,0,0
3YIDY.B,D,20240724,000000,6.806,6.813,6.806,6.813,0,0
3YIDY.B,D,20240725,000000,6.813,6.813,6.761,6.761,0,0
3YIDY.B,D,20240726,000000,6.761,6.768,6.754,6.757,0,0
3YIDY.B,D,20240729,000000,6.72,6.72,6.708,6.716,0,0
3YIDY.B,D,20240730,000000,6.716,6.716,6.696,6.696,0,0
3YIDY.B,D,20240731,000000,6.696,6.696,6.696,6.696,0,0
3YIDY.B,D,20240801,000000,6.682,6.682,6.682,6.682,0,0
3YIDY.B,D,20240802,000000,6.68,6.68,6.644,6.648,0,0
3YIDY.B,D,20240805,000000,6.648,6.707,6.526,6.542,0,0
3YIDY.B,D,20240806,000000,6.542,6.567,6.541,6.559,0,0
3YIDY.B,D,20240807,000000,6.559,6.57,6.559,6.568,0,0
3YIDY.B,D,20240808,000000,6.568,6.608,6.555,6.607,0,0
3YIDY.B,D,20240809,000000,6.607,6.608,6.597,6.597,0,0
3YIDY.B,D,20240812,000000,6.597,6.626,6.591,6.612,0,0
3YIDY.B,D,20240813,000000,6.612,6.612,6.535,6.535,0,0
3YIDY.B,D,20240814,000000,6.535,6.59,6.485,6.485,0,0
3YIDY.B,D,20240815,000000,6.485,6.563,6.463,6.463,0,0
3YIDY.B,D,20240816,000000,6.463,6.578,6.453,6.453,0,0
3YIDY.B,D,20240819,000000,6.537,6.537,6.449,6.449,0,0
3YIDY.B,D,20240820,000000,6.449,6.529,6.418,6.418,0,0
3YIDY.B,D,20240821,000000,6.418,6.53,6.418,6.42,0,0
3YIDY.B,D,20240822,000000,6.42,6.518,6.42,6.465,0,0
3YIDY.B,D,20240823,000000,6.465,6.505,6.377,6.377,0,0
3YIDY.B,D,20240826,000000,6.496,6.496,6.438,6.438,0,0
3YIDY.B,D,20240827,000000,6.438,6.507,6.427,6.427,0,0
3YIDY.B,D,20240828,000000,6.427,6.501,6.396,6.396,0,0
3YIDY.B,D,20240829,000000,6.396,6.484,6.395,6.395,0,0
3YIDY.B,D,20240830,000000,6.395,6.488,6.395,6.409,0,0
3YIDY.B,D,20240902,000000,6.52,6.525,6.489,6.489,0,0
3YIDY.B,D,20240903,000000,6.489,6.529,6.484,6.484,0,0
3YIDY.B,D,20240904,000000,6.484,6.529,6.484,6.486,0,0
3YIDY.B,D,20240905,000000,6.486,6.527,6.467,6.467,0,0
3YIDY.B,D,20240906,000000,6.467,6.515,6.462,6.462,0,0
3YIDY.B,D,20240909,000000,6.527,6.527,6.407,6.407,0,0
3YIDY.B,D,20240910,000000,6.407,6.499,6.407,6.423,0,0
3YIDY.B,D,20240911,000000,6.423,6.496,6.41,6.41,0,0
3YIDY.B,D,20240912,000000,6.41,6.503,6.41,6.418,0,0
3YIDY.B,D,20240913,000000,6.418,6.504,6.397,6.397,0,0
3YIDY.B,D,20240917,000000,6.475,6.49,6.427,6.427,0,0
3YIDY.B,D,20240918,000000,6.427,6.481,6.427,6.464,0,0
3YIDY.B,D,20240919,000000,6.404,6.452,6.404,6.452,0,0
3YIDY.B,D,20240920,000000,6.355,6.355,6.355,6.355,0,0
3YIDY.B,D,20240923,000000,6.354,6.354,6.233,6.268,0,0
3YIDY.B,D,20240924,000000,6.27,6.283,6.262,6.265,0,0
3YIDY.B,D,20240925,000000,6.253,6.262,6.235,6.253,0,0
3YIDY.B,D,20240926,000000,6.251,6.251,6.251,6.251,0,0
3YIDY.B,D,20240927,000000,6.25,6.25,6.25,6.25,0,0
3YIDY.B,D,20240930,000000,6.199,6.199,6.199,6.199,0,0
3YIDY.B,D,20241001,000000,6.249,6.249,6.249,6.249,0,0
3YIDY.B,D,20241002,000000,6.259,6.302,6.259,6.302,0,0
3YIDY.B,D,20241003,000000,6.293,6.299,6.257,6.299,0,0
3YIDY.B,D,20241004,000000,6.299,6.299,6.299,6.299,0,0
3YIDY.B,D,20241007,000000,6.472,6.579,6.472,6.579,0,0
3YIDY.B,D,20241008,000000,6.39,6.39,6.361,6.361,0,0
3YIDY.B,D,20241009,000000,6.36,6.579,6.36,6.579,0,0
3YIDY.B,D,20241010,000000,6.512,6.556,6.491,6.491,0,0
3YIDY.B,D,20241011,000000,6.36,6.446,6.36,6.425,0,0
3YIDY.B,D,20241014,000000,6.358,6.358,6.358,6.358,0,0
3YIDY.B,D,20241015,000000,6.357,6.357,6.357,6.357,0,0
3YIDY.B,D,20241016,000000,6.357,6.357,6.357,6.357,0,0
3YIDY.B,D,20241017,000000,6.355,6.383,6.355,6.383,0,0
3YIDY.B,D,20241018,000000,6.421,6.421,6.388,6.388,0,0
3YIDY.B,D,20241021,000000,6.387,6.431,6.387,6.416,0,0
3YIDY.B,D,20241022,000000,6.383,6.411,6.383,6.411,0,0
3YIDY.B,D,20241023,000000,6.474,6.507,6.474,6.507,0,0
3YIDY.B,D,20241024,000000,6.506,6.506,6.506,6.506,0,0
3YIDY.B,D,20241025,000000,6.473,6.534,6.473,6.533,0,0
3YIDY.B,D,20241028,000000,6.527,6.527,6.527,6.527,0,0
3YIDY.B,D,20241029,000000,6.537,6.56,6.515,6.56,0,0
3YIDY.B,D,20241030,000000,6.569,6.618,6.569,6.616,0,0
3YIDY.B,D,20241031,000000,6.581,6.581,6.581,6.581,0,0
3YIDY.B,D,20241101,000000,6.581,6.581,6.581,6.581,0,0
3YIDY.B,D,20241104,000000,6.625,6.625,6.625,6.625,0,0
3YIDY.B,D,20241105,000000,6.586,6.647,6.586,6.622,0,0
3YIDY.B,D,20241106,000000,6.625,6.625,6.625,6.625,0,0
3YIDY.B,D,20241107,000000,6.68,6.725,6.68,6.725,0,0
3YIDY.B,D,20241108,000000,6.612,6.624,6.578,6.612,0,0
3YIDY.B,D,20241111,000000,6.612,6.612,6.612,6.612,0,0
3YIDY.B,D,20241112,000000,6.612,6.612,6.56,6.56,0,0
3YIDY.B,D,20241113,000000,6.56,6.56,6.56,6.56,0,0
3YIDY.B,D,20241114,000000,6.558,6.558,6.558,6.558,0,0
3YIDY.B,D,20241115,000000,6.504,6.678,6.504,6.678,0,0
3YIDY.B,D,20241118,000000,6.501,6.501,6.501,6.501,0,0
3YIDY.B,D,20241119,000000,6.28,6.28,6.261,6.261,0,0
3YIDY.B,D,20241120,000000,6.354,6.354,6.354,6.354,0,0
3YIDY.B,D,20241121,000000,6.346,6.346,6.346,6.346,0,0
3YIDY.B,D,20241122,000000,6.343,6.343,6.343,6.343,0,0
3YIDY.B,D,20241125,000000,6.341,6.341,6.245,6.245,0,0
3YIDY.B,D,20241126,000000,6.339,6.339,6.339,6.339,0,0
3YIDY.B,D,20241128,000000,6.327,6.327,6.327,6.327,0,0
3YIDY.B,D,20241129,000000,6.325,6.325,6.325,6.325,0,0
3YIDY.B,D,20241202,000000,6.322,6.322,6.322,6.322,0,0
3YIDY.B,D,20241203,000000,6.319,6.319,6.319,6.319,0,0
3YIDY.B,D,20241204,000000,6.316,6.316,6.316,6.316,0,0
3YIDY.B,D,20241205,000000,6.308,6.636,6.308,6.636,0,0
3YIDY.B,D,20241206,000000,6.605,6.716,6.605,6.633,0,0
3YIDY.B,D,20241209,000000,6.629,6.629,6.629,6.629,0,0
3YIDY.B,D,20241210,000000,6.629,6.631,6.629,6.631,0,0
3YIDY.B,D,20241211,000000,6.626,6.626,6.626,6.626,0,0
3YIDY.B,D,20241212,000000,6.727,6.727,6.626,6.626,0,0
3YIDY.B,D,20241213,000000,6.624,6.624,6.624,6.624,0,0
3YIDY.B,D,20241216,000000,6.72,6.722,6.72,6.722,0,0
3YIDY.B,D,20241217,000000,6.614,6.614,6.614,6.614,0,0
3YIDY.B,D,20241218,000000,6.717,6.717,6.717,6.717,0,0
3YIDY.B,D,20241219,000000,6.71,6.71,6.71,6.71,0,0
3YIDY.B,D,20241220,000000,6.602,6.602,6.602,6.602,0,0
3YIDY.B,D,20241223,000000,6.598,6.598,6.598,6.598,0,0
3YIDY.B,D,20241224,000000,6.595,6.595,6.595,6.595,0,0
3YIDY.B,D,20241227,000000,6.578,6.621,6.578,6.621,0,0
3YIDY.B,D,20241230,000000,6.622,6.622,6.622,6.622,0,0
3YIDY.B,D,20250102,000000,6.622,6.622,6.622,6.622,0,0
3YIDY.B,D,20250103,000000,6.672,6.672,6.672,6.672,0,0
3YIDY.B,D,20250106,000000,6.565,6.67,6.565,6.67,0,0
3YIDY.B,D,20250107,000000,6.667,6.667,6.667,6.667,0,0
3YIDY.B,D,20250108,000000,6.56,6.56,6.56,6.56,0,0
3YIDY.B,D,20250109,000000,6.656,6.656,6.656,6.656,0,0
3YIDY.B,D,20250110,000000,6.55,6.55,6.55,6.55,0,0
3YIDY.B,D,20250113,000000,6.547,6.547,6.547,6.547,0,0
3YIDY.B,D,20250114,000000,6.65,6.65,6.65,6.65,0,0
3YIDY.B,D,20250115,000000,6.645,6.647,6.645,6.647,0,0
3YIDY.B,D,20250116,000000,6.54,6.54,6.54,6.54,0,0
3YIDY.B,D,20250117,000000,6.636,6.636,6.636,6.636,0,0
3YIDY.B,D,20250120,000000,7.119,7.119,7.119,7.119,0,0
3YIDY.B,D,20250121,000000,7.117,7.117,7.117,7.117,0,0
3YIDY.B,D,20250122,000000,6.995,6.995,6.995,6.995,0,0
3YIDY.B,D,20250123,000000,6.995,6.995,6.995,6.995,0,0
3YIDY.B,D,20250124,000000,7.106,7.106,7.106,7.106,0,0
3YIDY.B,D,20250130,000000,7.093,7.093,7.093,7.093,0,0
3YIDY.B,D,20250131,000000,6.971,6.971,6.971,6.971,0,0
3YIDY.B,D,20250203,000000,6.968,6.968,6.968,6.968,0,0
3YIDY.B,D,20250204,000000,7.087,7.087,7.087,7.087,0,0
3YIDY.B,D,20250205,000000,7.087,7.087,7.087,7.087,0,0
3YIDY.B,D,20250206,000000,7.087,7.087,7.087,7.087,0,0
3YIDY.B,D,20250207,000000,6.956,6.956,6.956,6.956,0,0
3YIDY.B,D,20250210,000000,6.953,6.953,6.953,6.953,0,0
3YIDY.B,D,20250211,000000,6.953,6.953,6.953,6.953,0,0
3YIDY.B,D,20250212,000000,7.069,7.069,7.069,7.069,0,0
3YIDY.B,D,20250213,000000,7.061,7.061,7.059,7.061,0,0
3YIDY.B,D,20250214,000000,7.058,7.058,7.058,7.058,0,0
3YIDY.B,D,20250217,000000,7.055,7.055,7.055,7.055,0,0
3YIDY.B,D,20250218,000000,7.053,7.053,7.053,7.053,0,0
3YIDY.B,D,20250219,000000,7.053,7.053,7.053,7.053,0,0
3YIDY.B,D,20250220,000000,7.053,7.053,7.053,7.053,0,0
3YIDY.B,D,20250221,000000,7.053,7.053,7.053,7.053,0,0
3YIDY.B,D,20250224,000000,7.036,7.036,7.036,7.036,0,0
3YIDY.B,D,20250225,000000,7.034,7.034,7.024,7.034,0,0
3YIDY.B,D,20250226,000000,6.913,6.913,6.913,6.913,0,0
3YIDY.B,D,20250227,000000,7.022,7.022,7.022,7.022,0,0
3YIDY.B,D,20250228,000000,6.903,6.903,6.903,6.903,0,0
3YIDY.B,D,20250303,000000,6.903,6.903,6.903,6.903,0,0
3YIDY.B,D,20250304,000000,6.898,6.898,6.898,6.898,0,0
3YIDY.B,D,20250305,000000,6.895,6.895,6.895,6.895,0,0
3YIDY.B,D,20250306,000000,7.003,7.003,7.003,7.003,0,0
3YIDY.B,D,20250307,000000,7,7,7,7,0,0
3YIDY.B,D,20250310,000000,6.882,6.882,6.882,6.882,0,0
3YIDY.B,D,20250311,000000,6.879,6.879,6.879,6.879,0,0
3YIDY.B,D,20250312,000000,6.991,6.991,6.991,6.991,0,0
3YIDY.B,D,20250313,000000,6.983,6.983,6.983,6.983,0,0
3YIDY.B,D,20250314,000000,6.98,6.98,6.98,6.98,0,0
3YIDY.B,D,20250317,000000,6.98,6.98,6.98,6.98,0,0
3YIDY.B,D,20250318,000000,6.98,6.98,6.98,6.98,0,0
3YIDY.B,D,20250319,000000,6.98,6.98,6.98,6.98,0,0
3YIDY.B,D,20250320,000000,6.855,6.855,6.855,6.855,0,0
3YIDY.B,D,20250321,000000,6.847,6.847,6.847,6.847,0,0
3YIDY.B,D,20250324,000000,6.847,6.847,6.847,6.847,0,0
3YIDY.B,D,20250325,000000,6.954,6.954,6.954,6.954,0,0
3YIDY.B,D,20250326,000000,6.954,6.954,6.954,6.954,0,0
3YIDY.B,D,20250327,000000,6.943,6.943,6.943,6.943,0,0
3YIDY.B,D,20250408,000000,6.931,6.931,6.931,6.931,0,0
3YIDY.B,D,20250409,000000,6.929,6.929,6.929,6.929,0,0
3YIDY.B,D,20250410,000000,6.903,6.903,6.79,6.79,0,0
3YIDY.B,D,20250411,000000,6.787,6.787,6.787,6.787,0,0
3YIDY.B,D,20250414,000000,6.784,6.784,6.784,6.784,0,0
3YIDY.B,D,20250415,000000,6.781,6.781,6.781,6.781,0,0
3YIDY.B,D,20250416,000000,6.882,6.882,6.882,6.882,0,0
3YIDY.B,D,20250417,000000,6.879,6.879,6.879,6.879,0,0
3YIDY.B,D,20250421,000000,6.765,6.765,6.765,6.765,0,0
3YIDY.B,D,20250422,000000,6.761,6.761,6.761,6.761,0,0
3YIDY.B,D,20250423,000000,6.759,6.759,6.759,6.759,0,0
3YIDY.B,D,20250424,000000,6.751,6.751,6.751,6.751,0,0
3YIDY.B,D,20250425,000000,6.747,6.747,6.747,6.747,0,0
3YIDY.B,D,20250428,000000,6.745,6.745,6.745,6.745,0,0
3YIDY.B,D,20250429,000000,6.739,6.739,6.739,6.739,0,0
3YIDY.B,D,20250430,000000,6.731,6.731,6.731,6.731,0,0
3YIDY.B,D,20250502,000000,6.728,6.728,6.728,6.728,0,0
3YIDY.B,D,20250505,000000,6.725,6.725,6.725,6.725,0,0
3YIDY.B,D,20250506,000000,6.722,6.722,6.722,6.722,0,0
3YIDY.B,D,20250507,000000,6.72,6.72,6.72,6.72,0,0
3YIDY.B,D,20250508,000000,6.711,6.711,6.711,6.711,0,0
3YIDY.B,D,20250509,000000,6.708,6.708,6.708,6.708,0,0
3YIDY.B,D,20250514,000000,6.7,6.7,6.7,6.7,0,0
3YIDY.B,D,20250515,000000,6.69,6.69,6.69,6.69,0,0
3YIDY.B,D,20250516,000000,6.691,6.691,6.691,6.691,0,0
3YIDY.B,D,20250519,000000,6.792,6.792,6.792,6.792,0,0
3YIDY.B,D,20250520,000000,6.789,6.789,6.789,6.789,0,0
3YIDY.B,D,20250521,000000,6.786,6.786,6.786,6.786,0,0
3YIDY.B,D,20250522,000000,6.777,6.777,6.777,6.777,0,0
3YIDY.B,D,20250523,000000,6.775,6.775,6.775,6.775,0,0
3YIDY.B,D,20250526,000000,6.772,6.772,6.772,6.772,0,0
3YIDY.B,D,20250527,000000,6.766,6.766,6.766,6.766,0,0
3YIDY.B,D,20250528,000000,6.756,6.756,6.756,6.756,0,0
3YIDY.B,D,20250602,000000,6.751,6.751,6.751,6.751,0,0
3YIDY.B,D,20250603,000000,6.283,6.283,6.283,6.283,0,0
3YIDY.B,D,20250604,000000,6.23,6.283,6.23,6.283,0,0
3YIDY.B,D,20250605,000000,6.321,6.321,6.321,6.321,0,0
3YIDY.B,D,20250610,000000,6.321,6.321,6.321,6.321,0,0
3YIDY.B,D,20250611,000000,6.284,6.284,6.284,6.284,0,0
3YIDY.B,D,20250612,000000,6.273,6.273,6.273,6.273,0,0
3YIDY.B,D,20250613,000000,6.271,6.271,6.271,6.271,0,0
3YIDY.B,D,20250616,000000,6.174,6.174,6.174,6.174,0,0
3YIDY.B,D,20250617,000000,6.172,6.172,6.172,6.172,0,0
3YIDY.B,D,20250618,000000,6.168,6.168,6.168,6.168,0,0
3YIDY.B,D,20250619,000000,6.158,6.158,6.158,6.158,0,0
3YIDY.B,D,20250620,000000,6.154,6.154,6.154,6.154,0,0
3YIDY.B,D,20250623,000000,6.244,6.244,6.244,6.244,0,0
3YIDY.B,D,20250624,000000,6.24,6.24,6.24,6.24,0,0
3YIDY.B,D,20250625,000000,6.237,6.237,6.237,6.237,0,0
3YIDY.B,D,20250626,000000,6.226,6.226,6.226,6.226,0,0
3YIDY.B,D,20250630,000000,6.22,6.22,6.22,6.22,0,0
3YIDY.B,D,20250701,000000,6.216,6.216,6.216,6.216,0,0
3YIDY.B,D,20250702,000000,6.213,6.213,6.213,6.213,0,0
3YIDY.B,D,20250703,000000,6.202,6.202,6.202,6.202,0,0
3YIDY.B,D,20250704,000000,6.2,6.2,6.2,6.2,0,0
3YIDY.B,D,20250707,000000,6.197,6.197,6.197,6.197,0,0
3YIDY.B,D,20250708,000000,6.193,6.193,6.193,6.193,0,0
3YIDY.B,D,20250709,000000,6.19,6.19,6.19,6.19,0,0
3YIDY.B,D,20250710,000000,6.179,6.179,6.179,6.179,0,0
3YIDY.B,D,20250711,000000,6.176,6.176,6.176,6.176,0,0
3YIDY.B,D,20250714,000000,6.173,6.173,6.173,6.173,0,0
3YIDY.B,D,20250715,000000,6.169,6.169,6.169,6.169,0,0
3YIDY.B,D,20250716,000000,6.166,6.166,6.166,6.166,0,0
3YIDY.B,D,20250717,000000,6.155,6.155,6.155,6.155,0,0
3YIDY.B,D,20250718,000000,6.152,6.152,6.152,6.152,0,0
3YIDY.B,D,20250721,000000,6.148,6.148,6.148,6.148,0,0
3YIDY.B,D,20250722,000000,6.145,6.145,6.145,6.145,0,0
3YIDY.B,D,20250723,000000,6.141,6.141,6.141,6.141,0,0
3YIDY.B,D,20250724,000000,6.13,6.13,6.13,6.13,0,0
3YIDY.B,D,20250725,000000,6.127,6.127,6.127,6.127,0,0
3YIDY.B,D,20250728,000000,6.123,6.123,6.123,6.123,0,0
3YIDY.B,D,20250729,000000,6.12,6.12,6.12,6.12,0,0
3YIDY.B,D,20250730,000000,6.116,6.116,6.116,6.116,0,0
3YIDY.B,D,20250731,000000,6.106,6.106,6.106,6.106,0,0
3YIDY.B,D,20250801,000000,6.102,6.102,6.102,6.102,0,0
3YIDY.B,D,20250804,000000,6.098,6.098,6.098,6.098,0,0
3YIDY.B,D,20250805,000000,6.095,6.095,6.095,6.095,0,0
3YIDY.B,D,20250806,000000,6.091,6.091,6.091,6.091,0,0
3YIDY.B,D,20250807,000000,6.08,6.08,6.08,6.08,0,0
3YIDY.B,D,20250808,000000,6.077,6.077,6.077,6.077,0,0
3YIDY.B,D,20250811,000000,6.073,6.073,6.073,6.073,0,0
3YIDY.B,D,20250812,000000,6.073,6.073,6.073,6.073,0,0
3YIDY.B,D,20250813,000000,6.066,6.066,6.066,6.066,0,0
3YIDY.B,D,20250814,000000,6.05,6.05,6.05,6.05,0,0
3YIDY.B,D,20250815,000000,6.046,6.046,6.046,6.046,0,0
3YIDY.B,D,20250819,000000,6.042,6.042,6.042,6.042,0,0
3YIDY.B,D,20250820,000000,6.038,6.038,6.038,6.038,0,0
3YIDY.B,D,20250821,000000,6.026,6.026,6.026,6.026,0,0
3YIDY.B,D,20250822,000000,6.022,6.022,6.022,6.022,0,0
3YIDY.B,D,20250825,000000,6.018,6.018,6.018,6.018,0,0
3YIDY.B,D,20250826,000000,6.014,6.014,6.014,6.014,0,0
3YIDY.B,D,20250827,000000,6.01,6.01,6.01,6.01,0,0
3YIDY.B,D,20250828,000000,5.998,5.998,5.998,5.998,0,0
3YIDY.B,D,20250829,000000,5.994,5.994,5.994,5.994,0,0
3YIDY.B,D,20250901,000000,5.99,5.99,5.99,5.99,0,0
3YIDY.B,D,20250902,000000,5.986,5.986,5.986,5.986,0,0
3YIDY.B,D,20250904,000000,5.97,5.97,5.97,5.97,0,0
3YIDY.B,D,20250908,000000,5.962,5.962,5.962,5.962,0,0
3YIDY.B,D,20250909,000000,5.958,5.958,5.958,5.958,0,0
3YIDY.B,D,20250910,000000,5.953,5.953,5.953,5.953,0,0
3YIDY.B,D,20250911,000000,5.941,5.941,5.941,5.941,0,0
3YIDY.B,D,20250912,000000,5.937,5.937,5.937,5.937,0,0
3YIDY.B,D,20250915,000000,5.933,5.933,5.933,5.933,0,0
3YIDY.B,D,20250916,000000,5.333,5.333,5.333,5.333,0,0
3YIDY.B,D,20250917,000000,5.334,5.334,5.334,5.334,0,0
3YIDY.B,D,20250918,000000,5.41,5.41,5.33,5.33,0,0
3YIDY.B,D,20250919,000000,5.183,5.183,5.17,5.17,0,0
3YIDY.B,D,20250922,000000,5.408,5.408,5.408,5.408,0,0
3YIDY.B,D,20250923,000000,5.407,5.407,5.407,5.407,0,0
3YIDY.B,D,20250924,000000,5.24,5.255,5.233,5.255,0,0
3YIDY.B,D,20250925,000000,5.249,5.251,5.249,5.251,0,0
3YIDY.B,D,20250926,000000,5.286,5.287,5.286,5.287,0,0
3YIDY.B,D,20250929,000000,5.288,5.288,5.288,5.288,0,0
3YIDY.B,D,20250930,000000,5.29,5.29,5.29,5.29,0,0
3YIDY.B,D,20251001,000000,5.266,5.266,5.266,5.266,0,0
3YIDY.B,D,20251002,000000,5.297,5.297,5.297,5.297,0,0
3YIDY.B,D,20251003,000000,5.299,5.299,5.299,5.299,0,0
3YIDY.B,D,20251006,000000,5.296,5.296,5.296,5.296,0,0
3YIDY.B,D,20251007,000000,5.296,5.296,5.296,5.296,0,0
3YIDY.B,D,20251008,000000,5.394,5.394,5.394,5.394,0,0
3YIDY.B,D,20251009,000000,5.293,5.293,5.293,5.293,0,0
3YIDY.B,D,20251010,000000,5.219,5.219,5.219,5.219,0,0
3YIDY.B,D,20251013,000000,5.408,5.408,5.408,5.408,0,0
3YIDY.B,D,20251014,000000,5.247,5.247,5.223,5.223,0,0
3YIDY.B,D,20251015,000000,4.995,4.995,4.935,4.935,0,0
3YIDY.B,D,20251016,000000,4.936,4.936,4.926,4.926,0,0
3YIDY.B,D,20251017,000000,4.972,4.972,4.972,4.972,0,0
3YIDY.B,D,20251020,000000,4.996,4.996,4.996,4.996,0,0
3YIDY.B,D,20251021,000000,4.997,4.997,4.997,4.997,0,0
3YIDY.B,D,20251022,000000,4.992,4.992,4.992,4.992,0,0
3YIDY.B,D,20251023,000000,5.014,5.014,5.014,5.014,0,0
3YIDY.B,D,20251024,000000,4.987,5.016,4.987,5.016,0,0
3YIDY.B,D,20251027,000000,5.039,5.039,5.039,5.039,0,0
3YIDY.B,D,20251028,000000,5.03,5.03,5.03,5.03,0,0
3YIDY.B,D,20251029,000000,5.038,5.038,5.038,5.038,0,0
3YIDY.B,D,20251030,000000,5.04,5.04,5.04,5.04,0,0
3YIDY.B,D,20251031,000000,5.064,5.064,5.064,5.064,0,0
3YIDY.B,D,20251103,000000,5.063,5.063,5.063,5.063,0,0
3YIDY.B,D,20251104,000000,5.062,5.062,5.062,5.062,0,0
3YIDY.B,D,20251105,000000,5.061,5.061,5.061,5.061,0,0
3YIDY.B,D,20251106,000000,5.115,5.129,5.115,5.129,0,0
3YIDY.B,D,20251107,000000,5.11,5.11,5.11,5.11,0,0
3YIDY.B,D,20251110,000000,5.109,5.154,5.087,5.154,0,0
3YIDY.B,D,20251111,000000,5.15,5.15,5.15,5.15,0,0
3YIDY.B,D,20251112,000000,5.149,5.149,5.149,5.149,0,0
3YIDY.B,D,20251113,000000,5.029,5.064,5.029,5.064,0,0
3YIDY.B,D,20251114,000000,5.083,5.083,5.066,5.066,0,0
3YIDY.B,D,20251117,000000,5.077,5.077,5.077,5.077,0,0
3YIDY.B,D,20251118,000000,5.006,5.055,5.006,5.055,0,0
3YIDY.B,D,20251119,000000,5.004,5.034,4.957,4.957,0,0
3YIDY.B,D,20251120,000000,4.95,4.95,4.95,4.95,0,0
3YIDY.B,D,20251121,000000,4.961,4.961,4.961,4.961,0,0
3YIDY.B,D,20251124,000000,5.273,5.273,5.273,5.273,0,0
3YIDY.B,D,20251125,000000,5.213,5.213,5.213,5.213,0,0
3YIDY.B,D,20251126,000000,5.208,5.208,5.208,5.208,0,0
3YIDY.B,D,20251127,000000,5.26,5.298,5.26,5.298,0,0
3YIDY.B,D,20251128,000000,5.302,5.302,5.302,5.302,0,0
3YIDY.B,D,20251201,000000,5.325,5.325,5.325,5.325,0,0
3YIDY.B,D,20251202,000000,5.407,5.407,5.356,5.356,0,0
3YIDY.B,D,20251203,000000,5.402,5.402,5.402,5.402,0,0
3YIDY.B,D,20251204,000000,5.4,5.4,5.4,5.4,0,0
3YIDY.B,D,20251205,000000,5.399,5.399,5.399,5.399,0,0
3YIDY.B,D,20251208,000000,5.398,5.398,5.398,5.398,0,0
3YIDY.B,D,20251209,000000,5.397,5.397,5.397,5.397,0,0
3YIDY.B,D,20251210,000000,5.397,5.397,5.397,5.397,0,0
3YIDY.B,D,20251211,000000,5.394,5.394,5.394,5.394,0,0
3YIDY.B,D,20251212,000000,5.252,5.252,5.252,5.252,0,0
3YIDY.B,D,20251215,000000,5.331,5.331,5.331,5.331,0,0
3YIDY.B,D,20251216,000000,5.331,5.331,5.331,5.331,0,0
3YIDY.B,D,20251217,000000,5.33,5.33,5.278,5.278,0,0
3YIDY.B,D,20251218,000000,5.275,5.275,5.274,5.274,0,0
3YIDY.B,D,20251219,000000,5.275,5.275,5.275,5.275,0,0
3YIDY.B,D,20251222,000000,5.325,5.325,5.325,5.325,0,0
3YIDY.B,D,20251223,000000,5.32,5.32,5.3,5.3,0,0
3YIDY.B,D,20251224,000000,5.299,5.299,5.299,5.299,0,0
3YIDY.B,D,20251229,000000,5.298,5.298,5.298,5.298,0,0
3YIDY.B,D,20251230,000000,5.235,5.235,5.235,5.235,0,0
3YIDY.B,D,20251231,000000,5.232,5.232,5.232,5.232,0,0
3YIDY.B,D,20260102,000000,5.231,5.231,5.231,5.231,0,0
3YIDY.B,D,20260105,000000,5.25,5.25,5.25,5.25,0,0
3YIDY.B,D,20260106,000000,5.249,5.373,5.249,5.373,0,0
3YIDY.B,D,20260107,000000,5.372,5.372,5.187,5.187,0,0
3YIDY.B,D,20260108,000000,5.185,5.185,5.185,5.185,0,0
3YIDY.B,D,20260109,000000,5.366,5.366,5.366,5.366,0,0
3YIDY.B,D,20260112,000000,5.102,5.102,5.102,5.102,0,0
3YIDY.B,D,20260113,000000,5.101,5.11,5.101,5.11,0,0
3YIDY.B,D,20260114,000000,5.118,5.14,5.118,5.135,0,0
3YIDY.B,D,20260115,000000,5.13,5.13,5.101,5.101,0,0
3YIDY.B,D,20260119,000000,5.132,5.132,5.132,5.132,0,0
3YIDY.B,D,20260120,000000,5.122,5.122,5.122,5.122,0,0
3YIDY.B,D,20260121,000000,5.111,5.117,5.111,5.117,0,0
3YIDY.B,D,20260122,000000,5.112,5.112,5.112,5.112,0,0
3YIDY.B,D,20260123,000000,5.125,5.125,5.125,5.125,0,0
3YIDY.B,D,20260126,000000,5.124,5.124,5.124,5.124,0,0
3YIDY.B,D,20260127,000000,5.123,5.123,5.123,5.123,0,0
3YIDY.B,D,20260128,000000,5.122,5.14,5.122,5.14,0,0
3YIDY.B,D,20260129,000000,5.137,5.137,5.133,5.133,0,0
3YIDY.B,D,20260130,000000,5.131,5.131,5.131,5.131,0,0
