<TICKER>,<PER>,<DATE>,<TIME>,<OPEN>,<HIGH>,<LOW>,<CLOSE>,<VOL>,<OPENINT>
5YFRP.B,D,20240321,000000,100.476,100.476,100.315,100.315,0,0
5YFRP.B,D,20240322,000000,100.507,100.561,100.507,100.561,0,0
5YFRP.B,D,20240325,000000,100.561,100.561,100.256,100.256,0,0
5YFRP.B,D,20240326,000000,100.304,100.306,100.304,100.306,0,0
5YFRP.B,D,20240327,000000,100.375,100.549,100.375,100.549,0,0
5YFRP.B,D,20240328,000000,100.351,100.351,100.351,100.351,0,0
5YFRP.B,D,20240402,000000,100.443,100.443,100.154,100.154,0,0
5YFRP.B,D,20240403,000000,100.093,100.135,100.093,100.135,0,0
5YFRP.B,D,20240404,000000,100.201,100.323,100.201,100.323,0,0
5YFRP.B,D,20240405,000000,100.376,100.376,100.22,100.22,0,0
5YFRP.B,D,20240408,000000,100.22,100.22,100.004,100.004,0,0
5YFRP.B,D,20240409,000000,100.075,100.252,100.075,100.252,0,0
5YFRP.B,D,20240410,000000,100.241,100.241,99.917,99.917,0,0
5YFRP.B,D,20240411,000000,99.761,99.761,99.709,99.709,0,0
5YFRP.B,D,20240412,000000,100.108,100.108,100.108,100.108,0,0
5YFRP.B,D,20240415,000000,100.108,100.14,99.918,99.918,0,0
5YFRP.B,D,20240416,000000,99.932,99.932,99.664,99.664,0,0
5YFRP.B,D,20240417,000000,99.657,99.697,99.657,99.697,0,0
5YFRP.B,D,20240418,000000,99.825,99.825,99.66,99.66,0,0
5YFRP.B,D,20240419,000000,99.639,99.639,99.426,99.426,0,0
5YFRP.B,D,20240422,000000,99.426,99.618,99.426,99.618,0,0
5YFRP.B,D,20240423,000000,99.672,99.682,99.672,99.682,0,0
5YFRP.B,D,20240424,000000,99.526,99.526,99.274,99.274,0,0
5YFRP.B,D,20240425,000000,99.34,99.34,99.079,99.079,0,0
5YFRP.B,D,20240426,000000,99.178,99.358,99.178,99.358,0,0
5YFRP.B,D,20240429,000000,99.358,99.563,99.358,99.563,0,0
5YFRP.B,D,20240430,000000,99.47,99.47,99.277,99.277,0,0
5YFRP.B,D,20240502,000000,99.277,99.466,99.277,99.383,0,0
5YFRP.B,D,20240503,000000,99.45,99.628,99.45,99.628,0,0
5YFRP.B,D,20240506,000000,99.628,99.862,99.628,99.862,0,0
5YFRP.B,D,20240507,000000,99.863,99.909,99.863,99.909,0,0
5YFRP.B,D,20240508,000000,99.846,99.846,99.744,99.744,0,0
5YFRP.B,D,20240509,000000,99.604,99.615,99.604,99.615,0,0
5YFRP.B,D,20240510,000000,99.717,99.717,99.494,99.494,0,0
5YFRP.B,D,20240513,000000,99.494,99.547,99.494,99.547,0,0
5YFRP.B,D,20240514,000000,99.629,99.629,99.457,99.457,0,0
5YFRP.B,D,20240515,000000,99.549,99.788,99.549,99.788,0,0
5YFRP.B,D,20240516,000000,99.788,99.947,99.788,99.79,0,0
5YFRP.B,D,20240517,000000,99.619,99.619,99.507,99.507,0,0
5YFRP.B,D,20240520,000000,99.507,99.507,99.432,99.432,0,0
5YFRP.B,D,20240521,000000,99.432,99.582,99.432,99.582,0,0
5YFRP.B,D,20240522,000000,99.406,99.426,99.406,99.426,0,0
5YFRP.B,D,20240523,000000,99.243,99.243,99.025,99.025,0,0
5YFRP.B,D,20240524,000000,99.134,99.134,99.076,99.076,0,0
5YFRP.B,D,20240527,000000,99.076,99.283,99.076,99.283,0,0
5YFRP.B,D,20240528,000000,99.297,99.297,99.203,99.203,0,0
5YFRP.B,D,20240529,000000,99.105,99.105,98.881,98.881,0,0
5YFRP.B,D,20240530,000000,98.896,98.896,98.842,98.842,0,0
5YFRP.B,D,20240531,000000,98.851,98.976,98.851,98.976,0,0
5YFRP.B,D,20240603,000000,98.976,99.233,98.929,99.233,0,0
5YFRP.B,D,20240604,000000,99.373,99.384,99.373,99.384,0,0
5YFRP.B,D,20240605,000000,99.35,99.356,99.35,99.356,0,0
5YFRP.B,D,20240606,000000,99.383,99.383,99.253,99.253,0,0
5YFRP.B,D,20240607,000000,99.194,99.194,98.938,98.938,0,0
5YFRP.B,D,20240610,000000,98.938,98.938,98.608,98.608,0,0
5YFRP.B,D,20240611,000000,98.524,98.552,98.524,98.552,0,0
5YFRP.B,D,20240612,000000,98.661,99.037,98.661,99.037,0,0
5YFRP.B,D,20240613,000000,98.816,98.964,98.816,98.964,0,0
5YFRP.B,D,20240614,000000,99.13,99.307,99.13,99.307,0,0
5YFRP.B,D,20240617,000000,99.307,99.307,99.026,99.044,0,0
5YFRP.B,D,20240618,000000,98.989,99.233,98.989,99.233,0,0
5YFRP.B,D,20240619,000000,99.117,99.117,99.069,99.069,0,0
5YFRP.B,D,20240620,000000,98.972,99.122,98.972,99.122,0,0
5YFRP.B,D,20240621,000000,99.317,99.317,99.064,99.064,0,0
5YFRP.B,D,20240624,000000,99.064,99.108,99.064,99.108,0,0
5YFRP.B,D,20240625,000000,99.233,99.233,99.123,99.123,0,0
5YFRP.B,D,20240626,000000,99.16,99.16,99.16,99.16,0,0
5YFRP.B,D,20240627,000000,98.866,98.89,98.866,98.89,0,0
5YFRP.B,D,20240628,000000,98.895,98.895,98.57,98.57,0,0
5YFRP.B,D,20240701,000000,98.57,98.713,98.548,98.548,0,0
5YFRP.B,D,20240702,000000,98.638,98.73,98.638,98.73,0,0
5YFRP.B,D,20240703,000000,98.676,98.889,98.676,98.889,0,0
5YFRP.B,D,20240704,000000,98.84,98.84,98.781,98.781,0,0
5YFRP.B,D,20240705,000000,98.811,98.94,98.811,98.94,0,0
5YFRP.B,D,20240708,000000,98.94,99.18,98.889,99.18,0,0
5YFRP.B,D,20240709,000000,99.18,99.18,98.99,98.99,0,0
5YFRP.B,D,20240710,000000,99.028,99.136,99.028,99.136,0,0
5YFRP.B,D,20240711,000000,99.078,99.435,99.078,99.435,0,0
5YFRP.B,D,20240712,000000,99.272,99.34,99.272,99.34,0,0
5YFRP.B,D,20240715,000000,99.34,99.494,99.34,99.494,0,0
5YFRP.B,D,20240716,000000,99.604,99.604,99.578,99.578,0,0
5YFRP.B,D,20240717,000000,99.67,99.67,99.618,99.618,0,0
5YFRP.B,D,20240718,000000,99.581,99.581,99.581,99.581,0,0
5YFRP.B,D,20240719,000000,99.727,99.727,99.727,99.727,0,0
5YFRP.B,D,20240722,000000,99.727,99.727,99.416,99.416,0,0
5YFRP.B,D,20240723,000000,99.468,99.468,99.456,99.456,0,0
5YFRP.B,D,20240724,000000,99.623,99.623,99.581,99.581,0,0
5YFRP.B,D,20240725,000000,99.766,99.766,99.762,99.762,0,0
5YFRP.B,D,20240726,000000,99.593,99.787,99.593,99.787,0,0
5YFRP.B,D,20240729,000000,99.787,99.87,99.787,99.854,0,0
5YFRP.B,D,20240730,000000,99.958,99.962,99.958,99.962,0,0
5YFRP.B,D,20240731,000000,100.155,100.155,100.149,100.149,0,0
5YFRP.B,D,20240801,000000,100.275,100.275,100.275,100.275,0,0
5YFRP.B,D,20240802,000000,100.366,100.645,100.366,100.645,0,0
5YFRP.B,D,20240805,000000,100.645,100.71,100.453,100.453,0,0
5YFRP.B,D,20240806,000000,100.493,100.514,100.493,100.514,0,0
5YFRP.B,D,20240807,000000,100.249,100.327,100.249,100.327,0,0
5YFRP.B,D,20240808,000000,100.532,100.532,100.352,100.352,0,0
5YFRP.B,D,20240809,000000,100.42,100.511,100.42,100.511,0,0
5YFRP.B,D,20240812,000000,100.511,100.511,100.511,100.511,0,0
5YFRP.B,D,20240813,000000,100.474,100.641,100.474,100.641,0,0
5YFRP.B,D,20240814,000000,100.603,100.728,100.603,100.728,0,0
5YFRP.B,D,20240815,000000,100.665,100.665,100.389,100.389,0,0
5YFRP.B,D,20240816,000000,100.332,100.332,100.332,100.332,0,0
5YFRP.B,D,20240819,000000,100.332,100.477,100.332,100.333,0,0
5YFRP.B,D,20240820,000000,100.443,100.476,100.443,100.476,0,0
5YFRP.B,D,20240821,000000,100.48,100.564,100.48,100.564,0,0
5YFRP.B,D,20240822,000000,100.708,100.708,100.546,100.546,0,0
5YFRP.B,D,20240823,000000,100.477,100.625,100.477,100.625,0,0
5YFRP.B,D,20240826,000000,100.625,100.625,100.523,100.523,0,0
5YFRP.B,D,20240827,000000,100.501,100.501,100.27,100.27,0,0
5YFRP.B,D,20240828,000000,100.391,100.465,100.391,100.465,0,0
5YFRP.B,D,20240829,000000,100.521,100.524,100.521,100.524,0,0
5YFRP.B,D,20240830,000000,100.552,100.552,100.412,100.412,0,0
5YFRP.B,D,20240902,000000,100.412,100.412,100.238,100.272,0,0
5YFRP.B,D,20240903,000000,100.277,100.277,100.277,100.277,0,0
5YFRP.B,D,20240904,000000,100.615,100.674,100.615,100.674,0,0
5YFRP.B,D,20240905,000000,100.747,100.776,100.747,100.776,0,0
5YFRP.B,D,20240906,000000,100.955,100.955,100.843,100.843,0,0
5YFRP.B,D,20240909,000000,100.843,100.982,100.843,100.982,0,0
5YFRP.B,D,20240910,000000,101.005,101.005,101.005,101.005,0,0
5YFRP.B,D,20240911,000000,101.335,101.364,101.335,101.364,0,0
5YFRP.B,D,20240912,000000,101.257,101.257,101.18,101.18,0,0
5YFRP.B,D,20240913,000000,101.246,101.246,101.142,101.142,0,0
5YFRP.B,D,20240916,000000,101.142,101.184,101.142,101.184,0,0
5YFRP.B,D,20240917,000000,101.285,101.285,101.095,101.095,0,0
5YFRP.B,D,20240918,000000,101.023,101.023,100.909,100.909,0,0
5YFRP.B,D,20240919,000000,100.885,100.901,100.885,100.901,0,0
5YFRP.B,D,20240920,000000,100.972,100.972,100.8,100.8,0,0
5YFRP.B,D,20240923,000000,100.8,100.962,100.8,100.962,0,0
5YFRP.B,D,20240924,000000,100.982,100.982,100.982,100.982,0,0
5YFRP.B,D,20240925,000000,101.24,101.24,100.928,100.928,0,0
5YFRP.B,D,20240926,000000,101.071,101.071,101.071,101.071,0,0
5YFRP.B,D,20240927,000000,101.209,101.209,101.173,101.173,0,0
5YFRP.B,D,20240930,000000,101.173,101.195,101.157,101.195,0,0
5YFRP.B,D,20241001,000000,101.382,101.702,101.382,101.702,0,0
5YFRP.B,D,20241002,000000,101.423,101.423,101.3,101.3,0,0
5YFRP.B,D,20241003,000000,101.341,101.341,101.341,101.341,0,0
5YFRP.B,D,20241004,000000,101.081,101.081,101.081,101.081,0,0
5YFRP.B,D,20241007,000000,101.081,101.081,100.617,100.617,0,0
5YFRP.B,D,20241008,000000,100.66,100.66,100.618,100.618,0,0
5YFRP.B,D,20241009,000000,100.678,100.678,100.573,100.573,0,0
5YFRP.B,D,20241010,000000,100.528,100.62,100.528,100.62,0,0
5YFRP.B,D,20241011,000000,100.579,100.579,100.579,100.579,0,0
5YFRP.B,D,20241014,000000,100.579,100.622,100.579,100.622,0,0
5YFRP.B,D,20241015,000000,100.732,100.732,100.732,100.732,0,0
5YFRP.B,D,20241016,000000,100.914,101.052,100.914,101.052,0,0
5YFRP.B,D,20241017,000000,100.921,100.921,100.921,100.921,0,0
5YFRP.B,D,20241018,000000,101.04,101.04,101.04,101.04,0,0
5YFRP.B,D,20241021,000000,101.04,101.131,101.04,101.131,0,0
5YFRP.B,D,20241022,000000,100.657,100.657,100.657,100.657,0,0
5YFRP.B,D,20241023,000000,100.774,100.774,100.774,100.774,0,0
5YFRP.B,D,20241024,000000,100.931,100.973,100.931,100.973,0,0
5YFRP.B,D,20241025,000000,100.939,100.939,100.939,100.939,0,0
5YFRP.B,D,20241028,000000,100.939,100.939,100.714,100.714,0,0
5YFRP.B,D,20241029,000000,100.643,100.643,100.643,100.643,0,0
5YFRP.B,D,20241030,000000,100.561,100.561,100.218,100.218,0,0
5YFRP.B,D,20241031,000000,100.218,100.218,100.064,100.064,0,0
5YFRP.B,D,20241101,000000,100.064,100.223,100.064,100.223,0,0
5YFRP.B,D,20241104,000000,100.223,100.223,100.087,100.087,0,0
5YFRP.B,D,20241105,000000,100.07,100.07,100.07,100.07,0,0
5YFRP.B,D,20241106,000000,100.07,100.34,100.07,100.34,0,0
5YFRP.B,D,20241107,000000,100.205,100.205,100.205,100.205,0,0
5YFRP.B,D,20241108,000000,100.205,100.383,100.205,100.337,0,0
5YFRP.B,D,20241111,000000,100.337,100.473,100.337,100.473,0,0
5YFRP.B,D,20241112,000000,100.473,100.497,100.473,100.497,0,0
5YFRP.B,D,20241113,000000,100.351,100.351,100.351,100.351,0,0
5YFRP.B,D,20241114,000000,100.344,100.457,100.344,100.457,0,0
5YFRP.B,D,20241115,000000,100.589,100.589,100.509,100.509,0,0
5YFRP.B,D,20241118,000000,100.509,100.509,100.378,100.378,0,0
5YFRP.B,D,20241119,000000,100.637,100.637,100.506,100.506,0,0
5YFRP.B,D,20241120,000000,100.506,100.506,100.4,100.453,0,0
5YFRP.B,D,20241121,000000,100.383,100.529,100.383,100.529,0,0
5YFRP.B,D,20241122,000000,100.699,100.699,100.699,100.699,0,0
5YFRP.B,D,20241125,000000,100.699,100.817,100.699,100.817,0,0
5YFRP.B,D,20241126,000000,100.757,100.757,100.757,100.757,0,0
5YFRP.B,D,20241127,000000,100.757,100.757,100.567,100.567,0,0
5YFRP.B,D,20241128,000000,100.821,100.918,100.821,100.918,0,0
5YFRP.B,D,20241129,000000,100.918,100.918,100.896,100.896,0,0
5YFRP.B,D,20241202,000000,100.896,101.271,100.896,101.233,0,0
5YFRP.B,D,20241203,000000,101.233,101.233,101.215,101.215,0,0
5YFRP.B,D,20241204,000000,100.973,100.973,100.973,100.973,0,0
5YFRP.B,D,20241205,000000,101.105,101.105,101.105,101.105,0,0
5YFRP.B,D,20241206,000000,101.171,101.171,101.171,101.171,0,0
5YFRP.B,D,20241209,000000,101.171,101.175,101.154,101.175,0,0
5YFRP.B,D,20241210,000000,101.258,101.258,101.258,101.258,0,0
5YFRP.B,D,20241211,000000,101.327,101.327,101.327,101.327,0,0
5YFRP.B,D,20241212,000000,101.234,101.234,101.234,101.234,0,0
5YFRP.B,D,20241213,000000,100.819,100.819,100.779,100.779,0,0
5YFRP.B,D,20241216,000000,100.779,100.779,100.592,100.7,0,0
5YFRP.B,D,20241217,000000,100.631,100.631,100.615,100.615,0,0
5YFRP.B,D,20241218,000000,100.571,100.571,100.571,100.571,0,0
5YFRP.B,D,20241219,000000,100.397,100.397,100.323,100.323,0,0
5YFRP.B,D,20241220,000000,100.339,100.515,100.339,100.515,0,0
5YFRP.B,D,20241223,000000,100.515,100.515,100.319,100.319,0,0
5YFRP.B,D,20241227,000000,100.059,100.059,100.059,100.059,0,0
5YFRP.B,D,20241230,000000,100.059,100.059,100.056,100.056,0,0
5YFRP.B,D,20250102,000000,100.056,100.144,100.056,100.144,0,0
5YFRP.B,D,20250103,000000,99.973,99.973,99.973,99.973,0,0
5YFRP.B,D,20250106,000000,99.973,99.973,99.575,99.575,0,0
5YFRP.B,D,20250107,000000,99.558,99.558,99.558,99.558,0,0
5YFRP.B,D,20250108,000000,99.516,99.516,99.516,99.516,0,0
5YFRP.B,D,20250109,000000,99.183,99.183,99.169,99.169,0,0
5YFRP.B,D,20250110,000000,99.025,99.077,99.025,99.077,0,0
5YFRP.B,D,20250113,000000,99.077,99.077,98.698,98.826,0,0
5YFRP.B,D,20250114,000000,98.851,98.851,98.851,98.851,0,0
5YFRP.B,D,20250115,000000,98.831,98.831,98.831,98.831,0,0
5YFRP.B,D,20250116,000000,99.209,99.209,99.209,99.209,0,0
5YFRP.B,D,20250117,000000,99.493,99.493,99.493,99.493,0,0
5YFRP.B,D,20250120,000000,99.493,99.495,99.493,99.495,0,0
5YFRP.B,D,20250121,000000,99.548,99.548,99.548,99.548,0,0
5YFRP.B,D,20250122,000000,99.687,99.687,99.687,99.687,0,0
5YFRP.B,D,20250123,000000,99.596,99.596,99.542,99.542,0,0
5YFRP.B,D,20250124,000000,99.49,99.49,99.49,99.49,0,0
5YFRP.B,D,20250127,000000,99.49,99.716,99.49,99.716,0,0
5YFRP.B,D,20250128,000000,99.716,99.716,99.555,99.555,0,0
5YFRP.B,D,20250129,000000,99.693,99.693,99.507,99.507,0,0
5YFRP.B,D,20250130,000000,99.57,99.57,99.57,99.57,0,0
5YFRP.B,D,20250131,000000,99.749,100.087,99.749,100.087,0,0
5YFRP.B,D,20250203,000000,100.087,100.298,100.087,100.298,0,0
5YFRP.B,D,20250204,000000,100.424,100.424,100.424,100.424,0,0
5YFRP.B,D,20250205,000000,100.668,100.668,100.668,100.668,0,0
5YFRP.B,D,20250206,000000,100.461,100.461,100.461,100.461,0,0
5YFRP.B,D,20250207,000000,100.606,100.606,100.606,100.606,0,0
5YFRP.B,D,20250210,000000,100.606,100.606,100.585,100.585,0,0
5YFRP.B,D,20250211,000000,100.459,100.459,100.459,100.459,0,0
5YFRP.B,D,20250212,000000,100.244,100.244,100.244,100.244,0,0
5YFRP.B,D,20250213,000000,100.15,100.15,100.15,100.15,0,0
5YFRP.B,D,20250214,000000,100.382,100.382,100.382,100.382,0,0
5YFRP.B,D,20250217,000000,100.382,100.382,100.149,100.251,0,0
5YFRP.B,D,20250218,000000,100.165,100.165,100.165,100.165,0,0
5YFRP.B,D,20250219,000000,100.112,100.112,100.112,100.112,0,0
5YFRP.B,D,20250220,000000,99.911,99.911,99.911,99.911,0,0
5YFRP.B,D,20250221,000000,100.148,100.279,100.148,100.279,0,0
5YFRP.B,D,20250224,000000,100.279,100.353,100.279,100.353,0,0
5YFRP.B,D,20250225,000000,100.43,100.487,100.43,100.487,0,0
5YFRP.B,D,20250226,000000,100.556,100.573,100.556,100.573,0,0
5YFRP.B,D,20250227,000000,100.616,100.694,100.616,100.694,0,0
5YFRP.B,D,20250228,000000,100.862,100.862,100.819,100.819,0,0
5YFRP.B,D,20250303,000000,100.819,100.819,100.537,100.537,0,0
5YFRP.B,D,20250304,000000,100.805,100.805,100.805,100.805,0,0
5YFRP.B,D,20250305,000000,99.849,99.849,99.849,99.849,0,0
5YFRP.B,D,20250306,000000,99.065,99.065,99.065,99.065,0,0
5YFRP.B,D,20250307,000000,99.348,99.348,99.321,99.321,0,0
5YFRP.B,D,20250310,000000,99.321,99.321,99.321,99.321,0,0
5YFRP.B,D,20250311,000000,99.225,99.225,99.225,99.225,0,0
5YFRP.B,D,20250312,000000,99.285,99.285,99.285,99.285,0,0
5YFRP.B,D,20250313,000000,99.283,99.283,99.283,99.283,0,0
5YFRP.B,D,20250314,000000,99.322,99.322,99.322,99.322,0,0
5YFRP.B,D,20250317,000000,99.322,99.594,99.322,99.594,0,0
5YFRP.B,D,20250318,000000,99.514,99.514,99.514,99.514,0,0
5YFRP.B,D,20250319,000000,99.701,99.701,99.701,99.701,0,0
5YFRP.B,D,20250320,000000,99.719,99.719,99.639,99.639,0,0
5YFRP.B,D,20250321,000000,99.712,99.712,99.712,99.712,0,0
5YFRP.B,D,20250324,000000,99.712,99.834,99.712,99.834,0,0
5YFRP.B,D,20250325,000000,99.722,99.75,99.722,99.75,0,0
5YFRP.B,D,20250326,000000,99.796,99.796,99.796,99.796,0,0
5YFRP.B,D,20250327,000000,99.941,99.941,99.941,99.941,0,0
5YFRP.B,D,20250328,000000,100.118,100.118,100.118,100.118,0,0
5YFRP.B,D,20250331,000000,100.118,100.235,100.118,100.183,0,0
5YFRP.B,D,20250401,000000,100.242,100.242,100.225,100.225,0,0
5YFRP.B,D,20250402,000000,100.268,100.27,100.268,100.27,0,0
5YFRP.B,D,20250403,000000,100.449,100.54,100.449,100.54,0,0
5YFRP.B,D,20250404,000000,100.879,100.879,100.879,100.879,0,0
5YFRP.B,D,20250407,000000,100.879,101.316,100.852,100.852,0,0
5YFRP.B,D,20250408,000000,100.977,100.977,100.663,100.663,0,0
5YFRP.B,D,20250409,000000,100.675,100.675,100.675,100.675,0,0
5YFRP.B,D,20250410,000000,100.521,100.521,100.521,100.521,0,0
5YFRP.B,D,20250411,000000,100.647,100.754,100.647,100.754,0,0
5YFRP.B,D,20250414,000000,100.754,100.887,100.726,100.887,0,0
5YFRP.B,D,20250415,000000,100.934,100.934,100.897,100.897,0,0
5YFRP.B,D,20250416,000000,101.028,101.028,100.996,100.996,0,0
5YFRP.B,D,20250417,000000,100.878,101.268,100.878,101.268,0,0
5YFRP.B,D,20250422,000000,101.34,101.34,101.27,101.27,0,0
5YFRP.B,D,20250423,000000,101.177,101.177,101.1,101.1,0,0
5YFRP.B,D,20250424,000000,101.274,101.514,101.274,101.514,0,0
5YFRP.B,D,20250425,000000,101.491,101.491,101.45,101.45,0,0
5YFRP.B,D,20250428,000000,101.45,101.45,101.331,101.337,0,0
5YFRP.B,D,20250429,000000,101.406,101.406,101.363,101.363,0,0
5YFRP.B,D,20250430,000000,101.463,101.463,101.463,101.463,0,0
5YFRP.B,D,20250502,000000,101.463,101.463,101.449,101.449,0,0
5YFRP.B,D,20250505,000000,101.449,101.449,101.268,101.291,0,0
5YFRP.B,D,20250506,000000,101.204,101.204,101.18,101.18,0,0
5YFRP.B,D,20250507,000000,101.248,101.487,101.248,101.487,0,0
5YFRP.B,D,20250508,000000,101.451,101.451,101.342,101.342,0,0
5YFRP.B,D,20250509,000000,101.073,101.207,101.073,101.207,0,0
5YFRP.B,D,20250512,000000,101.207,101.207,100.739,100.739,0,0
5YFRP.B,D,20250513,000000,100.621,100.674,100.621,100.674,0,0
5YFRP.B,D,20250514,000000,100.604,100.604,100.579,100.579,0,0
5YFRP.B,D,20250515,000000,100.541,100.761,100.541,100.761,0,0
5YFRP.B,D,20250516,000000,100.913,100.984,100.913,100.984,0,0
5YFRP.B,D,20250519,000000,100.984,100.984,100.912,100.912,0,0
5YFRP.B,D,20250520,000000,101.087,101.087,101.052,101.052,0,0
5YFRP.B,D,20250521,000000,100.976,100.976,100.907,100.907,0,0
5YFRP.B,D,20250522,000000,100.895,100.902,100.895,100.902,0,0
5YFRP.B,D,20250523,000000,100.877,101.117,100.877,101.117,0,0
5YFRP.B,D,20250526,000000,101.117,101.156,101.019,101.156,0,0
5YFRP.B,D,20250527,000000,101.319,101.319,101.215,101.215,0,0
5YFRP.B,D,20250528,000000,101.22,101.22,101.16,101.16,0,0
5YFRP.B,D,20250529,000000,101.108,101.327,101.108,101.327,0,0
5YFRP.B,D,20250530,000000,101.33,101.344,101.33,101.344,0,0
5YFRP.B,D,20250602,000000,101.344,101.344,101.262,101.31,0,0
5YFRP.B,D,20250603,000000,101.394,101.452,101.394,101.452,0,0
5YFRP.B,D,20250604,000000,101.37,101.37,101.335,101.335,0,0
5YFRP.B,D,20250605,000000,101.248,101.248,101.016,101.016,0,0
5YFRP.B,D,20250606,000000,101.062,101.062,100.98,100.98,0,0
5YFRP.B,D,20250609,000000,100.98,101.206,100.98,100.997,0,0
5YFRP.B,D,20250610,000000,101.101,101.101,101.078,101.078,0,0
5YFRP.B,D,20250611,000000,101.047,101.095,101.047,101.095,0,0
5YFRP.B,D,20250612,000000,101.186,101.186,101.159,101.159,0,0
5YFRP.B,D,20250613,000000,100.239,100.239,100.057,100.057,0,0
5YFRP.B,D,20250616,000000,100.057,100.139,99.847,100.139,0,0
5YFRP.B,D,20250617,000000,100.035,100.059,100.035,100.059,0,0
5YFRP.B,D,20250618,000000,100.005,100.157,100.005,100.157,0,0
5YFRP.B,D,20250619,000000,99.946,100.005,99.946,100.005,0,0
5YFRP.B,D,20250620,000000,100.022,100.053,100.022,100.053,0,0
5YFRP.B,D,20250623,000000,100.053,100.106,99.875,100.106,0,0
5YFRP.B,D,20250624,000000,100.186,100.186,100.137,100.137,0,0
5YFRP.B,D,20250625,000000,100.334,100.334,100.028,100.028,0,0
5YFRP.B,D,20250626,000000,100.24,100.24,100.211,100.211,0,0
5YFRP.B,D,20250627,000000,100.127,100.127,100.043,100.043,0,0
5YFRP.B,D,20250630,000000,100.043,100.189,100.043,100.076,0,0
5YFRP.B,D,20250701,000000,100.298,100.298,100.189,100.189,0,0
5YFRP.B,D,20250702,000000,100.051,100.051,99.853,99.853,0,0
5YFRP.B,D,20250703,000000,99.974,100.043,99.974,100.043,0,0
5YFRP.B,D,20250704,000000,100.205,100.205,100.141,100.141,0,0
5YFRP.B,D,20250707,000000,100.141,100.141,99.893,99.893,0,0
5YFRP.B,D,20250708,000000,99.736,99.736,99.717,99.717,0,0
5YFRP.B,D,20250709,000000,99.804,99.804,99.795,99.795,0,0
5YFRP.B,D,20250710,000000,99.746,99.746,99.598,99.598,0,0
5YFRP.B,D,20250711,000000,99.522,99.522,99.522,99.522,0,0
5YFRP.B,D,20250714,000000,99.482,99.482,99.446,99.461,0,0
5YFRP.B,D,20250715,000000,99.624,99.624,99.584,99.584,0,0
5YFRP.B,D,20250716,000000,99.511,99.768,99.511,99.768,0,0
5YFRP.B,D,20250717,000000,99.685,99.728,99.685,99.728,0,0
5YFRP.B,D,20250718,000000,99.606,99.606,99.606,99.606,0,0
5YFRP.B,D,20250721,000000,99.606,100.117,99.606,100.117,0,0
5YFRP.B,D,20250722,000000,100.145,100.287,100.145,100.287,0,0
5YFRP.B,D,20250723,000000,100.166,100.249,100.166,100.249,0,0
5YFRP.B,D,20250724,000000,99.901,99.901,99.732,99.732,0,0
5YFRP.B,D,20250725,000000,99.357,99.575,99.357,99.575,0,0
5YFRP.B,D,20250728,000000,99.575,99.823,99.575,99.823,0,0
5YFRP.B,D,20250729,000000,99.651,99.651,99.651,99.651,0,0
5YFRP.B,D,20250730,000000,99.765,99.785,99.765,99.785,0,0
5YFRP.B,D,20250731,000000,99.666,99.666,99.612,99.612,0,0
5YFRP.B,D,20250801,000000,99.535,99.845,99.535,99.845,0,0
5YFRP.B,D,20250804,000000,99.845,100.016,99.711,100.016,0,0
5YFRP.B,D,20250805,000000,100.059,100.075,100.059,100.075,0,0
5YFRP.B,D,20250806,000000,99.995,99.995,99.951,99.951,0,0
5YFRP.B,D,20250807,000000,99.904,99.948,99.904,99.948,0,0
5YFRP.B,D,20250808,000000,99.89,99.89,99.739,99.739,0,0
5YFRP.B,D,20250811,000000,99.739,99.789,99.657,99.657,0,0
5YFRP.B,D,20250812,000000,99.646,99.646,99.455,99.455,0,0
5YFRP.B,D,20250813,000000,99.678,99.831,99.678,99.831,0,0
5YFRP.B,D,20250814,000000,99.894,99.894,99.732,99.732,0,0
5YFRP.B,D,20250815,000000,99.587,99.587,99.416,99.416,0,0
5YFRP.B,D,20250818,000000,99.416,99.492,99.305,99.305,0,0
5YFRP.B,D,20250819,000000,99.351,99.351,99.3,99.3,0,0
5YFRP.B,D,20250820,000000,99.466,99.628,99.466,99.628,0,0
5YFRP.B,D,20250821,000000,99.432,99.432,99.383,99.383,0,0
5YFRP.B,D,20250822,000000,99.375,99.375,99.375,99.375,0,0
5YFRP.B,D,20250825,000000,99.375,99.431,99.375,99.431,0,0
5YFRP.B,D,20250826,000000,99.27,99.28,99.27,99.28,0,0
5YFRP.B,D,20250827,000000,99.438,99.438,99.338,99.338,0,0
5YFRP.B,D,20250828,000000,99.431,99.431,99.431,99.431,0,0
5YFRP.B,D,20250829,000000,99.411,99.411,99.411,99.411,0,0
5YFRP.B,D,20250901,000000,99.411,99.411,99.28,99.3,0,0
5YFRP.B,D,20250902,000000,99.93,99.93,99.077,99.077,0,0
5YFRP.B,D,20250903,000000,99.099,99.25,99.099,99.25,0,0
5YFRP.B,D,20250904,000000,99.323,99.358,99.323,99.358,0,0
5YFRP.B,D,20250905,000000,99.466,99.691,99.466,99.691,0,0
5YFRP.B,D,20250908,000000,99.691,99.763,99.624,99.763,0,0
5YFRP.B,D,20250909,000000,99.692,99.796,99.692,99.796,0,0
5YFRP.B,D,20250910,000000,99.649,99.72,99.649,99.72,0,0
5YFRP.B,D,20250911,000000,99.74,99.74,99.73,99.73,0,0
5YFRP.B,D,20250912,000000,99.552,99.72,99.552,99.72,0,0
5YFRP.B,D,20250915,000000,99.72,99.72,99.499,99.499,0,0
5YFRP.B,D,20250916,000000,99.523,99.523,99.523,99.523,0,0
5YFRP.B,D,20250917,000000,99.515,99.515,99.459,99.459,0,0
5YFRP.B,D,20250918,000000,99.476,99.476,99.404,99.404,0,0
5YFRP.B,D,20250919,000000,99.27,99.27,99.27,99.27,0,0
5YFRP.B,D,20250922,000000,99.26,99.265,99.26,99.265,0,0
5YFRP.B,D,20250923,000000,99.295,99.295,99.256,99.256,0,0
5YFRP.B,D,20250924,000000,99.299,99.299,99.241,99.241,0,0
5YFRP.B,D,20250925,000000,99.298,99.298,99.16,99.16,0,0
5YFRP.B,D,20250926,000000,99.14,99.14,99.14,99.14,0,0
5YFRP.B,D,20250929,000000,99.14,99.324,99.14,99.324,0,0
5YFRP.B,D,20250930,000000,99.341,99.341,99.341,99.341,0,0
5YFRP.B,D,20251001,000000,99.22,99.22,99.22,99.22,0,0
5YFRP.B,D,20251002,000000,99.391,99.449,99.391,99.449,0,0
5YFRP.B,D,20251003,000000,99.43,99.43,99.43,99.43,0,0
5YFRP.B,D,20251006,000000,99.43,99.43,99.2,99.28,0,0
5YFRP.B,D,20251007,000000,99.18,99.273,99.18,99.273,0,0
5YFRP.B,D,20251008,000000,99.273,99.492,99.273,99.492,0,0
5YFRP.B,D,20251009,000000,99.525,99.525,99.433,99.433,0,0
5YFRP.B,D,20251010,000000,99.49,99.572,99.49,99.572,0,0
5YFRP.B,D,20251013,000000,99.572,99.722,99.572,99.722,0,0
5YFRP.B,D,20251014,000000,99.895,99.946,99.895,99.946,0,0
5YFRP.B,D,20251015,000000,100.084,100.211,100.084,100.211,0,0
5YFRP.B,D,20251016,000000,100.161,100.161,100.161,100.161,0,0
5YFRP.B,D,20251017,000000,100.361,100.361,100.201,100.201,0,0
5YFRP.B,D,20251020,000000,100.201,100.201,100.087,100.087,0,0
5YFRP.B,D,20251021,000000,100.203,100.251,100.203,100.251,0,0
5YFRP.B,D,20251022,000000,100.215,100.215,100.192,100.192,0,0
5YFRP.B,D,20251023,000000,100.136,100.15,100.136,100.15,0,0
5YFRP.B,D,20251024,000000,99.905,99.905,99.905,99.905,0,0
5YFRP.B,D,20251027,000000,99.905,99.905,99.773,99.773,0,0
5YFRP.B,D,20251028,000000,99.878,99.878,99.878,99.878,0,0
5YFRP.B,D,20251029,000000,99.886,99.886,99.886,99.886,0,0
5YFRP.B,D,20251030,000000,99.804,99.804,99.804,99.804,0,0
5YFRP.B,D,20251031,000000,99.804,99.845,99.804,99.836,0,0
5YFRP.B,D,20251103,000000,99.836,99.889,99.836,99.889,0,0
5YFRP.B,D,20251104,000000,99.821,99.855,99.821,99.855,0,0
5YFRP.B,D,20251105,000000,99.845,99.845,99.845,99.845,0,0
5YFRP.B,D,20251106,000000,99.845,99.845,99.759,99.759,0,0
5YFRP.B,D,20251107,000000,99.675,99.675,99.675,99.675,0,0
5YFRP.B,D,20251110,000000,99.675,99.766,99.659,99.766,0,0
5YFRP.B,D,20251111,000000,99.766,99.766,99.735,99.735,0,0
5YFRP.B,D,20251112,000000,99.735,99.762,99.735,99.762,0,0
5YFRP.B,D,20251113,000000,99.762,99.958,99.762,99.958,0,0
5YFRP.B,D,20251114,000000,99.655,99.655,99.655,99.655,0,0
5YFRP.B,D,20251117,000000,99.655,99.723,99.655,99.723,0,0
5YFRP.B,D,20251118,000000,99.723,99.723,99.714,99.714,0,0
5YFRP.B,D,20251119,000000,99.714,99.714,99.666,99.666,0,0
5YFRP.B,D,20251120,000000,99.666,99.666,99.645,99.645,0,0
5YFRP.B,D,20251121,000000,99.645,99.724,99.645,99.724,0,0
5YFRP.B,D,20251124,000000,99.724,99.724,99.671,99.671,0,0
5YFRP.B,D,20251125,000000,99.735,99.735,99.735,99.735,0,0
5YFRP.B,D,20251126,000000,99.735,99.859,99.735,99.859,0,0
5YFRP.B,D,20251127,000000,99.859,99.862,99.859,99.862,0,0
5YFRP.B,D,20251128,000000,99.862,99.862,99.786,99.786,0,0
5YFRP.B,D,20251201,000000,99.786,99.786,99.677,99.677,0,0
5YFRP.B,D,20251202,000000,99.481,99.481,99.481,99.481,0,0
5YFRP.B,D,20251203,000000,99.481,99.529,99.481,99.529,0,0
5YFRP.B,D,20251204,000000,99.424,99.424,99.424,99.424,0,0
5YFRP.B,D,20251205,000000,99.338,99.338,99.338,99.338,0,0
5YFRP.B,D,20251208,000000,99.338,99.338,99.186,99.186,0,0
5YFRP.B,D,20251209,000000,99.038,99.079,99.038,99.079,0,0
5YFRP.B,D,20251210,000000,98.856,99.031,98.856,99.031,0,0
5YFRP.B,D,20251211,000000,99.001,99.001,99.001,99.001,0,0
5YFRP.B,D,20251212,000000,99.083,99.083,99.083,99.083,0,0
5YFRP.B,D,20251215,000000,99.083,99.097,99.083,99.097,0,0
5YFRP.B,D,20251216,000000,99.178,99.206,99.178,99.206,0,0
5YFRP.B,D,20251217,000000,99.259,99.259,99.259,99.259,0,0
5YFRP.B,D,20251218,000000,99.248,99.248,99.248,99.248,0,0
5YFRP.B,D,20251219,000000,99.174,99.174,99.056,99.056,0,0
5YFRP.B,D,20251222,000000,99.056,99.104,98.995,98.995,0,0
5YFRP.B,D,20251223,000000,99.205,99.205,99.204,99.204,0,0
5YFRP.B,D,20251225,000000,99.204,99.204,99.204,99.204,0,0
5YFRP.B,D,20251226,000000,99.204,99.204,99.204,99.204,0,0
5YFRP.B,D,20251229,000000,99.204,99.368,99.204,99.368,0,0
5YFRP.B,D,20251230,000000,99.368,99.383,99.3,99.3,0,0
5YFRP.B,D,20260101,000000,99.3,99.3,99.3,99.3,0,0
5YFRP.B,D,20260102,000000,99.3,99.3,99.12,99.12,0,0
5YFRP.B,D,20260105,000000,99.12,99.182,99.12,99.182,0,0
5YFRP.B,D,20260106,000000,99.241,99.241,99.241,99.241,0,0
5YFRP.B,D,20260107,000000,99.475,99.475,99.475,99.475,0,0
5YFRP.B,D,20260108,000000,99.475,99.475,99.382,99.382,0,0
5YFRP.B,D,20260109,000000,99.451,99.451,99.451,99.451,0,0
5YFRP.B,D,20260112,000000,99.451,99.451,99.444,99.444,0,0
5YFRP.B,D,20260113,000000,99.428,99.428,99.428,99.428,0,0
5YFRP.B,D,20260114,000000,99.472,99.581,99.472,99.581,0,0
5YFRP.B,D,20260115,000000,99.524,99.524,99.524,99.524,0,0
5YFRP.B,D,20260116,000000,99.484,99.484,99.484,99.484,0,0
5YFRP.B,D,20260119,000000,99.484,99.496,99.484,99.496,0,0
5YFRP.B,D,20260120,000000,99.455,99.597,99.455,99.597,0,0
5YFRP.B,D,20260121,000000,99.681,99.681,99.681,99.681,0,0
5YFRP.B,D,20260122,000000,99.548,99.548,99.548,99.548,0,0
5YFRP.B,D,20260123,000000,99.529,99.605,99.529,99.605,0,0
5YFRP.B,D,20260126,000000,99.605,99.72,99.605,99.72,0,0
5YFRP.B,D,20260127,000000,99.753,99.753,99.753,99.753,0,0
5YFRP.B,D,20260128,000000,99.873,99.873,99.873,99.873,0,0
5YFRP.B,D,20260129,000000,99.893,99.893,99.893,99.893,0,0
5YFRP.B,D,20260130,000000,99.887,99.887,99.887,99.887,0,0
5YFRP.B,D,20260202,000000,99.887,99.915,99.887,99.915,0,0
5YFRP.B,D,20260203,000000,99.915,99.915,99.738,99.738,0,0
5YFRP.B,D,20260204,000000,99.828,99.828,99.828,99.828,0,0
5YFRP.B,D,20260205,000000,99.824,99.824,99.824,99.824,0,0
5YFRP.B,D,20260206,000000,99.923,99.923,99.923,99.923,0,0
5YFRP.B,D,20260209,000000,99.923,99.923,99.815,99.815,0,0
5YFRP.B,D,20260210,000000,99.979,99.979,99.979,99.979,0,0
