<TICKER>,<PER>,<DATE>,<TIME>,<OPEN>,<HIGH>,<LOW>,<CLOSE>,<VOL>,<OPENINT>
5YITP.B,D,20240321,000000,104.242,104.242,104.023,104.023,0,0
5YITP.B,D,20240322,000000,104.08,104.211,104.08,104.211,0,0
5YITP.B,D,20240325,000000,104.211,104.211,103.994,103.994,0,0
5YITP.B,D,20240326,000000,104.066,104.147,104.066,104.147,0,0
5YITP.B,D,20240327,000000,104.196,104.322,104.196,104.322,0,0
5YITP.B,D,20240328,000000,104.076,104.076,104.076,104.076,0,0
5YITP.B,D,20240402,000000,104.052,104.052,103.663,103.663,0,0
5YITP.B,D,20240403,000000,103.539,103.539,103.496,103.496,0,0
5YITP.B,D,20240404,000000,103.588,103.956,103.588,103.956,0,0
5YITP.B,D,20240405,000000,103.932,103.932,103.735,103.735,0,0
5YITP.B,D,20240408,000000,103.735,103.735,103.584,103.6,0,0
5YITP.B,D,20240409,000000,103.635,103.88,103.635,103.88,0,0
5YITP.B,D,20240410,000000,103.88,103.88,103.586,103.586,0,0
5YITP.B,D,20240411,000000,103.467,103.467,103.256,103.256,0,0
5YITP.B,D,20240412,000000,103.726,103.726,103.726,103.726,0,0
5YITP.B,D,20240415,000000,103.726,103.76,103.509,103.509,0,0
5YITP.B,D,20240416,000000,103.363,103.363,103.04,103.04,0,0
5YITP.B,D,20240417,000000,103.136,103.22,103.136,103.22,0,0
5YITP.B,D,20240418,000000,103.332,103.332,103.11,103.11,0,0
5YITP.B,D,20240419,000000,103.08,103.08,102.93,102.93,0,0
5YITP.B,D,20240422,000000,102.93,103.321,102.93,103.321,0,0
5YITP.B,D,20240423,000000,103.382,103.408,103.382,103.408,0,0
5YITP.B,D,20240424,000000,103.161,103.161,102.86,102.86,0,0
5YITP.B,D,20240425,000000,103.008,103.008,102.612,102.612,0,0
5YITP.B,D,20240426,000000,102.85,103.073,102.85,103.073,0,0
5YITP.B,D,20240429,000000,103.073,103.301,103.073,103.301,0,0
5YITP.B,D,20240430,000000,103.198,103.198,102.988,102.988,0,0
5YITP.B,D,20240502,000000,103.009,103.198,103.009,103.14,0,0
5YITP.B,D,20240503,000000,103.242,103.399,103.242,103.399,0,0
5YITP.B,D,20240506,000000,103.399,103.598,103.399,103.598,0,0
5YITP.B,D,20240507,000000,103.633,103.633,103.602,103.602,0,0
5YITP.B,D,20240508,000000,103.512,103.512,103.462,103.462,0,0
5YITP.B,D,20240509,000000,103.317,103.317,103.298,103.298,0,0
5YITP.B,D,20240510,000000,103.444,103.444,103.293,103.293,0,0
5YITP.B,D,20240513,000000,103.293,103.293,103.28,103.28,0,0
5YITP.B,D,20240514,000000,103.318,103.318,103.163,103.163,0,0
5YITP.B,D,20240515,000000,103.329,103.645,103.329,103.645,0,0
5YITP.B,D,20240516,000000,103.645,103.785,103.645,103.665,0,0
5YITP.B,D,20240517,000000,103.483,103.483,103.413,103.413,0,0
5YITP.B,D,20240520,000000,103.413,103.413,103.315,103.365,0,0
5YITP.B,D,20240521,000000,103.365,103.44,103.365,103.44,0,0
5YITP.B,D,20240522,000000,103.281,103.281,103.261,103.261,0,0
5YITP.B,D,20240523,000000,103.194,103.194,102.865,102.865,0,0
5YITP.B,D,20240524,000000,102.95,102.95,102.871,102.871,0,0
5YITP.B,D,20240527,000000,102.871,103.08,102.865,103.08,0,0
5YITP.B,D,20240528,000000,103.163,103.163,103.05,103.05,0,0
5YITP.B,D,20240529,000000,102.892,102.892,102.741,102.741,0,0
5YITP.B,D,20240530,000000,102.641,102.677,102.641,102.677,0,0
5YITP.B,D,20240531,000000,102.747,102.821,102.747,102.821,0,0
5YITP.B,D,20240603,000000,102.821,103.05,102.747,103.05,0,0
5YITP.B,D,20240604,000000,103.134,103.134,103.12,103.12,0,0
5YITP.B,D,20240605,000000,103.123,103.192,103.123,103.192,0,0
5YITP.B,D,20240606,000000,103.269,103.269,103.026,103.026,0,0
5YITP.B,D,20240607,000000,102.941,102.941,102.59,102.59,0,0
5YITP.B,D,20240610,000000,102.59,102.59,102.264,102.283,0,0
5YITP.B,D,20240611,000000,102.235,102.235,102.121,102.121,0,0
5YITP.B,D,20240612,000000,102.478,102.87,102.478,102.87,0,0
5YITP.B,D,20240613,000000,102.655,102.771,102.655,102.771,0,0
5YITP.B,D,20240614,000000,102.95,102.984,102.95,102.984,0,0
5YITP.B,D,20240617,000000,102.984,102.984,102.836,102.836,0,0
5YITP.B,D,20240618,000000,102.832,103.083,102.832,103.083,0,0
5YITP.B,D,20240619,000000,103.014,103.014,102.852,102.852,0,0
5YITP.B,D,20240620,000000,102.745,102.884,102.745,102.884,0,0
5YITP.B,D,20240621,000000,103.134,103.134,102.908,102.908,0,0
5YITP.B,D,20240624,000000,102.908,103.004,102.908,103.004,0,0
5YITP.B,D,20240625,000000,103.059,103.059,102.925,102.925,0,0
5YITP.B,D,20240626,000000,102.943,102.943,102.943,102.943,0,0
5YITP.B,D,20240627,000000,102.646,102.663,102.646,102.663,0,0
5YITP.B,D,20240628,000000,102.676,102.676,102.324,102.324,0,0
5YITP.B,D,20240701,000000,102.324,102.579,102.324,102.361,0,0
5YITP.B,D,20240702,000000,102.393,102.63,102.393,102.63,0,0
5YITP.B,D,20240703,000000,102.586,102.826,102.586,102.826,0,0
5YITP.B,D,20240704,000000,102.73,102.73,102.681,102.681,0,0
5YITP.B,D,20240705,000000,102.83,102.968,102.83,102.968,0,0
5YITP.B,D,20240708,000000,102.968,103.184,102.968,103.184,0,0
5YITP.B,D,20240709,000000,103.184,103.184,103.069,103.069,0,0
5YITP.B,D,20240710,000000,103.154,103.311,103.154,103.311,0,0
5YITP.B,D,20240711,000000,99.95,100.345,99.95,100.345,0,0
5YITP.B,D,20240712,000000,100.238,100.345,100.238,100.345,0,0
5YITP.B,D,20240715,000000,100.345,100.519,100.345,100.519,0,0
5YITP.B,D,20240716,000000,100.593,100.618,100.593,100.618,0,0
5YITP.B,D,20240717,000000,100.754,100.754,100.56,100.56,0,0
5YITP.B,D,20240718,000000,100.537,100.537,100.537,100.537,0,0
5YITP.B,D,20240719,000000,100.694,100.694,100.65,100.65,0,0
5YITP.B,D,20240722,000000,100.65,100.65,100.427,100.484,0,0
5YITP.B,D,20240723,000000,100.422,100.498,100.422,100.498,0,0
5YITP.B,D,20240724,000000,100.596,100.596,100.476,100.476,0,0
5YITP.B,D,20240725,000000,100.595,100.595,100.494,100.494,0,0
5YITP.B,D,20240726,000000,100.401,100.598,100.401,100.598,0,0
5YITP.B,D,20240729,000000,100.598,100.783,100.598,100.783,0,0
5YITP.B,D,20240730,000000,100.897,100.897,100.871,100.871,0,0
5YITP.B,D,20240731,000000,101.1,101.1,101.062,101.062,0,0
5YITP.B,D,20240801,000000,101.116,101.116,101.116,101.116,0,0
5YITP.B,D,20240802,000000,101.163,101.521,101.163,101.521,0,0
5YITP.B,D,20240805,000000,101.521,101.521,101.149,101.149,0,0
5YITP.B,D,20240806,000000,101.156,101.156,101.136,101.136,0,0
5YITP.B,D,20240807,000000,101.076,101.076,101.002,101.002,0,0
5YITP.B,D,20240808,000000,101.171,101.171,101.034,101.034,0,0
5YITP.B,D,20240809,000000,101.174,101.207,101.174,101.207,0,0
5YITP.B,D,20240812,000000,101.207,101.239,101.207,101.239,0,0
5YITP.B,D,20240813,000000,101.309,101.506,101.309,101.506,0,0
5YITP.B,D,20240814,000000,101.535,101.575,101.535,101.575,0,0
5YITP.B,D,20240815,000000,101.585,101.585,101.219,101.219,0,0
5YITP.B,D,20240816,000000,101.219,101.219,101.219,101.219,0,0
5YITP.B,D,20240819,000000,101.219,101.369,101.219,101.262,0,0
5YITP.B,D,20240820,000000,101.361,101.368,101.361,101.368,0,0
5YITP.B,D,20240821,000000,101.403,101.467,101.403,101.467,0,0
5YITP.B,D,20240822,000000,101.65,101.65,101.441,101.441,0,0
5YITP.B,D,20240823,000000,101.387,101.543,101.387,101.543,0,0
5YITP.B,D,20240826,000000,101.543,101.543,101.41,101.41,0,0
5YITP.B,D,20240827,000000,101.358,101.358,101.12,101.12,0,0
5YITP.B,D,20240828,000000,101.254,101.306,101.254,101.306,0,0
5YITP.B,D,20240829,000000,101.351,101.37,101.351,101.37,0,0
5YITP.B,D,20240830,000000,101.371,101.371,101.256,101.256,0,0
5YITP.B,D,20240902,000000,101.256,101.256,101.021,101.158,0,0
5YITP.B,D,20240903,000000,101.154,101.154,101.154,101.154,0,0
5YITP.B,D,20240904,000000,101.366,101.583,101.366,101.583,0,0
5YITP.B,D,20240905,000000,101.651,101.763,101.651,101.763,0,0
5YITP.B,D,20240906,000000,101.873,101.873,101.761,101.761,0,0
5YITP.B,D,20240909,000000,101.761,101.818,101.697,101.818,0,0
5YITP.B,D,20240910,000000,101.847,101.847,101.847,101.847,0,0
5YITP.B,D,20240911,000000,102.168,102.286,102.168,102.286,0,0
5YITP.B,D,20240912,000000,102.263,102.263,102.199,102.199,0,0
5YITP.B,D,20240913,000000,102.342,102.342,102.252,102.252,0,0
5YITP.B,D,20240916,000000,102.252,102.389,102.252,102.389,0,0
5YITP.B,D,20240917,000000,102.484,102.484,102.372,102.372,0,0
5YITP.B,D,20240918,000000,102.169,102.169,102.068,102.068,0,0
5YITP.B,D,20240919,000000,102.119,102.215,102.119,102.215,0,0
5YITP.B,D,20240920,000000,102.236,102.236,102.107,102.107,0,0
5YITP.B,D,20240923,000000,102.107,102.393,102.107,102.393,0,0
5YITP.B,D,20240924,000000,102.424,102.424,102.424,102.424,0,0
5YITP.B,D,20240925,000000,102.689,102.689,102.484,102.484,0,0
5YITP.B,D,20240926,000000,102.644,102.644,102.644,102.644,0,0
5YITP.B,D,20240927,000000,102.933,102.933,102.77,102.77,0,0
5YITP.B,D,20240930,000000,102.77,102.77,102.682,102.751,0,0
5YITP.B,D,20241001,000000,102.942,103.108,102.942,103.108,0,0
5YITP.B,D,20241002,000000,101.179,101.179,101.055,101.055,0,0
5YITP.B,D,20241003,000000,101.051,101.051,101.051,101.051,0,0
5YITP.B,D,20241004,000000,100.885,100.885,100.885,100.885,0,0
5YITP.B,D,20241007,000000,100.885,100.885,100.311,100.311,0,0
5YITP.B,D,20241008,000000,100.235,100.373,100.235,100.373,0,0
5YITP.B,D,20241009,000000,100.373,100.373,100.281,100.281,0,0
5YITP.B,D,20241010,000000,100.224,100.395,100.224,100.395,0,0
5YITP.B,D,20241011,000000,100.304,100.304,100.304,100.304,0,0
5YITP.B,D,20241014,000000,100.304,100.404,100.304,100.404,0,0
5YITP.B,D,20241015,000000,100.547,100.547,100.547,100.547,0,0
5YITP.B,D,20241016,000000,100.841,100.998,100.841,100.998,0,0
5YITP.B,D,20241017,000000,100.951,100.951,100.951,100.951,0,0
5YITP.B,D,20241018,000000,101.077,101.077,101.077,101.077,0,0
5YITP.B,D,20241021,000000,101.077,101.172,101.077,101.172,0,0
5YITP.B,D,20241022,000000,100.572,100.572,100.572,100.572,0,0
5YITP.B,D,20241023,000000,100.591,100.591,100.591,100.591,0,0
5YITP.B,D,20241024,000000,100.817,100.881,100.817,100.881,0,0
5YITP.B,D,20241025,000000,100.752,100.752,100.752,100.752,0,0
5YITP.B,D,20241028,000000,100.752,100.752,100.576,100.576,0,0
5YITP.B,D,20241029,000000,100.509,100.509,100.509,100.509,0,0
5YITP.B,D,20241030,000000,100.357,100.357,99.895,99.895,0,0
5YITP.B,D,20241031,000000,99.895,99.895,99.699,99.699,0,0
5YITP.B,D,20241101,000000,99.699,99.828,99.656,99.828,0,0
5YITP.B,D,20241104,000000,99.828,99.828,99.749,99.749,0,0
5YITP.B,D,20241105,000000,99.618,99.618,99.618,99.618,0,0
5YITP.B,D,20241106,000000,99.618,99.957,99.618,99.957,0,0
5YITP.B,D,20241107,000000,99.613,99.613,99.613,99.613,0,0
5YITP.B,D,20241108,000000,99.613,99.931,99.613,99.863,0,0
5YITP.B,D,20241111,000000,99.863,100.127,99.863,100.127,0,0
5YITP.B,D,20241112,000000,100.127,100.143,100.127,100.143,0,0
5YITP.B,D,20241113,000000,99.965,99.965,99.965,99.965,0,0
5YITP.B,D,20241114,000000,100.033,100.308,100.033,100.308,0,0
5YITP.B,D,20241115,000000,100.419,100.467,100.419,100.467,0,0
5YITP.B,D,20241118,000000,100.467,100.467,100.284,100.284,0,0
5YITP.B,D,20241119,000000,100.433,100.433,100.338,100.338,0,0
5YITP.B,D,20241120,000000,100.338,100.338,100.259,100.298,0,0
5YITP.B,D,20241121,000000,100.296,100.475,100.296,100.475,0,0
5YITP.B,D,20241122,000000,100.672,100.672,100.672,100.672,0,0
5YITP.B,D,20241125,000000,100.672,100.882,100.672,100.882,0,0
5YITP.B,D,20241126,000000,100.744,100.744,100.744,100.744,0,0
5YITP.B,D,20241127,000000,100.744,100.744,100.743,100.743,0,0
5YITP.B,D,20241128,000000,101.03,101.224,101.03,101.224,0,0
5YITP.B,D,20241129,000000,101.224,101.274,101.224,101.274,0,0
5YITP.B,D,20241202,000000,101.274,101.735,101.274,101.713,0,0
5YITP.B,D,20241203,000000,101.713,101.713,101.706,101.706,0,0
5YITP.B,D,20241204,000000,101.66,101.66,101.66,101.66,0,0
5YITP.B,D,20241205,000000,101.759,101.759,101.759,101.759,0,0
5YITP.B,D,20241206,000000,101.682,101.682,101.682,101.682,0,0
5YITP.B,D,20241209,000000,101.682,101.796,101.682,101.796,0,0
5YITP.B,D,20241210,000000,101.786,101.786,101.786,101.786,0,0
5YITP.B,D,20241211,000000,101.924,101.924,101.924,101.924,0,0
5YITP.B,D,20241212,000000,101.842,101.842,101.842,101.842,0,0
5YITP.B,D,20241213,000000,101.314,101.314,101.274,101.274,0,0
5YITP.B,D,20241216,000000,101.274,101.274,101.186,101.238,0,0
5YITP.B,D,20241217,000000,101.144,101.144,101.144,101.144,0,0
5YITP.B,D,20241218,000000,101.086,101.086,101.086,101.086,0,0
5YITP.B,D,20241219,000000,100.906,100.906,100.826,100.826,0,0
5YITP.B,D,20241220,000000,100.862,100.942,100.862,100.942,0,0
5YITP.B,D,20241223,000000,100.942,100.942,100.748,100.748,0,0
5YITP.B,D,20241227,000000,100.569,100.569,100.569,100.569,0,0
5YITP.B,D,20241230,000000,100.569,100.664,100.569,100.664,0,0
5YITP.B,D,20250102,000000,100.664,100.73,100.664,100.73,0,0
5YITP.B,D,20250103,000000,100.688,100.688,100.688,100.688,0,0
5YITP.B,D,20250106,000000,100.688,100.688,100.364,100.364,0,0
5YITP.B,D,20250107,000000,100.374,100.374,100.374,100.374,0,0
5YITP.B,D,20250108,000000,100.288,100.288,100.288,100.288,0,0
5YITP.B,D,20250109,000000,99.999,99.999,99.994,99.994,0,0
5YITP.B,D,20250110,000000,99.84,99.84,99.78,99.78,0,0
5YITP.B,D,20250113,000000,99.78,99.78,99.366,99.434,0,0
5YITP.B,D,20250114,000000,99.504,99.504,99.504,99.504,0,0
5YITP.B,D,20250115,000000,99.44,99.44,99.44,99.44,0,0
5YITP.B,D,20250116,000000,99.91,99.91,99.91,99.91,0,0
5YITP.B,D,20250117,000000,100.19,100.19,100.19,100.19,0,0
5YITP.B,D,20250120,000000,100.19,100.2,100.19,100.2,0,0
5YITP.B,D,20250121,000000,100.304,100.304,100.304,100.304,0,0
5YITP.B,D,20250122,000000,100.39,100.39,100.39,100.39,0,0
5YITP.B,D,20250123,000000,100.21,100.21,100.061,100.061,0,0
5YITP.B,D,20250124,000000,100.107,100.107,100.107,100.107,0,0
5YITP.B,D,20250127,000000,100.107,100.182,100.107,100.182,0,0
5YITP.B,D,20250128,000000,100.182,100.182,100.1,100.1,0,0
5YITP.B,D,20250129,000000,100.234,100.234,100.196,100.196,0,0
5YITP.B,D,20250130,000000,100.224,100.224,100.224,100.224,0,0
5YITP.B,D,20250131,000000,100.39,100.658,100.39,100.658,0,0
5YITP.B,D,20250203,000000,100.658,100.758,100.658,100.758,0,0
5YITP.B,D,20250204,000000,100.866,100.866,100.866,100.866,0,0
5YITP.B,D,20250205,000000,101.058,101.058,101.058,101.058,0,0
5YITP.B,D,20250206,000000,100.918,100.918,100.918,100.918,0,0
5YITP.B,D,20250207,000000,101.132,101.132,101.132,101.132,0,0
5YITP.B,D,20250210,000000,101.132,101.132,101.054,101.054,0,0
5YITP.B,D,20250211,000000,100.956,100.956,100.956,100.956,0,0
5YITP.B,D,20250212,000000,100.764,100.764,100.764,100.764,0,0
5YITP.B,D,20250213,000000,100.678,100.678,100.678,100.678,0,0
5YITP.B,D,20250214,000000,100.808,100.808,100.808,100.808,0,0
5YITP.B,D,20250217,000000,100.808,100.808,100.554,100.68,0,0
5YITP.B,D,20250218,000000,100.666,100.666,100.666,100.666,0,0
5YITP.B,D,20250219,000000,100.564,100.564,100.564,100.564,0,0
5YITP.B,D,20250220,000000,100.356,100.356,100.356,100.356,0,0
5YITP.B,D,20250221,000000,100.56,100.688,100.56,100.688,0,0
5YITP.B,D,20250224,000000,100.688,100.742,100.686,100.742,0,0
5YITP.B,D,20250225,000000,100.81,100.866,100.81,100.866,0,0
5YITP.B,D,20250226,000000,103.447,103.504,103.447,103.504,0,0
5YITP.B,D,20250227,000000,103.495,103.584,103.495,103.584,0,0
5YITP.B,D,20250228,000000,103.728,103.728,103.685,103.685,0,0
5YITP.B,D,20250303,000000,103.685,103.685,103.395,103.395,0,0
5YITP.B,D,20250304,000000,103.7,103.7,103.7,103.7,0,0
5YITP.B,D,20250305,000000,102.651,102.651,102.651,102.651,0,0
5YITP.B,D,20250306,000000,101.866,101.866,101.866,101.866,0,0
5YITP.B,D,20250307,000000,102.088,102.255,102.088,102.255,0,0
5YITP.B,D,20250310,000000,102.255,102.255,102.255,102.255,0,0
5YITP.B,D,20250311,000000,102.055,102.055,102.055,102.055,0,0
5YITP.B,D,20250312,000000,102.149,102.149,102.149,102.149,0,0
5YITP.B,D,20250313,000000,102.052,102.052,102.052,102.052,0,0
5YITP.B,D,20250314,000000,102.141,102.141,102.141,102.141,0,0
5YITP.B,D,20250317,000000,102.141,102.456,102.141,102.456,0,0
5YITP.B,D,20250318,000000,102.439,102.439,102.439,102.439,0,0
5YITP.B,D,20250319,000000,102.537,102.537,102.537,102.537,0,0
5YITP.B,D,20250320,000000,102.603,102.603,102.547,102.547,0,0
5YITP.B,D,20250321,000000,102.599,102.599,102.599,102.599,0,0
5YITP.B,D,20250324,000000,102.599,102.742,102.599,102.742,0,0
5YITP.B,D,20250325,000000,102.677,102.677,102.625,102.625,0,0
5YITP.B,D,20250326,000000,102.711,102.711,102.711,102.711,0,0
5YITP.B,D,20250327,000000,102.801,102.801,102.801,102.801,0,0
5YITP.B,D,20250328,000000,103.008,103.008,103.008,103.008,0,0
5YITP.B,D,20250331,000000,103.008,103.149,103.008,103.097,0,0
5YITP.B,D,20250401,000000,103.171,103.177,103.171,103.177,0,0
5YITP.B,D,20250402,000000,99.858,99.858,99.829,99.829,0,0
5YITP.B,D,20250403,000000,100.055,100.074,100.055,100.074,0,0
5YITP.B,D,20250404,000000,100.22,100.22,100.22,100.22,0,0
5YITP.B,D,20250407,000000,100.22,100.341,100.048,100.048,0,0
5YITP.B,D,20250408,000000,100.088,100.088,99.863,99.863,0,0
5YITP.B,D,20250409,000000,99.724,99.724,99.724,99.724,0,0
5YITP.B,D,20250410,000000,99.911,99.911,99.911,99.911,0,0
5YITP.B,D,20250411,000000,99.919,100.036,99.919,100.036,0,0
5YITP.B,D,20250414,000000,100.036,100.44,100.036,100.44,0,0
5YITP.B,D,20250415,000000,100.49,100.49,100.41,100.41,0,0
5YITP.B,D,20250416,000000,100.515,100.515,100.489,100.489,0,0
5YITP.B,D,20250417,000000,100.465,100.829,100.465,100.829,0,0
5YITP.B,D,20250422,000000,100.923,100.923,100.894,100.894,0,0
5YITP.B,D,20250423,000000,100.852,100.852,100.807,100.807,0,0
5YITP.B,D,20250424,000000,100.92,101.279,100.92,101.279,0,0
5YITP.B,D,20250425,000000,101.238,101.238,101.106,101.106,0,0
5YITP.B,D,20250428,000000,101.106,101.106,101.002,101.044,0,0
5YITP.B,D,20250429,000000,101.09,101.09,101.008,101.008,0,0
5YITP.B,D,20250430,000000,101.126,101.126,101.126,101.126,0,0
5YITP.B,D,20250502,000000,101.126,101.126,101.105,101.105,0,0
5YITP.B,D,20250505,000000,101.105,101.105,100.968,100.998,0,0
5YITP.B,D,20250506,000000,100.95,100.95,100.885,100.885,0,0
5YITP.B,D,20250507,000000,101.012,101.291,101.012,101.291,0,0
5YITP.B,D,20250508,000000,101.265,101.265,101.16,101.16,0,0
5YITP.B,D,20250509,000000,100.906,101.016,100.906,101.016,0,0
5YITP.B,D,20250512,000000,101.016,101.016,100.585,100.585,0,0
5YITP.B,D,20250513,000000,100.482,100.488,100.482,100.488,0,0
5YITP.B,D,20250514,000000,100.412,100.491,100.412,100.491,0,0
5YITP.B,D,20250515,000000,100.439,100.629,100.439,100.629,0,0
5YITP.B,D,20250516,000000,100.842,100.906,100.842,100.906,0,0
5YITP.B,D,20250519,000000,100.906,100.906,100.774,100.774,0,0
5YITP.B,D,20250520,000000,100.975,100.975,100.912,100.912,0,0
5YITP.B,D,20250521,000000,100.825,100.825,100.806,100.806,0,0
5YITP.B,D,20250522,000000,100.828,100.828,100.817,100.817,0,0
5YITP.B,D,20250523,000000,100.831,101.011,100.831,101.011,0,0
5YITP.B,D,20250526,000000,101.011,101.088,100.902,101.088,0,0
5YITP.B,D,20250527,000000,101.231,101.231,101.112,101.112,0,0
5YITP.B,D,20250528,000000,101.165,101.165,101.161,101.161,0,0
5YITP.B,D,20250529,000000,101.084,101.317,101.084,101.317,0,0
5YITP.B,D,20250530,000000,101.321,101.321,101.303,101.303,0,0
5YITP.B,D,20250602,000000,101.303,101.316,101.234,101.316,0,0
5YITP.B,D,20250603,000000,101.395,101.455,101.395,101.455,0,0
5YITP.B,D,20250604,000000,101.347,101.347,101.315,101.315,0,0
5YITP.B,D,20250605,000000,101.314,101.314,100.983,100.983,0,0
5YITP.B,D,20250606,000000,101.177,101.177,101.116,101.116,0,0
5YITP.B,D,20250609,000000,101.116,101.362,101.116,101.13,0,0
5YITP.B,D,20250610,000000,101.204,101.265,101.204,101.265,0,0
5YITP.B,D,20250611,000000,101.238,101.378,101.238,101.378,0,0
5YITP.B,D,20250612,000000,101.414,101.427,101.414,101.427,0,0
5YITP.B,D,20250613,000000,101.305,101.305,101.161,101.161,0,0
5YITP.B,D,20250616,000000,101.161,101.3,100.996,101.3,0,0
5YITP.B,D,20250617,000000,101.144,101.3,101.144,101.3,0,0
5YITP.B,D,20250618,000000,101.09,101.252,101.09,101.252,0,0
5YITP.B,D,20250619,000000,101.101,101.106,101.101,101.106,0,0
5YITP.B,D,20250620,000000,101.076,101.106,101.076,101.106,0,0
5YITP.B,D,20250623,000000,101.106,101.123,100.916,101.123,0,0
5YITP.B,D,20250624,000000,101.287,101.333,101.287,101.333,0,0
5YITP.B,D,20250625,000000,101.409,101.409,101.151,101.151,0,0
5YITP.B,D,20250626,000000,101.323,101.366,101.323,101.366,0,0
5YITP.B,D,20250627,000000,101.308,101.308,101.177,101.177,0,0
5YITP.B,D,20250630,000000,101.177,101.322,101.177,101.237,0,0
5YITP.B,D,20250701,000000,101.468,101.468,101.37,101.37,0,0
5YITP.B,D,20250702,000000,101.253,101.37,101.253,101.37,0,0
5YITP.B,D,20250703,000000,101.227,101.294,101.227,101.294,0,0
5YITP.B,D,20250704,000000,101.468,101.474,101.468,101.474,0,0
5YITP.B,D,20250707,000000,101.474,101.474,101.21,101.21,0,0
5YITP.B,D,20250708,000000,101.08,101.08,101.062,101.062,0,0
5YITP.B,D,20250709,000000,101.105,101.126,101.105,101.126,0,0
5YITP.B,D,20250710,000000,101.1,101.1,101.029,101.029,0,0
5YITP.B,D,20250711,000000,100.886,100.886,100.886,100.886,0,0
5YITP.B,D,20250714,000000,100.857,100.934,100.846,100.934,0,0
5YITP.B,D,20250715,000000,101.015,101.045,101.015,101.045,0,0
5YITP.B,D,20250716,000000,100.933,101.155,100.933,101.155,0,0
5YITP.B,D,20250717,000000,101.08,101.137,101.08,101.137,0,0
5YITP.B,D,20250718,000000,101.023,101.023,101.023,101.023,0,0
5YITP.B,D,20250721,000000,101.023,101.464,101.023,101.464,0,0
5YITP.B,D,20250722,000000,101.461,101.558,101.461,101.558,0,0
5YITP.B,D,20250723,000000,101.468,101.503,101.468,101.503,0,0
5YITP.B,D,20250724,000000,101.207,101.207,100.996,100.996,0,0
5YITP.B,D,20250725,000000,100.657,100.837,100.657,100.837,0,0
5YITP.B,D,20250728,000000,100.837,101.112,100.837,101.112,0,0
5YITP.B,D,20250729,000000,100.972,100.972,100.972,100.972,0,0
5YITP.B,D,20250730,000000,101.048,101.113,101.048,101.113,0,0
5YITP.B,D,20250731,000000,100.983,100.983,100.947,100.947,0,0
5YITP.B,D,20250801,000000,100.86,101.165,100.86,101.165,0,0
5YITP.B,D,20250804,000000,101.165,101.353,101.08,101.353,0,0
5YITP.B,D,20250805,000000,101.426,101.482,101.426,101.482,0,0
5YITP.B,D,20250806,000000,101.382,101.382,101.354,101.354,0,0
5YITP.B,D,20250807,000000,101.365,101.373,101.365,101.373,0,0
5YITP.B,D,20250808,000000,101.291,101.291,101.14,101.14,0,0
5YITP.B,D,20250811,000000,101.14,101.176,101.098,101.098,0,0
5YITP.B,D,20250812,000000,101.036,101.036,100.901,100.901,0,0
5YITP.B,D,20250813,000000,101.128,101.27,101.128,101.27,0,0
5YITP.B,D,20250814,000000,101.356,101.356,101.205,101.205,0,0
5YITP.B,D,20250818,000000,100.881,100.968,100.878,100.878,0,0
5YITP.B,D,20250819,000000,100.877,100.877,100.873,100.873,0,0
5YITP.B,D,20250820,000000,100.947,101.082,100.947,101.082,0,0
5YITP.B,D,20250821,000000,100.972,100.972,100.868,100.868,0,0
5YITP.B,D,20250822,000000,100.861,100.861,100.861,100.861,0,0
5YITP.B,D,20250825,000000,100.861,100.947,100.861,100.947,0,0
5YITP.B,D,20250826,000000,100.898,100.941,100.898,100.941,0,0
5YITP.B,D,20250827,000000,101.039,101.039,100.904,100.904,0,0
5YITP.B,D,20250828,000000,100.975,100.975,100.975,100.975,0,0
5YITP.B,D,20250829,000000,100.991,100.991,100.991,100.991,0,0
5YITP.B,D,20250901,000000,100.991,100.991,100.813,100.827,0,0
5YITP.B,D,20250902,000000,101.313,101.313,100.534,100.534,0,0
5YITP.B,D,20250903,000000,100.605,100.811,100.605,100.811,0,0
5YITP.B,D,20250904,000000,100.854,100.875,100.854,100.875,0,0
5YITP.B,D,20250905,000000,100.973,101.233,100.973,101.233,0,0
5YITP.B,D,20250908,000000,101.233,101.343,101.225,101.343,0,0
5YITP.B,D,20250909,000000,101.267,101.283,101.267,101.283,0,0
5YITP.B,D,20250910,000000,101.286,101.286,101.24,101.24,0,0
5YITP.B,D,20250911,000000,101.201,101.201,101.174,101.174,0,0
5YITP.B,D,20250912,000000,101.06,101.06,100.93,100.93,0,0
5YITP.B,D,20250915,000000,100.93,101.047,100.93,101.047,0,0
5YITP.B,D,20250916,000000,101.129,101.129,101.129,101.129,0,0
5YITP.B,D,20250917,000000,101.138,101.138,101.102,101.102,0,0
5YITP.B,D,20250918,000000,101.109,101.109,101.007,101.007,0,0
5YITP.B,D,20250919,000000,100.942,100.942,100.942,100.942,0,0
5YITP.B,D,20250922,000000,100.936,100.949,100.936,100.949,0,0
5YITP.B,D,20250923,000000,100.939,100.939,100.903,100.903,0,0
5YITP.B,D,20250924,000000,100.916,100.916,100.839,100.839,0,0
5YITP.B,D,20250925,000000,100.847,100.847,100.659,100.659,0,0
5YITP.B,D,20250926,000000,100.656,100.656,100.656,100.656,0,0
5YITP.B,D,20250929,000000,100.656,100.887,100.656,100.887,0,0
5YITP.B,D,20250930,000000,100.935,100.935,100.896,100.896,0,0
5YITP.B,D,20251001,000000,100.843,100.843,100.843,100.843,0,0
5YITP.B,D,20251002,000000,100.971,101.008,100.971,101.008,0,0
5YITP.B,D,20251003,000000,100.994,100.994,100.994,100.994,0,0
5YITP.B,D,20251006,000000,100.994,100.994,100.92,100.95,0,0
5YITP.B,D,20251007,000000,100.873,100.957,100.873,100.957,0,0
5YITP.B,D,20251008,000000,100.957,101.183,100.957,101.183,0,0
5YITP.B,D,20251009,000000,101.121,101.121,101.059,101.059,0,0
5YITP.B,D,20251010,000000,101.089,101.201,101.089,101.201,0,0
5YITP.B,D,20251013,000000,101.201,101.345,101.201,101.345,0,0
5YITP.B,D,20251014,000000,101.503,101.503,101.481,101.481,0,0
5YITP.B,D,20251015,000000,101.579,101.667,101.579,101.667,0,0
5YITP.B,D,20251016,000000,101.683,101.683,101.683,101.683,0,0
5YITP.B,D,20251017,000000,101.818,101.818,101.713,101.713,0,0
5YITP.B,D,20251020,000000,101.713,101.713,101.648,101.648,0,0
5YITP.B,D,20251021,000000,101.749,101.801,101.749,101.801,0,0
5YITP.B,D,20251022,000000,101.813,101.813,101.751,101.751,0,0
5YITP.B,D,20251023,000000,101.728,101.728,101.691,101.691,0,0
5YITP.B,D,20251024,000000,101.526,101.526,101.526,101.526,0,0
5YITP.B,D,20251027,000000,101.526,101.526,101.472,101.472,0,0
5YITP.B,D,20251028,000000,101.557,101.557,101.557,101.557,0,0
5YITP.B,D,20251029,000000,101.498,101.498,101.498,101.498,0,0
5YITP.B,D,20251030,000000,101.457,101.457,101.457,101.457,0,0
5YITP.B,D,20251031,000000,101.443,101.474,101.443,101.474,0,0
5YITP.B,D,20251103,000000,101.474,101.542,101.474,101.542,0,0
5YITP.B,D,20251104,000000,101.454,101.509,101.454,101.509,0,0
5YITP.B,D,20251105,000000,101.509,101.509,100.202,100.202,0,0
5YITP.B,D,20251106,000000,100.12,100.12,100.12,100.12,0,0
5YITP.B,D,20251107,000000,100.12,100.12,100.04,100.04,0,0
5YITP.B,D,20251110,000000,100.04,100.156,100.04,100.156,0,0
5YITP.B,D,20251111,000000,100.107,100.107,100.107,100.107,0,0
5YITP.B,D,20251112,000000,100.091,100.091,100.091,100.091,0,0
5YITP.B,D,20251113,000000,100.273,100.273,100.273,100.273,0,0
5YITP.B,D,20251114,000000,99.94,99.94,99.94,99.94,0,0
5YITP.B,D,20251117,000000,99.94,99.948,99.94,99.948,0,0
5YITP.B,D,20251118,000000,99.977,99.977,99.977,99.977,0,0
5YITP.B,D,20251119,000000,99.962,99.962,99.962,99.962,0,0
5YITP.B,D,20251120,000000,99.998,99.998,99.998,99.998,0,0
5YITP.B,D,20251121,000000,100.046,100.046,100.046,100.046,0,0
5YITP.B,D,20251124,000000,100.046,100.046,99.993,99.993,0,0
5YITP.B,D,20251125,000000,100.019,100.019,100.019,100.019,0,0
5YITP.B,D,20251126,000000,100.098,100.098,100.098,100.098,0,0
5YITP.B,D,20251127,000000,100.133,100.133,100.133,100.133,0,0
5YITP.B,D,20251128,000000,100.117,100.117,100.117,100.117,0,0
5YITP.B,D,20251201,000000,100.117,100.117,99.987,99.987,0,0
5YITP.B,D,20251202,000000,99.874,99.874,99.874,99.874,0,0
5YITP.B,D,20251203,000000,99.94,99.94,99.94,99.94,0,0
5YITP.B,D,20251204,000000,99.932,99.932,99.932,99.932,0,0
5YITP.B,D,20251205,000000,99.796,99.796,99.796,99.796,0,0
5YITP.B,D,20251208,000000,99.796,99.796,99.569,99.569,0,0
5YITP.B,D,20251209,000000,99.323,99.404,99.323,99.404,0,0
5YITP.B,D,20251210,000000,99.271,99.316,99.271,99.316,0,0
5YITP.B,D,20251211,000000,99.342,99.342,99.342,99.342,0,0
5YITP.B,D,20251212,000000,99.446,99.446,99.446,99.446,0,0
5YITP.B,D,20251215,000000,99.446,99.507,99.446,99.507,0,0
5YITP.B,D,20251216,000000,99.567,99.595,99.567,99.595,0,0
5YITP.B,D,20251217,000000,100.05,100.05,100.05,100.05,0,0
5YITP.B,D,20251218,000000,100.044,100.044,100.044,100.044,0,0
5YITP.B,D,20251219,000000,100.029,100.029,99.882,99.882,0,0
5YITP.B,D,20251222,000000,99.882,99.955,99.786,99.786,0,0
5YITP.B,D,20251223,000000,100.03,100.03,99.949,99.949,0,0
5YITP.B,D,20251225,000000,99.949,99.949,99.949,99.949,0,0
5YITP.B,D,20251226,000000,99.949,99.949,99.949,99.949,0,0
5YITP.B,D,20251229,000000,99.949,100.163,99.949,100.163,0,0
5YITP.B,D,20251230,000000,100.243,100.243,100.111,100.111,0,0
5YITP.B,D,20260101,000000,100.111,100.111,100.111,100.111,0,0
5YITP.B,D,20260102,000000,100.111,100.111,99.937,99.937,0,0
5YITP.B,D,20260105,000000,99.937,99.986,99.932,99.986,0,0
5YITP.B,D,20260106,000000,100.07,100.07,100.07,100.07,0,0
5YITP.B,D,20260107,000000,100.36,100.36,100.36,100.36,0,0
5YITP.B,D,20260108,000000,100.227,100.227,100.227,100.227,0,0
5YITP.B,D,20260109,000000,100.28,100.28,100.28,100.28,0,0
5YITP.B,D,20260112,000000,100.28,100.314,100.28,100.314,0,0
5YITP.B,D,20260113,000000,100.301,100.301,100.301,100.301,0,0
5YITP.B,D,20260114,000000,100.371,100.449,100.371,100.449,0,0
5YITP.B,D,20260115,000000,100.408,100.408,100.408,100.408,0,0
5YITP.B,D,20260116,000000,100.404,100.404,100.404,100.404,0,0
5YITP.B,D,20260119,000000,100.404,100.411,100.404,100.411,0,0
5YITP.B,D,20260120,000000,100.334,100.38,100.334,100.38,0,0
5YITP.B,D,20260121,000000,100.485,100.485,100.485,100.485,0,0
5YITP.B,D,20260122,000000,100.312,100.312,100.312,100.312,0,0
5YITP.B,D,20260123,000000,100.234,100.3,100.234,100.3,0,0
5YITP.B,D,20260126,000000,100.3,100.315,100.3,100.315,0,0
5YITP.B,D,20260127,000000,100.427,100.427,100.427,100.427,0,0
5YITP.B,D,20260128,000000,100.548,100.548,100.548,100.548,0,0
5YITP.B,D,20260129,000000,100.544,100.544,100.544,100.544,0,0
5YITP.B,D,20260130,000000,100.607,100.607,100.557,100.557,0,0
5YITP.B,D,20260202,000000,100.557,100.558,100.557,100.558,0,0
5YITP.B,D,20260203,000000,100.424,100.424,100.424,100.424,0,0
5YITP.B,D,20260204,000000,100.493,100.493,100.493,100.493,0,0
5YITP.B,D,20260205,000000,100.483,100.483,100.483,100.483,0,0
5YITP.B,D,20260206,000000,100.568,100.568,100.568,100.568,0,0
5YITP.B,D,20260209,000000,100.568,100.568,100.522,100.522,0,0
5YITP.B,D,20260210,000000,100.703,100.703,100.703,100.703,0,0
