<TICKER>,<PER>,<DATE>,<TIME>,<OPEN>,<HIGH>,<LOW>,<CLOSE>,<VOL>,<OPENINT>
5YUKP.B,D,20240321,000000,86.664,86.664,86.595,86.595,0,0
5YUKP.B,D,20240322,000000,86.756,86.817,86.756,86.817,0,0
5YUKP.B,D,20240325,000000,86.817,86.84,86.583,86.583,0,0
5YUKP.B,D,20240326,000000,86.676,86.676,86.663,86.663,0,0
5YUKP.B,D,20240327,000000,86.671,86.762,86.671,86.762,0,0
5YUKP.B,D,20240328,000000,86.704,86.704,86.704,86.704,0,0
5YUKP.B,D,20240402,000000,86.78,86.78,86.435,86.435,0,0
5YUKP.B,D,20240403,000000,86.448,86.542,86.448,86.542,0,0
5YUKP.B,D,20240404,000000,86.609,86.741,86.609,86.741,0,0
5YUKP.B,D,20240405,000000,86.72,86.72,86.571,86.571,0,0
5YUKP.B,D,20240408,000000,86.571,86.571,86.463,86.485,0,0
5YUKP.B,D,20240409,000000,86.58,86.628,86.58,86.628,0,0
5YUKP.B,D,20240410,000000,86.594,86.594,86.163,86.163,0,0
5YUKP.B,D,20240411,000000,85.848,85.91,85.848,85.91,0,0
5YUKP.B,D,20240412,000000,86.194,86.194,86.194,86.194,0,0
5YUKP.B,D,20240415,000000,86.194,86.194,85.947,85.947,0,0
5YUKP.B,D,20240416,000000,85.899,85.899,85.63,85.63,0,0
5YUKP.B,D,20240417,000000,85.652,85.702,85.652,85.702,0,0
5YUKP.B,D,20240418,000000,85.879,85.879,85.827,85.827,0,0
5YUKP.B,D,20240419,000000,85.836,85.836,85.739,85.739,0,0
5YUKP.B,D,20240422,000000,85.739,86.163,85.739,86.163,0,0
5YUKP.B,D,20240423,000000,86.139,86.139,86.066,86.066,0,0
5YUKP.B,D,20240424,000000,85.921,85.921,85.715,85.715,0,0
5YUKP.B,D,20240425,000000,85.851,85.851,85.626,85.626,0,0
5YUKP.B,D,20240426,000000,85.802,85.802,85.794,85.794,0,0
5YUKP.B,D,20240429,000000,85.794,85.85,85.767,85.85,0,0
5YUKP.B,D,20240430,000000,85.826,85.826,85.694,85.694,0,0
5YUKP.B,D,20240501,000000,85.655,85.655,85.655,85.655,0,0
5YUKP.B,D,20240502,000000,85.655,85.962,85.655,85.962,0,0
5YUKP.B,D,20240503,000000,86.012,86.242,86.012,86.242,0,0
5YUKP.B,D,20240507,000000,86.409,86.459,86.409,86.459,0,0
5YUKP.B,D,20240508,000000,86.464,86.478,86.464,86.478,0,0
5YUKP.B,D,20240509,000000,86.404,86.55,86.404,86.55,0,0
5YUKP.B,D,20240510,000000,86.666,86.666,86.569,86.569,0,0
5YUKP.B,D,20240513,000000,86.569,86.569,86.467,86.467,0,0
5YUKP.B,D,20240514,000000,86.466,86.485,86.466,86.485,0,0
5YUKP.B,D,20240515,000000,86.613,86.678,86.613,86.678,0,0
5YUKP.B,D,20240516,000000,86.678,86.822,86.678,86.788,0,0
5YUKP.B,D,20240517,000000,86.672,86.672,86.633,86.633,0,0
5YUKP.B,D,20240520,000000,86.633,86.633,86.515,86.515,0,0
5YUKP.B,D,20240521,000000,86.515,86.593,86.515,86.593,0,0
5YUKP.B,D,20240522,000000,86.224,86.246,86.224,86.246,0,0
5YUKP.B,D,20240523,000000,86.135,86.135,86.098,86.098,0,0
5YUKP.B,D,20240524,000000,86.152,86.157,86.152,86.157,0,0
5YUKP.B,D,20240528,000000,86.29,86.29,86.101,86.101,0,0
5YUKP.B,D,20240529,000000,86.016,86.016,85.919,85.919,0,0
5YUKP.B,D,20240530,000000,85.917,85.935,85.917,85.935,0,0
5YUKP.B,D,20240531,000000,85.971,86.182,85.971,86.182,0,0
5YUKP.B,D,20240603,000000,86.182,86.423,86.17,86.423,0,0
5YUKP.B,D,20240604,000000,86.475,86.488,86.475,86.488,0,0
5YUKP.B,D,20240605,000000,86.414,86.414,86.376,86.376,0,0
5YUKP.B,D,20240606,000000,86.45,86.582,86.45,86.582,0,0
5YUKP.B,D,20240607,000000,86.574,86.574,86.362,86.362,0,0
5YUKP.B,D,20240610,000000,86.362,86.362,86.174,86.174,0,0
5YUKP.B,D,20240611,000000,86.364,86.401,86.364,86.401,0,0
5YUKP.B,D,20240612,000000,86.454,86.825,86.454,86.825,0,0
5YUKP.B,D,20240613,000000,86.722,86.798,86.722,86.798,0,0
5YUKP.B,D,20240614,000000,87.06,87.166,87.06,87.166,0,0
5YUKP.B,D,20240617,000000,87.166,87.166,86.942,86.942,0,0
5YUKP.B,D,20240618,000000,86.998,87.202,86.998,87.202,0,0
5YUKP.B,D,20240619,000000,87.056,87.124,87.056,87.124,0,0
5YUKP.B,D,20240620,000000,87.062,87.28,87.062,87.28,0,0
5YUKP.B,D,20240621,000000,87.394,87.394,87.186,87.186,0,0
5YUKP.B,D,20240624,000000,87.186,87.26,87.186,87.26,0,0
5YUKP.B,D,20240625,000000,87.234,87.234,87.154,87.154,0,0
5YUKP.B,D,20240626,000000,87.122,87.122,87.122,87.122,0,0
5YUKP.B,D,20240627,000000,86.908,86.986,86.908,86.986,0,0
5YUKP.B,D,20240628,000000,86.998,86.998,86.846,86.846,0,0
5YUKP.B,D,20240701,000000,86.846,86.858,86.739,86.739,0,0
5YUKP.B,D,20240702,000000,86.812,86.842,86.812,86.842,0,0
5YUKP.B,D,20240703,000000,86.852,87.06,86.852,87.06,0,0
5YUKP.B,D,20240704,000000,87.01,87.01,86.984,86.984,0,0
5YUKP.B,D,20240705,000000,87.082,87.18,87.082,87.18,0,0
5YUKP.B,D,20240708,000000,87.18,87.299,87.18,87.279,0,0
5YUKP.B,D,20240709,000000,87.279,87.279,87.216,87.216,0,0
5YUKP.B,D,20240710,000000,87.328,87.328,87.284,87.284,0,0
5YUKP.B,D,20240711,000000,87.234,87.445,87.234,87.445,0,0
5YUKP.B,D,20240712,000000,87.395,87.41,87.395,87.41,0,0
5YUKP.B,D,20240715,000000,87.41,87.496,87.41,87.496,0,0
5YUKP.B,D,20240716,000000,87.602,87.602,87.584,87.584,0,0
5YUKP.B,D,20240717,000000,87.585,87.641,87.585,87.641,0,0
5YUKP.B,D,20240718,000000,87.672,87.672,87.672,87.672,0,0
5YUKP.B,D,20240719,000000,87.714,87.714,87.699,87.699,0,0
5YUKP.B,D,20240722,000000,87.699,87.699,87.621,87.621,0,0
5YUKP.B,D,20240723,000000,87.6,87.617,87.6,87.617,0,0
5YUKP.B,D,20240724,000000,87.704,87.704,87.673,87.673,0,0
5YUKP.B,D,20240725,000000,87.855,87.855,87.813,87.813,0,0
5YUKP.B,D,20240726,000000,87.792,87.914,87.792,87.914,0,0
5YUKP.B,D,20240729,000000,87.914,88.026,87.914,87.982,0,0
5YUKP.B,D,20240730,000000,88.011,88.054,88.011,88.054,0,0
5YUKP.B,D,20240731,000000,88.221,88.277,88.221,88.277,0,0
5YUKP.B,D,20240801,000000,88.426,88.426,88.426,88.426,0,0
5YUKP.B,D,20240802,000000,88.813,89.044,88.813,89.044,0,0
5YUKP.B,D,20240805,000000,89.044,89.074,88.879,88.879,0,0
5YUKP.B,D,20240806,000000,88.706,88.706,88.679,88.679,0,0
5YUKP.B,D,20240807,000000,88.591,88.626,88.591,88.626,0,0
5YUKP.B,D,20240808,000000,88.792,88.792,88.628,88.628,0,0
5YUKP.B,D,20240809,000000,88.666,88.666,88.658,88.658,0,0
5YUKP.B,D,20240812,000000,88.658,88.674,88.658,88.674,0,0
5YUKP.B,D,20240813,000000,88.693,88.819,88.693,88.819,0,0
5YUKP.B,D,20240814,000000,87.221,87.307,87.221,87.307,0,0
5YUKP.B,D,20240815,000000,87.217,87.217,86.956,86.956,0,0
5YUKP.B,D,20240816,000000,86.932,86.932,86.932,86.932,0,0
5YUKP.B,D,20240819,000000,86.932,86.959,86.824,86.824,0,0
5YUKP.B,D,20240820,000000,86.825,86.83,86.825,86.83,0,0
5YUKP.B,D,20240821,000000,86.861,86.861,86.818,86.818,0,0
5YUKP.B,D,20240822,000000,87.058,87.058,86.792,86.792,0,0
5YUKP.B,D,20240823,000000,86.777,86.971,86.777,86.971,0,0
5YUKP.B,D,20240827,000000,86.8,86.8,86.704,86.704,0,0
5YUKP.B,D,20240828,000000,86.789,86.789,86.756,86.756,0,0
5YUKP.B,D,20240829,000000,86.8,86.8,86.75,86.75,0,0
5YUKP.B,D,20240830,000000,86.857,86.857,86.834,86.834,0,0
5YUKP.B,D,20240902,000000,86.834,86.834,86.674,86.699,0,0
5YUKP.B,D,20240903,000000,86.793,86.793,86.793,86.793,0,0
5YUKP.B,D,20240904,000000,87.057,87.057,87.031,87.031,0,0
5YUKP.B,D,20240905,000000,87.161,87.169,87.161,87.169,0,0
5YUKP.B,D,20240906,000000,87.33,87.33,87.074,87.074,0,0
5YUKP.B,D,20240909,000000,87.074,87.385,87.074,87.385,0,0
5YUKP.B,D,20240910,000000,87.433,87.531,87.433,87.531,0,0
5YUKP.B,D,20240911,000000,87.892,87.934,87.892,87.934,0,0
5YUKP.B,D,20240912,000000,87.898,87.898,87.831,87.831,0,0
5YUKP.B,D,20240913,000000,87.934,87.934,87.859,87.859,0,0
5YUKP.B,D,20240916,000000,87.859,87.917,87.859,87.909,0,0
5YUKP.B,D,20240917,000000,88.013,88.013,87.841,87.841,0,0
5YUKP.B,D,20240918,000000,87.735,87.735,87.625,87.625,0,0
5YUKP.B,D,20240919,000000,87.665,87.665,87.468,87.468,0,0
5YUKP.B,D,20240920,000000,87.519,87.519,87.46,87.46,0,0
5YUKP.B,D,20240923,000000,87.46,87.662,87.46,87.662,0,0
5YUKP.B,D,20240924,000000,87.324,87.324,87.324,87.324,0,0
5YUKP.B,D,20240925,000000,87.478,87.478,87.159,87.159,0,0
5YUKP.B,D,20240926,000000,87.203,87.203,87.203,87.203,0,0
5YUKP.B,D,20240927,000000,87.28,87.28,87.239,87.239,0,0
5YUKP.B,D,20240930,000000,87.239,87.249,87.238,87.249,0,0
5YUKP.B,D,20241001,000000,87.257,87.434,87.257,87.434,0,0
5YUKP.B,D,20241002,000000,87.103,87.103,87.012,87.012,0,0
5YUKP.B,D,20241003,000000,87.258,87.258,87.258,87.258,0,0
5YUKP.B,D,20241004,000000,87.08,87.08,87.08,87.08,0,0
5YUKP.B,D,20241007,000000,87.08,87.08,86.421,86.431,0,0
5YUKP.B,D,20241008,000000,86.423,86.582,86.423,86.582,0,0
5YUKP.B,D,20241009,000000,86.595,86.595,86.593,86.593,0,0
5YUKP.B,D,20241010,000000,86.472,86.555,86.472,86.555,0,0
5YUKP.B,D,20241011,000000,86.573,86.573,86.573,86.573,0,0
5YUKP.B,D,20241014,000000,86.573,86.655,86.573,86.655,0,0
5YUKP.B,D,20241015,000000,86.735,86.735,86.735,86.735,0,0
5YUKP.B,D,20241016,000000,87.167,87.263,87.167,87.263,0,0
5YUKP.B,D,20241017,000000,87.097,87.097,87.097,87.097,0,0
5YUKP.B,D,20241018,000000,87.085,87.085,87.085,87.085,0,0
5YUKP.B,D,20241021,000000,87.085,87.339,87.085,87.339,0,0
5YUKP.B,D,20241022,000000,87.06,87.06,87.06,87.06,0,0
5YUKP.B,D,20241023,000000,86.975,86.975,86.975,86.975,0,0
5YUKP.B,D,20241024,000000,86.733,86.733,86.681,86.681,0,0
5YUKP.B,D,20241025,000000,86.835,86.835,86.835,86.835,0,0
5YUKP.B,D,20241028,000000,86.835,86.835,86.668,86.668,0,0
5YUKP.B,D,20241029,000000,86.504,86.504,86.504,86.504,0,0
5YUKP.B,D,20241030,000000,86.462,86.462,86.068,86.068,0,0
5YUKP.B,D,20241031,000000,86.068,86.068,85.98,85.98,0,0
5YUKP.B,D,20241101,000000,85.98,85.98,85.749,85.889,0,0
5YUKP.B,D,20241104,000000,85.889,85.899,85.889,85.899,0,0
5YUKP.B,D,20241105,000000,85.788,85.788,85.788,85.788,0,0
5YUKP.B,D,20241106,000000,85.788,85.788,85.725,85.725,0,0
5YUKP.B,D,20241107,000000,85.571,85.571,85.571,85.571,0,0
5YUKP.B,D,20241108,000000,85.571,86.038,85.571,85.982,0,0
5YUKP.B,D,20241111,000000,85.982,85.982,85.879,85.879,0,0
5YUKP.B,D,20241112,000000,85.879,85.911,85.879,85.911,0,0
5YUKP.B,D,20241113,000000,85.639,85.639,85.639,85.639,0,0
5YUKP.B,D,20241114,000000,85.607,85.741,85.607,85.741,0,0
5YUKP.B,D,20241115,000000,85.884,85.889,85.884,85.889,0,0
5YUKP.B,D,20241118,000000,85.889,85.894,85.889,85.894,0,0
5YUKP.B,D,20241119,000000,86.056,86.056,85.951,85.951,0,0
5YUKP.B,D,20241120,000000,85.951,85.954,85.771,85.954,0,0
5YUKP.B,D,20241121,000000,86.07,86.154,86.07,86.154,0,0
5YUKP.B,D,20241122,000000,86.286,86.286,86.286,86.286,0,0
5YUKP.B,D,20241125,000000,86.286,86.476,86.286,86.476,0,0
5YUKP.B,D,20241126,000000,86.336,86.336,86.336,86.336,0,0
5YUKP.B,D,20241127,000000,86.336,86.443,86.336,86.443,0,0
5YUKP.B,D,20241128,000000,86.505,86.582,86.505,86.582,0,0
5YUKP.B,D,20241129,000000,86.582,86.718,86.582,86.718,0,0
5YUKP.B,D,20241202,000000,86.718,86.891,86.718,86.872,0,0
5YUKP.B,D,20241203,000000,86.872,86.963,86.872,86.963,0,0
5YUKP.B,D,20241204,000000,86.964,86.964,86.964,86.964,0,0
5YUKP.B,D,20241205,000000,86.848,86.848,86.848,86.848,0,0
5YUKP.B,D,20241206,000000,86.744,86.744,86.744,86.744,0,0
5YUKP.B,D,20241209,000000,86.744,86.787,86.744,86.775,0,0
5YUKP.B,D,20241210,000000,86.838,86.838,86.838,86.838,0,0
5YUKP.B,D,20241211,000000,86.769,86.769,86.769,86.769,0,0
5YUKP.B,D,20241212,000000,86.717,86.717,86.717,86.717,0,0
5YUKP.B,D,20241213,000000,86.711,86.711,86.566,86.566,0,0
5YUKP.B,D,20241216,000000,86.566,86.575,86.448,86.448,0,0
5YUKP.B,D,20241217,000000,86.22,86.22,86.063,86.063,0,0
5YUKP.B,D,20241218,000000,86.126,86.126,86.126,86.126,0,0
5YUKP.B,D,20241219,000000,85.82,86.009,85.82,86.009,0,0
5YUKP.B,D,20241220,000000,86.113,86.384,86.113,86.384,0,0
5YUKP.B,D,20241223,000000,86.384,86.384,86.134,86.134,0,0
5YUKP.B,D,20241227,000000,85.963,85.963,85.963,85.963,0,0
5YUKP.B,D,20241230,000000,85.963,86.058,85.963,86.058,0,0
5YUKP.B,D,20250102,000000,86.058,86.199,86.058,86.199,0,0
5YUKP.B,D,20250103,000000,86.312,86.312,86.312,86.312,0,0
5YUKP.B,D,20250106,000000,86.312,86.312,86.094,86.094,0,0
5YUKP.B,D,20250107,000000,86.008,86.008,86.008,86.008,0,0
5YUKP.B,D,20250108,000000,86.008,86.008,86.008,86.008,0,0
5YUKP.B,D,20250109,000000,85.569,85.729,85.569,85.729,0,0
5YUKP.B,D,20250110,000000,85.647,85.791,85.647,85.791,0,0
5YUKP.B,D,20250113,000000,85.791,85.791,85.542,85.595,0,0
5YUKP.B,D,20250114,000000,85.556,85.556,85.556,85.556,0,0
5YUKP.B,D,20250115,000000,85.775,85.775,85.775,85.775,0,0
5YUKP.B,D,20250116,000000,86.021,86.021,86.021,86.021,0,0
5YUKP.B,D,20250117,000000,86.35,86.35,86.35,86.35,0,0
5YUKP.B,D,20250120,000000,86.35,86.35,86.299,86.299,0,0
5YUKP.B,D,20250121,000000,86.33,86.33,86.33,86.33,0,0
5YUKP.B,D,20250122,000000,86.535,86.535,86.535,86.535,0,0
5YUKP.B,D,20250123,000000,86.428,86.428,86.406,86.406,0,0
5YUKP.B,D,20250124,000000,86.599,86.599,86.599,86.599,0,0
5YUKP.B,D,20250127,000000,86.599,86.697,86.599,86.697,0,0
5YUKP.B,D,20250128,000000,86.697,86.697,86.666,86.666,0,0
5YUKP.B,D,20250129,000000,86.738,86.738,86.689,86.689,0,0
5YUKP.B,D,20250130,000000,86.716,86.716,86.716,86.716,0,0
5YUKP.B,D,20250131,000000,86.912,86.971,86.912,86.971,0,0
5YUKP.B,D,20250203,000000,86.971,87.092,86.971,87.092,0,0
5YUKP.B,D,20250204,000000,87.032,87.032,87.032,87.032,0,0
5YUKP.B,D,20250205,000000,87.244,87.244,87.244,87.244,0,0
5YUKP.B,D,20250206,000000,87.299,87.299,87.299,87.299,0,0
5YUKP.B,D,20250207,000000,87.252,87.252,87.252,87.252,0,0
5YUKP.B,D,20250210,000000,87.252,87.349,87.252,87.349,0,0
5YUKP.B,D,20250211,000000,87.299,87.299,87.299,87.299,0,0
5YUKP.B,D,20250212,000000,87.208,87.208,87.208,87.208,0,0
5YUKP.B,D,20250213,000000,87.099,87.099,87.099,87.099,0,0
5YUKP.B,D,20250214,000000,87.142,87.142,87.142,87.142,0,0
5YUKP.B,D,20250217,000000,87.142,87.23,86.889,87.23,0,0
5YUKP.B,D,20250218,000000,87.065,87.065,87.065,87.065,0,0
5YUKP.B,D,20250219,000000,86.937,86.937,86.937,86.937,0,0
5YUKP.B,D,20250220,000000,86.855,86.855,86.855,86.855,0,0
5YUKP.B,D,20250221,000000,86.991,87.057,86.991,87.057,0,0
5YUKP.B,D,20250224,000000,87.057,87.166,87.057,87.166,0,0
5YUKP.B,D,20250225,000000,87.218,87.402,87.218,87.402,0,0
5YUKP.B,D,20250226,000000,87.409,87.409,87.293,87.293,0,0
5YUKP.B,D,20250227,000000,87.326,87.326,87.282,87.282,0,0
5YUKP.B,D,20250228,000000,87.515,87.515,87.46,87.46,0,0
5YUKP.B,D,20250303,000000,87.46,87.46,87.313,87.313,0,0
5YUKP.B,D,20250304,000000,87.44,87.44,87.44,87.44,0,0
5YUKP.B,D,20250305,000000,87.21,87.21,87.21,87.21,0,0
5YUKP.B,D,20250306,000000,86.92,86.92,86.92,86.92,0,0
5YUKP.B,D,20250307,000000,87.269,87.269,87.249,87.249,0,0
5YUKP.B,D,20250310,000000,87.249,87.249,87.249,87.249,0,0
5YUKP.B,D,20250311,000000,87.361,87.361,87.361,87.361,0,0
5YUKP.B,D,20250312,000000,87.35,87.35,87.35,87.35,0,0
5YUKP.B,D,20250313,000000,87.16,87.16,87.16,87.16,0,0
5YUKP.B,D,20250314,000000,87.365,87.365,87.365,87.365,0,0
5YUKP.B,D,20250317,000000,87.365,87.429,87.349,87.429,0,0
5YUKP.B,D,20250318,000000,87.241,87.241,87.241,87.241,0,0
5YUKP.B,D,20250319,000000,87.336,87.336,87.336,87.336,0,0
5YUKP.B,D,20250320,000000,87.51,87.51,87.288,87.288,0,0
5YUKP.B,D,20250321,000000,87.23,87.23,87.23,87.23,0,0
5YUKP.B,D,20250324,000000,87.23,87.373,87.23,87.373,0,0
5YUKP.B,D,20250325,000000,87.18,87.18,87.17,87.17,0,0
5YUKP.B,D,20250326,000000,87.325,87.325,87.325,87.325,0,0
5YUKP.B,D,20250327,000000,87.131,87.131,87.131,87.131,0,0
5YUKP.B,D,20250328,000000,87.34,87.34,87.34,87.34,0,0
5YUKP.B,D,20250331,000000,87.34,87.57,87.34,87.57,0,0
5YUKP.B,D,20250401,000000,87.718,87.718,87.59,87.59,0,0
5YUKP.B,D,20250402,000000,87.594,87.594,87.568,87.568,0,0
5YUKP.B,D,20250403,000000,87.836,88.063,87.836,88.063,0,0
5YUKP.B,D,20250404,000000,88.41,88.41,88.41,88.41,0,0
5YUKP.B,D,20250407,000000,88.41,88.553,88.034,88.034,0,0
5YUKP.B,D,20250408,000000,88.221,88.221,88.113,88.113,0,0
5YUKP.B,D,20250409,000000,88.169,88.169,88.169,88.169,0,0
5YUKP.B,D,20250410,000000,87.903,87.903,87.903,87.903,0,0
5YUKP.B,D,20250411,000000,88.112,88.112,87.903,87.903,0,0
5YUKP.B,D,20250414,000000,87.903,88.087,87.903,88.087,0,0
5YUKP.B,D,20250415,000000,88.125,88.196,88.125,88.196,0,0
5YUKP.B,D,20250416,000000,88.374,88.374,88.142,88.142,0,0
5YUKP.B,D,20250417,000000,88.201,88.438,88.201,88.438,0,0
5YUKP.B,D,20250422,000000,88.437,88.629,88.437,88.629,0,0
5YUKP.B,D,20250423,000000,88.611,88.611,88.521,88.521,0,0
5YUKP.B,D,20250424,000000,88.531,88.651,88.531,88.651,0,0
5YUKP.B,D,20250425,000000,88.722,88.732,88.722,88.732,0,0
5YUKP.B,D,20250428,000000,88.732,88.749,88.732,88.749,0,0
5YUKP.B,D,20250429,000000,88.741,88.754,88.741,88.754,0,0
5YUKP.B,D,20250430,000000,88.987,88.987,88.987,88.987,0,0
5YUKP.B,D,20250502,000000,88.987,89.018,88.987,89.018,0,0
5YUKP.B,D,20250506,000000,88.747,88.786,88.747,88.786,0,0
5YUKP.B,D,20250507,000000,88.924,88.973,88.924,88.973,0,0
5YUKP.B,D,20250508,000000,88.983,88.983,88.796,88.796,0,0
5YUKP.B,D,20250509,000000,88.552,88.707,88.552,88.707,0,0
5YUKP.B,D,20250512,000000,88.707,88.707,88.44,88.44,0,0
5YUKP.B,D,20250513,000000,88.308,88.388,88.308,88.388,0,0
5YUKP.B,D,20250514,000000,88.331,88.331,88.23,88.23,0,0
5YUKP.B,D,20250515,000000,88.225,88.331,88.225,88.331,0,0
5YUKP.B,D,20250516,000000,88.431,88.431,88.421,88.421,0,0
5YUKP.B,D,20250519,000000,88.421,88.421,88.261,88.261,0,0
5YUKP.B,D,20250520,000000,88.407,88.407,88.19,88.19,0,0
5YUKP.B,D,20250521,000000,88.046,88.101,88.046,88.101,0,0
5YUKP.B,D,20250522,000000,88.076,88.151,88.076,88.151,0,0
5YUKP.B,D,20250523,000000,88.241,88.368,88.241,88.368,0,0
5YUKP.B,D,20250527,000000,88.52,88.52,88.26,88.26,0,0
5YUKP.B,D,20250528,000000,88.109,88.191,88.109,88.191,0,0
5YUKP.B,D,20250529,000000,88.198,88.459,88.198,88.459,0,0
5YUKP.B,D,20250530,000000,88.372,88.372,88.356,88.356,0,0
5YUKP.B,D,20250602,000000,88.356,88.415,88.289,88.415,0,0
5YUKP.B,D,20250603,000000,88.467,88.524,88.467,88.524,0,0
5YUKP.B,D,20250604,000000,88.41,88.496,88.41,88.496,0,0
5YUKP.B,D,20250605,000000,88.536,88.562,88.536,88.562,0,0
5YUKP.B,D,20250606,000000,88.606,88.606,88.454,88.454,0,0
5YUKP.B,D,20250609,000000,88.454,88.605,88.454,88.482,0,0
5YUKP.B,D,20250610,000000,88.732,88.77,88.732,88.77,0,0
5YUKP.B,D,20250611,000000,88.686,88.733,88.686,88.733,0,0
5YUKP.B,D,20250612,000000,88.921,88.921,88.917,88.917,0,0
5YUKP.B,D,20250613,000000,88.857,88.857,88.743,88.743,0,0
5YUKP.B,D,20250616,000000,88.743,88.834,88.743,88.834,0,0
5YUKP.B,D,20250617,000000,88.825,88.831,88.825,88.831,0,0
5YUKP.B,D,20250618,000000,88.916,88.998,88.916,88.998,0,0
5YUKP.B,D,20250619,000000,88.888,88.92,88.888,88.92,0,0
5YUKP.B,D,20250620,000000,88.951,88.951,88.901,88.901,0,0
5YUKP.B,D,20250623,000000,88.901,88.974,88.848,88.974,0,0
5YUKP.B,D,20250624,000000,89.004,89.087,89.004,89.087,0,0
5YUKP.B,D,20250625,000000,89.163,89.163,89.07,89.07,0,0
5YUKP.B,D,20250626,000000,89.123,89.195,89.123,89.195,0,0
5YUKP.B,D,20250627,000000,89.188,89.188,89.15,89.15,0,0
5YUKP.B,D,20250630,000000,89.15,89.264,89.15,89.217,0,0
5YUKP.B,D,20250701,000000,89.396,89.396,89.343,89.343,0,0
5YUKP.B,D,20250702,000000,89.256,89.256,88.997,88.997,0,0
5YUKP.B,D,20250703,000000,89.273,89.273,89.143,89.143,0,0
5YUKP.B,D,20250704,000000,89.228,89.228,89.149,89.149,0,0
5YUKP.B,D,20250707,000000,89.149,89.185,89.072,89.072,0,0
5YUKP.B,D,20250708,000000,89.047,89.047,88.961,88.961,0,0
5YUKP.B,D,20250709,000000,89.05,89.05,89.042,89.042,0,0
5YUKP.B,D,20250710,000000,89.167,89.167,89.042,89.042,0,0
5YUKP.B,D,20250711,000000,89.096,89.096,89.096,89.096,0,0
5YUKP.B,D,20250714,000000,89.051,89.229,89.051,89.229,0,0
5YUKP.B,D,20250715,000000,89.267,89.267,89.09,89.09,0,0
5YUKP.B,D,20250716,000000,89.044,89.103,89.044,89.103,0,0
5YUKP.B,D,20250717,000000,89.001,89.002,89.001,89.002,0,0
5YUKP.B,D,20250718,000000,88.994,88.994,88.994,88.994,0,0
5YUKP.B,D,20250721,000000,88.994,89.215,88.994,89.215,0,0
5YUKP.B,D,20250722,000000,89.105,89.34,89.105,89.34,0,0
5YUKP.B,D,20250723,000000,89.237,89.252,89.237,89.252,0,0
5YUKP.B,D,20250724,000000,89.127,89.212,89.127,89.212,0,0
5YUKP.B,D,20250725,000000,89.162,89.208,89.162,89.208,0,0
5YUKP.B,D,20250728,000000,89.208,89.209,89.159,89.159,0,0
5YUKP.B,D,20250729,000000,89.075,89.075,89.075,89.075,0,0
5YUKP.B,D,20250730,000000,89.263,89.276,89.263,89.276,0,0
5YUKP.B,D,20250731,000000,89.313,89.313,89.308,89.308,0,0
5YUKP.B,D,20250801,000000,89.249,89.574,89.249,89.574,0,0
5YUKP.B,D,20250804,000000,89.574,89.644,89.56,89.644,0,0
5YUKP.B,D,20250805,000000,89.653,89.653,89.634,89.634,0,0
5YUKP.B,D,20250806,000000,89.577,89.577,89.57,89.57,0,0
5YUKP.B,D,20250807,000000,89.617,89.617,89.464,89.464,0,0
5YUKP.B,D,20250808,000000,89.457,89.457,89.367,89.367,0,0
5YUKP.B,D,20250811,000000,89.367,89.539,89.367,89.506,0,0
5YUKP.B,D,20250812,000000,89.385,89.385,89.384,89.384,0,0
5YUKP.B,D,20250813,000000,89.467,89.521,89.467,89.521,0,0
5YUKP.B,D,20250814,000000,89.543,89.543,89.41,89.41,0,0
5YUKP.B,D,20250815,000000,89.373,89.373,89.275,89.275,0,0
5YUKP.B,D,20250818,000000,89.275,89.389,89.085,89.085,0,0
5YUKP.B,D,20250819,000000,89.124,89.124,89.085,89.085,0,0
5YUKP.B,D,20250820,000000,89.119,89.119,89.085,89.085,0,0
5YUKP.B,D,20250821,000000,89.244,89.244,89.155,89.155,0,0
5YUKP.B,D,20250822,000000,89.184,89.184,89.184,89.184,0,0
5YUKP.B,D,20250826,000000,89.168,89.183,89.168,89.183,0,0
5YUKP.B,D,20250827,000000,89.226,89.226,89.226,89.226,0,0
5YUKP.B,D,20250828,000000,89.292,89.292,89.292,89.292,0,0
5YUKP.B,D,20250829,000000,89.3,89.3,89.3,89.3,0,0
5YUKP.B,D,20250901,000000,89.3,89.3,89.254,89.254,0,0
5YUKP.B,D,20250902,000000,89.092,89.129,89.092,89.129,0,0
5YUKP.B,D,20250903,000000,89.167,89.277,89.167,89.277,0,0
5YUKP.B,D,20250904,000000,89.336,89.336,89.296,89.296,0,0
5YUKP.B,D,20250905,000000,89.399,89.487,89.399,89.487,0,0
5YUKP.B,D,20250908,000000,89.487,89.598,89.487,89.598,0,0
5YUKP.B,D,20250909,000000,89.528,89.539,89.528,89.539,0,0
5YUKP.B,D,20250910,000000,89.551,89.551,89.465,89.465,0,0
5YUKP.B,D,20250911,000000,89.439,89.535,89.439,89.535,0,0
5YUKP.B,D,20250912,000000,89.607,89.607,89.435,89.435,0,0
5YUKP.B,D,20250915,000000,89.435,89.519,89.435,89.519,0,0
5YUKP.B,D,20250916,000000,89.512,89.512,89.512,89.512,0,0
5YUKP.B,D,20250917,000000,89.506,89.509,89.506,89.509,0,0
5YUKP.B,D,20250918,000000,89.475,89.475,89.454,89.454,0,0
5YUKP.B,D,20250919,000000,89.393,89.393,89.393,89.393,0,0
5YUKP.B,D,20250922,000000,89.404,89.435,89.404,89.435,0,0
5YUKP.B,D,20250923,000000,89.47,89.47,89.468,89.468,0,0
5YUKP.B,D,20250924,000000,89.516,89.516,89.505,89.505,0,0
5YUKP.B,D,20250925,000000,89.489,89.489,89.408,89.408,0,0
5YUKP.B,D,20250926,000000,89.404,89.404,89.404,89.404,0,0
5YUKP.B,D,20250929,000000,89.404,89.45,89.404,89.45,0,0
5YUKP.B,D,20250930,000000,89.396,89.426,89.396,89.426,0,0
5YUKP.B,D,20251001,000000,89.42,89.42,89.42,89.42,0,0
5YUKP.B,D,20251002,000000,89.482,89.482,89.463,89.463,0,0
5YUKP.B,D,20251003,000000,89.494,89.494,89.494,89.494,0,0
5YUKP.B,D,20251006,000000,89.494,89.494,89.487,89.49,0,0
5YUKP.B,D,20251007,000000,89.43,89.432,89.43,89.432,0,0
5YUKP.B,D,20251008,000000,89.432,89.497,89.432,89.433,0,0
5YUKP.B,D,20251009,000000,89.463,89.463,89.364,89.364,0,0
5YUKP.B,D,20251010,000000,89.505,89.559,89.505,89.559,0,0
5YUKP.B,D,20251013,000000,89.559,89.638,89.559,89.63,0,0
5YUKP.B,D,20251014,000000,89.815,89.851,89.815,89.851,0,0
5YUKP.B,D,20251015,000000,89.963,90.02,89.963,90.02,0,0
5YUKP.B,D,20251016,000000,89.959,89.959,89.959,89.959,0,0
5YUKP.B,D,20251017,000000,90.135,90.135,90.004,90.004,0,0
5YUKP.B,D,20251020,000000,90.004,90.049,90.004,90.049,0,0
5YUKP.B,D,20251021,000000,90.113,90.165,90.113,90.165,0,0
5YUKP.B,D,20251022,000000,90.433,90.433,90.321,90.321,0,0
5YUKP.B,D,20251023,000000,90.316,90.369,90.316,90.369,0,0
5YUKP.B,D,20251024,000000,90.332,90.332,90.332,90.332,0,0
5YUKP.B,D,20251027,000000,90.332,90.332,90.3,90.3,0,0
5YUKP.B,D,20251028,000000,90.439,90.439,90.439,90.439,0,0
5YUKP.B,D,20251029,000000,90.402,90.402,90.402,90.402,0,0
5YUKP.B,D,20251030,000000,90.304,90.304,90.304,90.304,0,0
5YUKP.B,D,20251031,000000,90.28,90.28,90.259,90.259,0,0
5YUKP.B,D,20251103,000000,90.259,90.4,90.259,90.4,0,0
5YUKP.B,D,20251104,000000,90.311,90.38,90.311,90.38,0,0
5YUKP.B,D,20251105,000000,90.327,90.327,90.327,90.327,0,0
5YUKP.B,D,20251106,000000,90.251,90.251,90.251,90.251,0,0
5YUKP.B,D,20251107,000000,90.251,90.29,90.251,90.29,0,0
5YUKP.B,D,20251110,000000,90.29,90.365,90.29,90.365,0,0
5YUKP.B,D,20251111,000000,90.468,90.468,90.468,90.468,0,0
5YUKP.B,D,20251112,000000,90.409,90.409,90.409,90.409,0,0
5YUKP.B,D,20251113,000000,90.53,90.53,90.53,90.53,0,0
5YUKP.B,D,20251114,000000,90.335,90.335,90.335,90.335,0,0
5YUKP.B,D,20251117,000000,90.335,90.335,90.192,90.192,0,0
5YUKP.B,D,20251118,000000,90.345,90.345,90.345,90.345,0,0
5YUKP.B,D,20251119,000000,90.301,90.301,90.301,90.301,0,0
5YUKP.B,D,20251120,000000,90.255,90.255,90.255,90.255,0,0
5YUKP.B,D,20251121,000000,90.394,90.394,90.394,90.394,0,0
5YUKP.B,D,20251124,000000,90.394,90.424,90.38,90.38,0,0
5YUKP.B,D,20251125,000000,90.389,90.389,90.389,90.389,0,0
5YUKP.B,D,20251126,000000,90.495,90.495,90.495,90.495,0,0
5YUKP.B,D,20251127,000000,90.55,90.55,90.55,90.55,0,0
5YUKP.B,D,20251128,000000,90.614,90.614,90.614,90.614,0,0
5YUKP.B,D,20251201,000000,90.614,90.614,90.587,90.587,0,0
5YUKP.B,D,20251202,000000,90.569,90.569,90.569,90.569,0,0
5YUKP.B,D,20251203,000000,90.579,90.579,90.579,90.579,0,0
5YUKP.B,D,20251204,000000,90.592,90.592,90.592,90.592,0,0
5YUKP.B,D,20251205,000000,90.703,90.703,90.703,90.703,0,0
5YUKP.B,D,20251208,000000,90.703,90.703,90.479,90.479,0,0
5YUKP.B,D,20251209,000000,90.458,90.494,90.458,90.494,0,0
5YUKP.B,D,20251210,000000,90.364,90.451,90.364,90.451,0,0
5YUKP.B,D,20251211,000000,90.511,90.511,90.511,90.511,0,0
5YUKP.B,D,20251212,000000,90.575,90.575,90.575,90.575,0,0
5YUKP.B,D,20251215,000000,90.575,90.582,90.575,90.582,0,0
5YUKP.B,D,20251216,000000,90.554,90.554,90.553,90.553,0,0
5YUKP.B,D,20251217,000000,90.7,90.7,90.7,90.7,0,0
5YUKP.B,D,20251218,000000,90.696,90.696,90.696,90.696,0,0
5YUKP.B,D,20251219,000000,90.553,90.553,90.528,90.528,0,0
5YUKP.B,D,20251222,000000,90.528,90.528,90.481,90.481,0,0
5YUKP.B,D,20251223,000000,90.592,90.61,90.592,90.61,0,0
5YUKP.B,D,20251225,000000,90.61,90.61,90.61,90.61,0,0
5YUKP.B,D,20251226,000000,90.61,90.61,90.61,90.61,0,0
5YUKP.B,D,20251229,000000,90.61,101.71,90.61,101.621,0,0
5YUKP.B,D,20251230,000000,101.614,101.687,101.614,101.687,0,0
5YUKP.B,D,20260101,000000,101.687,101.687,101.687,101.687,0,0
5YUKP.B,D,20260102,000000,101.687,101.824,101.64,101.64,0,0
5YUKP.B,D,20260105,000000,101.64,101.691,101.64,101.691,0,0
5YUKP.B,D,20260106,000000,101.667,101.667,101.667,101.667,0,0
5YUKP.B,D,20260107,000000,101.904,101.904,101.904,101.904,0,0
5YUKP.B,D,20260108,000000,101.964,101.964,101.964,101.964,0,0
5YUKP.B,D,20260109,000000,101.959,101.959,101.959,101.959,0,0
5YUKP.B,D,20260112,000000,101.959,102.052,101.959,102.052,0,0
5YUKP.B,D,20260113,000000,102.052,102.052,101.913,101.913,0,0
5YUKP.B,D,20260114,000000,101.913,102.115,101.913,102.115,0,0
5YUKP.B,D,20260115,000000,102.073,102.073,102.073,102.073,0,0
5YUKP.B,D,20260116,000000,101.922,101.922,101.922,101.922,0,0
5YUKP.B,D,20260119,000000,101.922,101.922,101.819,101.819,0,0
5YUKP.B,D,20260120,000000,101.679,101.736,101.679,101.736,0,0
5YUKP.B,D,20260121,000000,101.897,101.897,101.897,101.897,0,0
5YUKP.B,D,20260122,000000,101.845,101.845,101.845,101.845,0,0
5YUKP.B,D,20260123,000000,101.697,101.697,101.59,101.59,0,0
5YUKP.B,D,20260126,000000,101.59,101.618,101.59,101.618,0,0
5YUKP.B,D,20260127,000000,101.497,101.497,101.497,101.497,0,0
5YUKP.B,D,20260128,000000,101.483,101.483,101.483,101.483,0,0
5YUKP.B,D,20260129,000000,101.418,101.418,101.418,101.418,0,0
5YUKP.B,D,20260130,000000,101.591,101.596,101.591,101.596,0,0
5YUKP.B,D,20260202,000000,101.596,101.705,101.596,101.705,0,0
5YUKP.B,D,20260203,000000,101.705,101.705,101.59,101.59,0,0
5YUKP.B,D,20260204,000000,101.59,101.59,101.577,101.577,0,0
5YUKP.B,D,20260205,000000,101.474,101.474,101.474,101.474,0,0
5YUKP.B,D,20260206,000000,101.711,101.711,101.711,101.711,0,0
5YUKP.B,D,20260209,000000,101.711,101.711,101.703,101.703,0,0
5YUKP.B,D,20260210,000000,101.782,101.782,101.782,101.782,0,0
