<TICKER>,<PER>,<DATE>,<TIME>,<OPEN>,<HIGH>,<LOW>,<CLOSE>,<VOL>,<OPENINT>
6MIDY.B,D,20240416,000000,6.089,6.126,6.089,6.126,0,0
6MIDY.B,D,20240417,000000,6.062,6.099,6.062,6.099,0,0
6MIDY.B,D,20240418,000000,6.072,6.072,6.072,6.072,0,0
6MIDY.B,D,20240419,000000,6.085,6.085,6.028,6.028,0,0
6MIDY.B,D,20240422,000000,6.019,6.114,6.019,6.114,0,0
6MIDY.B,D,20240423,000000,6.087,6.087,6.087,6.087,0,0
6MIDY.B,D,20240424,000000,6.078,6.078,6.078,6.078,0,0
6MIDY.B,D,20240425,000000,6.221,6.221,6.166,6.205,0,0
6MIDY.B,D,20240426,000000,6.201,6.201,6.201,6.201,0,0
6MIDY.B,D,20240429,000000,6.311,6.311,6.311,6.311,0,0
6MIDY.B,D,20240430,000000,6.395,6.395,6.395,6.395,0,0
6MIDY.B,D,20240502,000000,6.328,6.328,6.328,6.328,0,0
6MIDY.B,D,20240503,000000,6.345,6.427,6.345,6.427,0,0
6MIDY.B,D,20240506,000000,6.419,6.465,6.419,6.465,0,0
6MIDY.B,D,20240507,000000,6.412,6.412,6.412,6.412,0,0
6MIDY.B,D,20240508,000000,6.605,6.605,6.605,6.605,0,0
6MIDY.B,D,20240513,000000,6.558,6.61,6.558,6.61,0,0
6MIDY.B,D,20240514,000000,6.381,6.381,6.381,6.381,0,0
6MIDY.B,D,20240515,000000,6.245,6.245,6.224,6.224,0,0
6MIDY.B,D,20240516,000000,6.297,6.297,6.297,6.297,0,0
6MIDY.B,D,20240517,000000,6.085,6.085,6.047,6.047,0,0
6MIDY.B,D,20240520,000000,6.076,6.076,6.076,6.076,0,0
6MIDY.B,D,20240521,000000,6.049,6.049,6.049,6.049,0,0
6MIDY.B,D,20240522,000000,6.059,6.059,6.059,6.059,0,0
6MIDY.B,D,20240527,000000,5.996,5.996,5.996,5.996,0,0
6MIDY.B,D,20240528,000000,6.066,6.066,6.026,6.026,0,0
6MIDY.B,D,20240529,000000,6.077,6.077,6.017,6.017,0,0
6MIDY.B,D,20240531,000000,6.102,6.102,6.062,6.062,0,0
6MIDY.B,D,20240603,000000,6.053,6.053,6.053,6.053,0,0
6MIDY.B,D,20240604,000000,6.084,6.084,6.084,6.084,0,0
6MIDY.B,D,20240605,000000,5.993,6.034,5.993,6.034,0,0
6MIDY.B,D,20240606,000000,6.067,6.103,6.067,6.103,0,0
6MIDY.B,D,20240607,000000,6.103,6.103,6.103,6.103,0,0
6MIDY.B,D,20240611,000000,6.1,6.1,6.1,6.1,0,0
6MIDY.B,D,20240612,000000,6.1,6.376,6.1,6.376,0,0
6MIDY.B,D,20240613,000000,6.376,6.376,6.147,6.147,0,0
6MIDY.B,D,20240614,000000,6.147,6.147,6.142,6.142,0,0
6MIDY.B,D,20240619,000000,6.25,6.25,6.25,6.25,0,0
6MIDY.B,D,20240620,000000,6.25,6.276,6.25,6.276,0,0
6MIDY.B,D,20240621,000000,6.276,6.276,6.25,6.25,0,0
6MIDY.B,D,20240624,000000,6.25,6.25,6.17,6.17,0,0
6MIDY.B,D,20240625,000000,6.17,6.231,6.17,6.231,0,0
6MIDY.B,D,20240626,000000,6.231,6.246,6.222,6.222,0,0
6MIDY.B,D,20240627,000000,6.222,6.236,6.222,6.236,0,0
6MIDY.B,D,20240628,000000,6.236,6.236,6.209,6.209,0,0
6MIDY.B,D,20240701,000000,6.209,6.248,6.209,6.248,0,0
6MIDY.B,D,20240702,000000,6.248,6.312,6.248,6.312,0,0
6MIDY.B,D,20240703,000000,6.312,6.312,6.278,6.278,0,0
6MIDY.B,D,20240704,000000,6.278,6.278,6.219,6.219,0,0
6MIDY.B,D,20240705,000000,6.219,6.24,6.219,6.24,0,0
6MIDY.B,D,20240708,000000,6.24,6.24,6.103,6.103,0,0
6MIDY.B,D,20240709,000000,6.103,6.195,6.103,6.195,0,0
6MIDY.B,D,20240710,000000,6.195,6.195,6.185,6.185,0,0
6MIDY.B,D,20240711,000000,6.185,6.185,6.122,6.122,0,0
6MIDY.B,D,20240712,000000,6.122,6.142,6.122,6.142,0,0
6MIDY.B,D,20240715,000000,6.142,6.24,6.132,6.132,0,0
6MIDY.B,D,20240716,000000,6.132,6.231,6.132,6.209,0,0
6MIDY.B,D,20240717,000000,6.231,6.231,6.2,6.2,0,0
6MIDY.B,D,20240718,000000,6.2,6.214,6.2,6.214,0,0
6MIDY.B,D,20240719,000000,6.214,6.214,6.214,6.214,0,0
6MIDY.B,D,20240722,000000,6.201,6.201,6.201,6.201,0,0
6MIDY.B,D,20240723,000000,6.201,6.201,6.146,6.146,0,0
6MIDY.B,D,20240724,000000,6.146,6.25,6.146,6.25,0,0
6MIDY.B,D,20240725,000000,6.25,6.25,6.25,6.25,0,0
6MIDY.B,D,20240726,000000,6.203,6.203,6.203,6.203,0,0
6MIDY.B,D,20240729,000000,6.17,6.17,6.17,6.17,0,0
6MIDY.B,D,20240730,000000,6.17,6.17,6.17,6.17,0,0
6MIDY.B,D,20240731,000000,6.175,6.175,6.175,6.175,0,0
6MIDY.B,D,20240801,000000,6.175,6.188,6.175,6.188,0,0
6MIDY.B,D,20240802,000000,6.188,6.257,6.188,6.257,0,0
6MIDY.B,D,20240805,000000,6.257,6.257,6.257,6.257,0,0
6MIDY.B,D,20240806,000000,6.257,6.263,6.238,6.238,0,0
6MIDY.B,D,20240807,000000,6.238,6.278,6.238,6.278,0,0
6MIDY.B,D,20240808,000000,6.278,6.343,6.278,6.343,0,0
6MIDY.B,D,20240809,000000,6.343,6.392,6.343,6.392,0,0
6MIDY.B,D,20240812,000000,6.392,6.409,6.392,6.392,0,0
6MIDY.B,D,20240813,000000,6.452,6.452,6.385,6.385,0,0
6MIDY.B,D,20240814,000000,6.385,6.469,6.385,6.402,0,0
6MIDY.B,D,20240815,000000,6.402,6.784,6.402,6.784,0,0
6MIDY.B,D,20240816,000000,6.784,6.874,6.784,6.795,0,0
6MIDY.B,D,20240819,000000,6.494,6.517,6.444,6.444,0,0
6MIDY.B,D,20240820,000000,6.444,6.458,6.444,6.458,0,0
6MIDY.B,D,20240821,000000,6.458,6.514,6.451,6.451,0,0
6MIDY.B,D,20240822,000000,6.451,6.507,6.443,6.443,0,0
6MIDY.B,D,20240823,000000,6.443,6.507,6.42,6.42,0,0
6MIDY.B,D,20240826,000000,6.475,6.475,6.412,6.412,0,0
6MIDY.B,D,20240827,000000,6.412,6.515,6.405,6.405,0,0
6MIDY.B,D,20240828,000000,6.405,6.483,6.405,6.42,0,0
6MIDY.B,D,20240829,000000,6.42,6.476,6.42,6.435,0,0
6MIDY.B,D,20240830,000000,6.435,6.435,6.411,6.411,0,0
6MIDY.B,D,20240902,000000,6.468,6.468,6.427,6.427,0,0
6MIDY.B,D,20240903,000000,6.427,6.427,6.419,6.419,0,0
6MIDY.B,D,20240904,000000,6.419,6.501,6.419,6.435,0,0
6MIDY.B,D,20240905,000000,6.435,6.435,6.427,6.427,0,0
6MIDY.B,D,20240906,000000,6.427,6.427,6.427,6.427,0,0
6MIDY.B,D,20240909,000000,6.486,6.486,6.419,6.419,0,0
6MIDY.B,D,20240910,000000,6.419,6.503,6.419,6.435,0,0
6MIDY.B,D,20240911,000000,6.435,6.495,6.427,6.427,0,0
6MIDY.B,D,20240912,000000,6.427,6.513,6.427,6.444,0,0
6MIDY.B,D,20240913,000000,6.444,6.514,6.444,6.514,0,0
6MIDY.B,D,20240917,000000,6.494,6.494,6.494,6.494,0,0
6MIDY.B,D,20240918,000000,6.486,6.486,6.486,6.486,0,0
6MIDY.B,D,20240919,000000,6.182,6.411,6.159,6.365,0,0
6MIDY.B,D,20240920,000000,6.352,6.352,6.166,6.166,0,0
6MIDY.B,D,20240923,000000,6.203,6.203,6.149,6.203,0,0
6MIDY.B,D,20240924,000000,6.217,6.217,6.217,6.217,0,0
6MIDY.B,D,20240925,000000,6.184,6.184,6.184,6.184,0,0
6MIDY.B,D,20240926,000000,6.199,6.199,6.199,6.199,0,0
6MIDY.B,D,20240927,000000,6.194,6.194,6.194,6.194,0,0
6MIDY.B,D,20240930,000000,6.136,6.136,6.136,6.136,0,0
6MIDY.B,D,20241001,000000,6.126,6.126,6.126,6.126,0,0
6MIDY.B,D,20241002,000000,6.165,6.165,6.165,6.165,0,0
6MIDY.B,D,20241003,000000,6.179,6.179,6.179,6.179,0,0
6MIDY.B,D,20241004,000000,6.174,6.174,6.174,6.174,0,0
6MIDY.B,D,20241007,000000,6.164,6.214,6.164,6.214,0,0
6MIDY.B,D,20241008,000000,6.205,6.205,6.205,6.205,0,0
6MIDY.B,D,20241009,000000,6.22,6.22,6.22,6.22,0,0
6MIDY.B,D,20241010,000000,6.236,6.236,6.236,6.236,0,0
6MIDY.B,D,20241011,000000,6.232,6.232,6.232,6.232,0,0
6MIDY.B,D,20241014,000000,6.222,6.222,6.222,6.222,0,0
6MIDY.B,D,20241015,000000,6.212,6.23,6.212,6.23,0,0
6MIDY.B,D,20241016,000000,6.221,6.221,6.221,6.221,0,0
6MIDY.B,D,20241017,000000,6.193,6.193,6.193,6.193,0,0
6MIDY.B,D,20241018,000000,6.209,6.209,6.209,6.209,0,0
6MIDY.B,D,20241021,000000,6.201,6.201,6.201,6.201,0,0
6MIDY.B,D,20241022,000000,6.214,6.214,6.214,6.214,0,0
6MIDY.B,D,20241023,000000,6.247,6.247,6.247,6.247,0,0
6MIDY.B,D,20241024,000000,6.196,6.196,6.196,6.196,0,0
6MIDY.B,D,20241025,000000,6.191,6.191,6.191,6.191,0,0
6MIDY.B,D,20241028,000000,6.226,6.226,6.226,6.226,0,0
6MIDY.B,D,20241029,000000,6.24,6.24,6.24,6.24,0,0
6MIDY.B,D,20241030,000000,6.253,6.253,6.253,6.253,0,0
6MIDY.B,D,20241031,000000,6.288,6.308,6.288,6.308,0,0
6MIDY.B,D,20241101,000000,6.263,6.263,6.263,6.263,0,0
6MIDY.B,D,20241104,000000,6.299,6.299,6.299,6.299,0,0
6MIDY.B,D,20241105,000000,6.246,6.246,6.246,6.246,0,0
6MIDY.B,D,20241106,000000,6.282,6.282,6.282,6.282,0,0
6MIDY.B,D,20241107,000000,6.296,6.305,6.296,6.305,0,0
6MIDY.B,D,20241108,000000,6.282,6.282,6.282,6.282,0,0
6MIDY.B,D,20241111,000000,6.273,6.273,6.273,6.273,0,0
6MIDY.B,D,20241112,000000,6.287,6.523,6.287,6.523,0,0
6MIDY.B,D,20241113,000000,6.444,6.444,6.444,6.444,0,0
6MIDY.B,D,20241114,000000,6.365,6.365,6.365,6.365,0,0
6MIDY.B,D,20241115,000000,6.387,6.409,6.387,6.409,0,0
6MIDY.B,D,20241118,000000,6.339,6.339,6.339,6.339,0,0
6MIDY.B,D,20241119,000000,6.352,6.352,6.239,6.239,0,0
6MIDY.B,D,20241120,000000,6.345,6.345,6.345,6.345,0,0
6MIDY.B,D,20241121,000000,6.401,6.401,6.401,6.401,0,0
6MIDY.B,D,20241122,000000,6.399,6.399,6.399,6.399,0,0
6MIDY.B,D,20241125,000000,6.339,6.339,6.339,6.339,0,0
6MIDY.B,D,20241126,000000,6.45,6.45,6.45,6.45,0,0
6MIDY.B,D,20241128,000000,6.457,6.457,6.457,6.457,0,0
6MIDY.B,D,20241129,000000,6.435,6.456,6.435,6.456,0,0
6MIDY.B,D,20241202,000000,6.472,6.472,6.472,6.472,0,0
6MIDY.B,D,20241203,000000,6.509,6.509,6.509,6.509,0,0
6MIDY.B,D,20241204,000000,6.548,6.548,6.548,6.548,0,0
6MIDY.B,D,20241205,000000,6.575,6.575,6.575,6.575,0,0
6MIDY.B,D,20241206,000000,6.553,6.553,6.553,6.553,0,0
6MIDY.B,D,20241209,000000,6.617,6.617,6.617,6.617,0,0
6MIDY.B,D,20241210,000000,6.658,6.658,6.658,6.658,0,0
6MIDY.B,D,20241211,000000,6.674,6.674,6.674,6.674,0,0
6MIDY.B,D,20241212,000000,6.716,6.716,6.692,6.692,0,0
6MIDY.B,D,20241213,000000,6.72,6.72,6.72,6.72,0,0
6MIDY.B,D,20241216,000000,6.644,6.789,6.644,6.789,0,0
6MIDY.B,D,20241217,000000,6.829,6.829,6.829,6.829,0,0
6MIDY.B,D,20241218,000000,6.835,6.835,6.835,6.835,0,0
6MIDY.B,D,20241219,000000,6.899,6.899,6.899,6.899,0,0
6MIDY.B,D,20241220,000000,6.906,6.906,6.906,6.906,0,0
6MIDY.B,D,20241223,000000,6.948,6.948,6.948,6.948,0,0
6MIDY.B,D,20241224,000000,6.973,6.973,6.973,6.973,0,0
6MIDY.B,D,20241227,000000,6.941,6.941,6.941,6.941,0,0
6MIDY.B,D,20241230,000000,6.96,6.96,6.96,6.96,0,0
6MIDY.B,D,20250102,000000,6.919,6.919,6.894,6.894,0,0
6MIDY.B,D,20250103,000000,6.928,6.928,6.928,6.928,0,0
6MIDY.B,D,20250106,000000,6.871,6.871,6.871,6.871,0,0
6MIDY.B,D,20250107,000000,6.865,6.865,6.865,6.865,0,0
6MIDY.B,D,20250108,000000,6.858,6.858,6.858,6.858,0,0
6MIDY.B,D,20250109,000000,6.826,6.826,6.826,6.826,0,0
6MIDY.B,D,20250110,000000,6.834,6.834,6.834,6.834,0,0
6MIDY.B,D,20250113,000000,6.908,6.908,6.908,6.908,0,0
6MIDY.B,D,20250114,000000,6.774,6.774,6.774,6.774,0,0
6MIDY.B,D,20250115,000000,6.897,7.114,6.897,6.897,0,0
6MIDY.B,D,20250116,000000,6.97,7.07,6.97,7.07,0,0
6MIDY.B,D,20250117,000000,6.824,6.824,6.824,6.824,0,0
6MIDY.B,D,20250120,000000,6.778,6.778,6.778,6.778,0,0
6MIDY.B,D,20250121,000000,6.752,6.752,6.752,6.752,0,0
6MIDY.B,D,20250122,000000,6.726,6.726,6.726,6.726,0,0
6MIDY.B,D,20250123,000000,6.679,6.679,6.679,6.679,0,0
6MIDY.B,D,20250124,000000,6.576,6.576,6.576,6.576,0,0
6MIDY.B,D,20250130,000000,6.576,6.576,6.576,6.576,0,0
6MIDY.B,D,20250131,000000,6.573,6.573,6.573,6.573,0,0
6MIDY.B,D,20250203,000000,6.588,6.588,6.588,6.588,0,0
6MIDY.B,D,20250204,000000,6.581,6.581,6.581,6.581,0,0
6MIDY.B,D,20250205,000000,6.574,6.574,6.574,6.574,0,0
6MIDY.B,D,20250206,000000,6.546,6.546,6.546,6.546,0,0
6MIDY.B,D,20250207,000000,6.444,6.444,6.434,6.434,0,0
6MIDY.B,D,20250210,000000,6.427,6.427,6.358,6.358,0,0
6MIDY.B,D,20250211,000000,6.373,6.373,6.373,6.373,0,0
6MIDY.B,D,20250212,000000,6.342,6.342,6.342,6.342,0,0
6MIDY.B,D,20250213,000000,6.414,6.414,6.414,6.414,0,0
6MIDY.B,D,20250214,000000,6.304,6.304,6.304,6.304,0,0
6MIDY.B,D,20250217,000000,6.381,6.381,6.358,6.358,0,0
6MIDY.B,D,20250218,000000,6.373,6.373,6.373,6.373,0,0
6MIDY.B,D,20250219,000000,6.373,6.373,6.373,6.373,0,0
6MIDY.B,D,20250220,000000,6.308,6.308,6.308,6.308,0,0
6MIDY.B,D,20250221,000000,6.308,6.308,6.308,6.308,0,0
6MIDY.B,D,20250224,000000,6.296,6.296,6.272,6.272,0,0
6MIDY.B,D,20250225,000000,6.263,6.263,6.263,6.263,0,0
6MIDY.B,D,20250226,000000,6.278,6.278,6.278,6.278,0,0
6MIDY.B,D,20250227,000000,6.294,6.294,6.294,6.294,0,0
6MIDY.B,D,20250228,000000,6.208,6.208,6.208,6.208,0,0
6MIDY.B,D,20250303,000000,6.383,6.383,6.383,6.383,0,0
6MIDY.B,D,20250304,000000,6.27,6.27,6.27,6.27,0,0
6MIDY.B,D,20250305,000000,6.34,6.34,6.34,6.34,0,0
6MIDY.B,D,20250306,000000,6.33,6.33,6.301,6.301,0,0
6MIDY.B,D,20250307,000000,6.328,6.328,6.328,6.328,0,0
6MIDY.B,D,20250310,000000,6.345,6.345,6.345,6.345,0,0
6MIDY.B,D,20250311,000000,6.309,6.309,6.309,6.309,0,0
6MIDY.B,D,20250312,000000,6.272,6.272,6.272,6.272,0,0
6MIDY.B,D,20250313,000000,6.272,6.272,6.272,6.272,0,0
6MIDY.B,D,20250314,000000,6.272,6.272,6.272,6.272,0,0
6MIDY.B,D,20250317,000000,6.303,6.483,6.19,6.19,0,0
6MIDY.B,D,20250318,000000,6.364,6.364,6.364,6.364,0,0
6MIDY.B,D,20250319,000000,6.336,6.356,6.336,6.356,0,0
6MIDY.B,D,20250320,000000,6.37,6.37,6.37,6.37,0,0
6MIDY.B,D,20250321,000000,6.389,6.389,6.389,6.389,0,0
6MIDY.B,D,20250324,000000,6.422,6.444,6.422,6.444,0,0
6MIDY.B,D,20250325,000000,6.444,6.444,6.444,6.444,0,0
6MIDY.B,D,20250326,000000,6.557,6.557,6.557,6.557,0,0
6MIDY.B,D,20250327,000000,6.528,6.528,6.528,6.528,0,0
6MIDY.B,D,20250408,000000,6.554,6.554,6.504,6.504,0,0
6MIDY.B,D,20250409,000000,6.542,6.542,6.542,6.542,0,0
6MIDY.B,D,20250410,000000,6.644,6.644,6.644,6.644,0,0
6MIDY.B,D,20250411,000000,6.646,6.646,6.646,6.646,0,0
6MIDY.B,D,20250414,000000,6.64,6.64,6.64,6.64,0,0
6MIDY.B,D,20250415,000000,6.608,6.608,6.608,6.608,0,0
6MIDY.B,D,20250416,000000,6.641,6.641,6.641,6.641,0,0
6MIDY.B,D,20250417,000000,6.628,6.628,6.628,6.628,0,0
6MIDY.B,D,20250421,000000,6.528,6.528,6.528,6.528,0,0
6MIDY.B,D,20250422,000000,6.521,6.521,6.521,6.521,0,0
6MIDY.B,D,20250423,000000,6.514,6.514,6.514,6.514,0,0
6MIDY.B,D,20250424,000000,6.507,6.507,6.507,6.507,0,0
6MIDY.B,D,20250425,000000,6.485,6.485,6.485,6.485,0,0
6MIDY.B,D,20250428,000000,6.457,6.457,6.457,6.457,0,0
6MIDY.B,D,20250429,000000,6.428,6.428,6.428,6.428,0,0
6MIDY.B,D,20250430,000000,6.434,6.434,6.434,6.434,0,0
6MIDY.B,D,20250502,000000,6.367,6.367,6.367,6.367,0,0
6MIDY.B,D,20250505,000000,6.313,6.313,6.313,6.313,0,0
6MIDY.B,D,20250506,000000,6.282,6.282,6.282,6.282,0,0
6MIDY.B,D,20250507,000000,6.251,6.251,6.251,6.251,0,0
6MIDY.B,D,20250508,000000,6.265,6.265,6.265,6.265,0,0
6MIDY.B,D,20250509,000000,6.252,6.252,6.252,6.252,0,0
6MIDY.B,D,20250514,000000,6.235,6.235,6.235,6.235,0,0
6MIDY.B,D,20250515,000000,6.246,6.246,6.246,6.246,0,0
6MIDY.B,D,20250516,000000,6.225,6.225,6.225,6.225,0,0
6MIDY.B,D,20250519,000000,6.193,6.193,6.193,6.193,0,0
6MIDY.B,D,20250520,000000,6.205,6.205,6.205,6.205,0,0
6MIDY.B,D,20250521,000000,6.237,6.237,6.237,6.237,0,0
6MIDY.B,D,20250522,000000,6.23,6.23,6.23,6.23,0,0
6MIDY.B,D,20250523,000000,6.225,6.225,6.225,6.225,0,0
6MIDY.B,D,20250526,000000,6.195,6.195,6.195,6.195,0,0
6MIDY.B,D,20250527,000000,6.229,6.229,6.229,6.229,0,0
6MIDY.B,D,20250528,000000,6.212,6.212,6.212,6.212,0,0
6MIDY.B,D,20250602,000000,6.22,6.22,6.22,6.22,0,0
6MIDY.B,D,20250603,000000,6.211,6.211,6.211,6.211,0,0
6MIDY.B,D,20250604,000000,6.136,6.136,6.136,6.136,0,0
6MIDY.B,D,20250605,000000,6.12,6.12,6.12,6.12,0,0
6MIDY.B,D,20250610,000000,6.124,6.124,6.124,6.124,0,0
6MIDY.B,D,20250611,000000,6.114,6.114,6.114,6.114,0,0
6MIDY.B,D,20250612,000000,6.104,6.104,6.104,6.104,0,0
6MIDY.B,D,20250613,000000,6.074,6.074,6.074,6.074,0,0
6MIDY.B,D,20250616,000000,6.001,6.194,6.001,6.194,0,0
6MIDY.B,D,20250617,000000,6.411,6.411,6.411,6.411,0,0
6MIDY.B,D,20250618,000000,6.157,6.157,6.157,6.157,0,0
6MIDY.B,D,20250619,000000,5.935,5.935,5.935,5.935,0,0
6MIDY.B,D,20250620,000000,5.927,5.927,5.927,5.927,0,0
6MIDY.B,D,20250623,000000,5.878,5.917,5.878,5.917,0,0
6MIDY.B,D,20250624,000000,5.946,5.946,5.946,5.946,0,0
6MIDY.B,D,20250625,000000,5.917,5.917,5.917,5.917,0,0
6MIDY.B,D,20250626,000000,5.899,5.899,5.899,5.899,0,0
6MIDY.B,D,20250630,000000,5.889,5.889,5.889,5.889,0,0
6MIDY.B,D,20250701,000000,5.858,5.858,5.858,5.858,0,0
6MIDY.B,D,20250702,000000,5.869,5.869,5.869,5.869,0,0
6MIDY.B,D,20250703,000000,5.879,5.879,5.879,5.879,0,0
6MIDY.B,D,20250704,000000,5.891,5.891,5.891,5.891,0,0
6MIDY.B,D,20250707,000000,5.861,5.861,5.861,5.861,0,0
6MIDY.B,D,20250708,000000,5.872,5.872,5.872,5.872,0,0
6MIDY.B,D,20250709,000000,5.883,5.883,5.883,5.883,0,0
6MIDY.B,D,20250710,000000,5.852,5.852,5.852,5.852,0,0
6MIDY.B,D,20250711,000000,5.864,5.864,5.864,5.864,0,0
6MIDY.B,D,20250714,000000,5.853,5.853,5.853,5.853,0,0
6MIDY.B,D,20250715,000000,5.858,5.858,5.858,5.858,0,0
6MIDY.B,D,20250716,000000,5.844,5.844,5.844,5.844,0,0
6MIDY.B,D,20250717,000000,5.819,5.819,5.819,5.819,0,0
6MIDY.B,D,20250718,000000,5.809,5.809,5.809,5.809,0,0
6MIDY.B,D,20250721,000000,5.78,5.78,5.78,5.78,0,0
6MIDY.B,D,20250722,000000,5.75,5.75,5.75,5.75,0,0
6MIDY.B,D,20250723,000000,5.72,5.72,5.72,5.72,0,0
6MIDY.B,D,20250724,000000,5.67,5.67,5.67,5.67,0,0
6MIDY.B,D,20250725,000000,5.658,5.658,5.658,5.658,0,0
6MIDY.B,D,20250728,000000,5.606,5.606,5.606,5.606,0,0
6MIDY.B,D,20250729,000000,5.595,5.595,5.595,5.595,0,0
6MIDY.B,D,20250730,000000,5.563,5.563,5.563,5.563,0,0
6MIDY.B,D,20250731,000000,5.572,5.572,5.572,5.572,0,0
6MIDY.B,D,20250801,000000,5.579,5.579,5.579,5.579,0,0
6MIDY.B,D,20250804,000000,5.609,5.609,5.609,5.609,0,0
6MIDY.B,D,20250805,000000,5.556,5.556,5.556,5.556,0,0
6MIDY.B,D,20250806,000000,5.608,5.608,5.608,5.608,0,0
6MIDY.B,D,20250807,000000,5.553,5.553,5.553,5.553,0,0
6MIDY.B,D,20250808,000000,5.495,5.495,5.495,5.495,0,0
6MIDY.B,D,20250811,000000,5.461,5.461,5.461,5.461,0,0
6MIDY.B,D,20250812,000000,5.427,5.427,5.427,5.427,0,0
6MIDY.B,D,20250813,000000,5.448,5.448,5.448,5.448,0,0
6MIDY.B,D,20250814,000000,5.435,5.435,5.435,5.435,0,0
6MIDY.B,D,20250815,000000,5.42,5.42,5.42,5.42,0,0
6MIDY.B,D,20250819,000000,5.388,5.388,5.388,5.388,0,0
6MIDY.B,D,20250820,000000,5.337,5.337,5.337,5.337,0,0
6MIDY.B,D,20250821,000000,5.352,5.352,5.352,5.352,0,0
6MIDY.B,D,20250822,000000,5.336,5.336,5.336,5.336,0,0
6MIDY.B,D,20250825,000000,5.283,5.283,5.263,5.263,0,0
6MIDY.B,D,20250826,000000,5.229,5.229,5.229,5.229,0,0
6MIDY.B,D,20250827,000000,5.115,5.115,5.115,5.115,0,0
6MIDY.B,D,20250828,000000,5.08,5.08,5.08,5.08,0,0
6MIDY.B,D,20250829,000000,5.121,5.121,5.121,5.121,0,0
6MIDY.B,D,20250901,000000,5.17,5.17,5.17,5.17,0,0
6MIDY.B,D,20250902,000000,5.177,5.177,5.177,5.177,0,0
6MIDY.B,D,20250903,000000,5.163,5.163,5.163,5.163,0,0
6MIDY.B,D,20250904,000000,5.193,5.193,5.193,5.193,0,0
6MIDY.B,D,20250908,000000,5.158,5.179,5.158,5.179,0,0
6MIDY.B,D,20250909,000000,5.252,5.252,5.252,5.252,0,0
6MIDY.B,D,20250910,000000,5.216,5.216,5.216,5.216,0,0
6MIDY.B,D,20250911,000000,5.18,5.18,5.18,5.18,0,0
6MIDY.B,D,20250912,000000,5.182,5.182,5.182,5.182,0,0
6MIDY.B,D,20250915,000000,5.101,5.101,5.101,5.101,0,0
6MIDY.B,D,20250916,000000,5.096,5.096,5.096,5.096,0,0
6MIDY.B,D,20250917,000000,5.09,5.09,5.09,5.09,0,0
6MIDY.B,D,20250918,000000,5.02,5.02,5.02,5.02,0,0
6MIDY.B,D,20250919,000000,5,5,5,5,0,0
6MIDY.B,D,20250922,000000,4.993,4.993,4.975,4.975,0,0
6MIDY.B,D,20250923,000000,4.978,4.978,4.978,4.978,0,0
6MIDY.B,D,20250924,000000,4.98,4.98,4.98,4.98,0,0
6MIDY.B,D,20250925,000000,5.01,5.01,5.01,5.01,0,0
6MIDY.B,D,20250926,000000,5.01,5.01,5.01,5.01,0,0
6MIDY.B,D,20250929,000000,5.011,5.02,5.011,5.02,0,0
6MIDY.B,D,20250930,000000,5.032,5.032,5.032,5.032,0,0
6MIDY.B,D,20251001,000000,4.997,4.997,4.997,4.997,0,0
6MIDY.B,D,20251002,000000,4.99,4.99,4.99,4.99,0,0
6MIDY.B,D,20251003,000000,4.979,4.979,4.979,4.979,0,0
6MIDY.B,D,20251006,000000,4.972,4.972,4.972,4.972,0,0
6MIDY.B,D,20251007,000000,4.984,4.984,4.984,4.984,0,0
6MIDY.B,D,20251008,000000,4.984,4.984,4.984,4.984,0,0
6MIDY.B,D,20251009,000000,4.957,4.957,4.957,4.957,0,0
6MIDY.B,D,20251010,000000,4.964,4.964,4.964,4.964,0,0
6MIDY.B,D,20251013,000000,4.937,4.937,4.937,4.937,0,0
6MIDY.B,D,20251014,000000,4.939,4.939,4.939,4.939,0,0
6MIDY.B,D,20251015,000000,4.931,4.931,4.931,4.931,0,0
6MIDY.B,D,20251016,000000,4.913,4.913,4.913,4.913,0,0
6MIDY.B,D,20251017,000000,4.901,4.901,4.901,4.901,0,0
6MIDY.B,D,20251020,000000,4.688,4.688,4.688,4.688,0,0
6MIDY.B,D,20251021,000000,4.731,4.731,4.731,4.731,0,0
6MIDY.B,D,20251022,000000,4.677,4.677,4.677,4.677,0,0
6MIDY.B,D,20251023,000000,4.681,4.681,4.681,4.681,0,0
6MIDY.B,D,20251024,000000,4.715,4.715,4.715,4.715,0,0
6MIDY.B,D,20251027,000000,4.739,4.739,4.739,4.739,0,0
6MIDY.B,D,20251028,000000,4.639,4.639,4.639,4.639,0,0
6MIDY.B,D,20251029,000000,4.684,4.684,4.684,4.684,0,0
6MIDY.B,D,20251030,000000,4.689,4.689,4.689,4.689,0,0
6MIDY.B,D,20251031,000000,4.703,4.703,4.703,4.703,0,0
6MIDY.B,D,20251103,000000,4.691,4.691,4.67,4.67,0,0
6MIDY.B,D,20251104,000000,4.612,4.633,4.612,4.633,0,0
6MIDY.B,D,20251105,000000,4.637,4.637,4.637,4.637,0,0
6MIDY.B,D,20251106,000000,4.599,4.599,4.599,4.599,0,0
6MIDY.B,D,20251107,000000,4.612,4.612,4.612,4.612,0,0
6MIDY.B,D,20251110,000000,4.488,4.488,4.488,4.488,0,0
6MIDY.B,D,20251111,000000,4.47,4.47,4.47,4.47,0,0
6MIDY.B,D,20251112,000000,4.474,4.474,4.474,4.474,0,0
6MIDY.B,D,20251113,000000,4.478,4.478,4.478,4.478,0,0
6MIDY.B,D,20251114,000000,4.467,4.467,4.467,4.467,0,0
6MIDY.B,D,20251117,000000,4.494,4.494,4.494,4.494,0,0
6MIDY.B,D,20251118,000000,4.475,4.475,4.475,4.475,0,0
6MIDY.B,D,20251119,000000,4.547,4.547,4.547,4.547,0,0
6MIDY.B,D,20251120,000000,4.529,4.529,4.529,4.529,0,0
6MIDY.B,D,20251121,000000,4.565,4.565,4.565,4.565,0,0
6MIDY.B,D,20251124,000000,4.617,4.617,4.617,4.617,0,0
6MIDY.B,D,20251125,000000,4.669,4.669,4.669,4.669,0,0
6MIDY.B,D,20251126,000000,4.65,4.65,4.65,4.65,0,0
6MIDY.B,D,20251127,000000,4.727,4.727,4.727,4.727,0,0
6MIDY.B,D,20251201,000000,4.751,4.775,4.751,4.775,0,0
6MIDY.B,D,20251203,000000,4.763,4.788,4.763,4.788,0,0
6MIDY.B,D,20251215,000000,4.792,4.792,4.792,4.792,0,0
6MIDY.B,D,20251222,000000,4.732,4.732,4.732,4.732,0,0
6MIDY.B,D,20251230,000000,4.703,4.703,4.703,4.703,0,0
6MIDY.B,D,20260105,000000,4.594,4.594,4.594,4.594,0,0
6MIDY.B,D,20260112,000000,4.546,4.546,4.546,4.546,0,0
6MIDY.B,D,20260115,000000,4.486,4.486,4.486,4.486,0,0
6MIDY.B,D,20260119,000000,4.458,4.458,4.458,4.458,0,0
6MIDY.B,D,20260126,000000,4.508,4.508,4.508,4.508,0,0
6MIDY.B,D,20260202,000000,4.566,4.566,4.566,4.566,0,0
6MIDY.B,D,20260203,000000,4.534,4.534,4.534,4.534,0,0
