<TICKER>,<PER>,<DATE>,<TIME>,<OPEN>,<HIGH>,<LOW>,<CLOSE>,<VOL>,<OPENINT>
9YDEP.B,D,20240321,000000,99.647,99.647,99.408,99.408,0,0
9YDEP.B,D,20240322,000000,99.783,100.093,99.783,100.093,0,0
9YDEP.B,D,20240325,000000,100.093,100.093,99.755,99.755,0,0
9YDEP.B,D,20240326,000000,99.822,99.843,99.822,99.843,0,0
9YDEP.B,D,20240327,000000,100.042,100.346,100.042,100.346,0,0
9YDEP.B,D,20240328,000000,100.185,100.185,100.185,100.185,0,0
9YDEP.B,D,20240402,000000,99.79,99.79,99.433,99.433,0,0
9YDEP.B,D,20240403,000000,99.514,99.585,99.514,99.585,0,0
9YDEP.B,D,20240404,000000,99.655,99.949,99.655,99.949,0,0
9YDEP.B,D,20240405,000000,99.987,99.987,99.662,99.662,0,0
9YDEP.B,D,20240408,000000,99.662,99.662,99.273,99.273,0,0
9YDEP.B,D,20240409,000000,99.524,99.793,99.524,99.793,0,0
9YDEP.B,D,20240410,000000,99.83,99.83,99.284,99.284,0,0
9YDEP.B,D,20240411,000000,98.97,98.97,98.939,98.939,0,0
9YDEP.B,D,20240412,000000,99.676,99.676,99.676,99.676,0,0
9YDEP.B,D,20240415,000000,99.676,99.676,99.253,99.253,0,0
9YDEP.B,D,20240416,000000,99.219,99.219,98.773,98.773,0,0
9YDEP.B,D,20240417,000000,98.871,98.962,98.871,98.962,0,0
9YDEP.B,D,20240418,000000,99.172,99.172,98.877,98.877,0,0
9YDEP.B,D,20240419,000000,98.943,98.943,98.611,98.611,0,0
9YDEP.B,D,20240422,000000,98.611,98.714,98.61,98.714,0,0
9YDEP.B,D,20240423,000000,98.859,98.859,98.799,98.799,0,0
9YDEP.B,D,20240424,000000,98.535,98.535,98.062,98.062,0,0
9YDEP.B,D,20240425,000000,98.206,98.206,97.68,97.68,0,0
9YDEP.B,D,20240426,000000,97.976,98.265,97.976,98.265,0,0
9YDEP.B,D,20240429,000000,98.265,98.492,98.265,98.492,0,0
9YDEP.B,D,20240430,000000,98.371,98.371,98.079,98.079,0,0
9YDEP.B,D,20240502,000000,98.094,98.416,98.094,98.406,0,0
9YDEP.B,D,20240503,000000,98.442,98.724,98.442,98.724,0,0
9YDEP.B,D,20240506,000000,98.724,99.066,98.724,99.066,0,0
9YDEP.B,D,20240507,000000,99.205,99.356,99.205,99.356,0,0
9YDEP.B,D,20240508,000000,99.205,99.205,99.022,99.022,0,0
9YDEP.B,D,20240509,000000,98.78,98.78,98.765,98.765,0,0
9YDEP.B,D,20240510,000000,98.998,98.998,98.666,98.666,0,0
9YDEP.B,D,20240513,000000,98.666,98.738,98.665,98.738,0,0
9YDEP.B,D,20240514,000000,98.826,98.826,98.484,98.484,0,0
9YDEP.B,D,20240515,000000,98.706,99.154,98.706,99.154,0,0
9YDEP.B,D,20240516,000000,99.154,99.442,99.154,99.208,0,0
9YDEP.B,D,20240517,000000,98.855,98.855,98.668,98.668,0,0
9YDEP.B,D,20240520,000000,98.668,98.668,98.511,98.513,0,0
9YDEP.B,D,20240521,000000,98.513,98.741,98.513,98.741,0,0
9YDEP.B,D,20240522,000000,98.458,98.528,98.458,98.528,0,0
9YDEP.B,D,20240523,000000,98.296,98.296,97.876,97.876,0,0
9YDEP.B,D,20240524,000000,98.043,98.043,98.01,98.01,0,0
9YDEP.B,D,20240527,000000,98.01,98.356,98.01,98.356,0,0
9YDEP.B,D,20240528,000000,98.345,98.345,98.159,98.159,0,0
9YDEP.B,D,20240529,000000,97.896,97.896,97.504,97.504,0,0
9YDEP.B,D,20240530,000000,97.428,97.428,97.38,97.38,0,0
9YDEP.B,D,20240531,000000,97.445,97.653,97.445,97.653,0,0
9YDEP.B,D,20240603,000000,97.653,98.133,97.622,98.133,0,0
9YDEP.B,D,20240604,000000,98.407,98.419,98.407,98.419,0,0
9YDEP.B,D,20240605,000000,98.395,98.47,98.395,98.47,0,0
9YDEP.B,D,20240606,000000,98.525,98.525,98.289,98.289,0,0
9YDEP.B,D,20240607,000000,98.213,98.213,97.738,97.738,0,0
9YDEP.B,D,20240610,000000,97.738,97.738,97.434,97.434,0,0
9YDEP.B,D,20240611,000000,97.412,97.696,97.412,97.696,0,0
9YDEP.B,D,20240612,000000,97.97,98.455,97.97,98.455,0,0
9YDEP.B,D,20240613,000000,98.321,98.614,98.321,98.614,0,0
9YDEP.B,D,20240614,000000,99.47,99.893,99.47,99.893,0,0
9YDEP.B,D,20240617,000000,99.893,99.893,99.441,99.441,0,0
9YDEP.B,D,20240618,000000,99.307,99.567,99.307,99.567,0,0
9YDEP.B,D,20240619,000000,99.615,99.615,99.491,99.491,0,0
9YDEP.B,D,20240620,000000,99.358,99.358,99.318,99.318,0,0
9YDEP.B,D,20240621,000000,99.773,99.773,99.491,99.491,0,0
9YDEP.B,D,20240624,000000,99.491,99.563,99.491,99.563,0,0
9YDEP.B,D,20240625,000000,99.551,99.551,99.472,99.472,0,0
9YDEP.B,D,20240626,000000,99.401,99.401,99.401,99.401,0,0
9YDEP.B,D,20240627,000000,98.939,99.168,98.939,99.168,0,0
9YDEP.B,D,20240628,000000,99.261,99.261,98.874,98.874,0,0
9YDEP.B,D,20240701,000000,98.874,98.874,97.985,97.985,0,0
9YDEP.B,D,20240702,000000,98.106,98.106,98.072,98.072,0,0
9YDEP.B,D,20240703,000000,98.0,98.433,98,98.433,0,0
9YDEP.B,D,20240704,000000,98.267,98.267,98.176,98.176,0,0
9YDEP.B,D,20240705,000000,98.208,98.38,98.208,98.38,0,0
9YDEP.B,D,20240708,000000,98.38,98.653,98.38,98.653,0,0
9YDEP.B,D,20240709,000000,98.653,98.653,98.498,98.498,0,0
9YDEP.B,D,20240710,000000,98.684,98.728,98.684,98.728,0,0
9YDEP.B,D,20240711,000000,98.628,99.156,98.628,99.156,0,0
9YDEP.B,D,20240712,000000,98.907,99.027,98.907,99.027,0,0
9YDEP.B,D,20240715,000000,99.027,99.181,99.027,99.181,0,0
9YDEP.B,D,20240716,000000,99.416,99.432,99.416,99.432,0,0
9YDEP.B,D,20240717,000000,99.566,99.566,99.546,99.546,0,0
9YDEP.B,D,20240718,000000,101.791,101.791,101.791,101.791,0,0
9YDEP.B,D,20240719,000000,101.76,101.76,101.545,101.545,0,0
9YDEP.B,D,20240722,000000,101.545,101.545,101.469,101.469,0,0
9YDEP.B,D,20240723,000000,101.432,101.643,101.432,101.643,0,0
9YDEP.B,D,20240724,000000,101.956,101.956,101.725,101.725,0,0
9YDEP.B,D,20240725,000000,101.902,101.991,101.902,101.991,0,0
9YDEP.B,D,20240726,000000,101.676,102.058,101.676,102.058,0,0
9YDEP.B,D,20240729,000000,102.058,102.365,102.058,102.365,0,0
9YDEP.B,D,20240730,000000,102.542,102.542,102.539,102.539,0,0
9YDEP.B,D,20240731,000000,102.84,102.84,102.776,102.776,0,0
9YDEP.B,D,20240801,000000,103.001,103.001,103.001,103.001,0,0
9YDEP.B,D,20240802,000000,103.539,104.108,103.539,104.108,0,0
9YDEP.B,D,20240805,000000,104.108,104.324,103.85,103.85,0,0
9YDEP.B,D,20240806,000000,103.835,103.835,103.827,103.827,0,0
9YDEP.B,D,20240807,000000,103.27,103.27,103.196,103.196,0,0
9YDEP.B,D,20240808,000000,103.553,103.553,103.17,103.17,0,0
9YDEP.B,D,20240809,000000,103.299,103.53,103.299,103.53,0,0
9YDEP.B,D,20240812,000000,103.53,103.53,103.53,103.53,0,0
9YDEP.B,D,20240813,000000,103.55,103.82,103.55,103.82,0,0
9YDEP.B,D,20240814,000000,103.742,103.878,103.742,103.878,0,0
9YDEP.B,D,20240815,000000,103.83,103.83,103.202,103.202,0,0
9YDEP.B,D,20240816,000000,103.225,103.225,103.225,103.225,0,0
9YDEP.B,D,20240819,000000,103.225,103.479,103.225,103.242,0,0
9YDEP.B,D,20240820,000000,103.36,103.468,103.36,103.468,0,0
9YDEP.B,D,20240821,000000,103.524,103.548,103.524,103.548,0,0
9YDEP.B,D,20240822,000000,103.769,103.769,103.417,103.417,0,0
9YDEP.B,D,20240823,000000,103.26,103.542,103.26,103.542,0,0
9YDEP.B,D,20240826,000000,103.542,103.542,103.213,103.213,0,0
9YDEP.B,D,20240827,000000,103.288,103.288,102.887,102.887,0,0
9YDEP.B,D,20240828,000000,103.149,103.219,103.149,103.219,0,0
9YDEP.B,D,20240829,000000,103.281,103.281,103.155,103.155,0,0
9YDEP.B,D,20240830,000000,103.222,103.222,103.038,103.038,0,0
9YDEP.B,D,20240902,000000,103.038,103.038,102.611,102.611,0,0
9YDEP.B,D,20240903,000000,102.692,102.692,102.692,102.692,0,0
9YDEP.B,D,20240904,000000,103.433,103.629,103.433,103.629,0,0
9YDEP.B,D,20240905,000000,103.556,103.651,103.556,103.651,0,0
9YDEP.B,D,20240906,000000,103.962,103.962,103.646,103.646,0,0
9YDEP.B,D,20240909,000000,103.646,103.847,103.529,103.847,0,0
9YDEP.B,D,20240910,000000,103.877,103.926,103.877,103.926,0,0
9YDEP.B,D,20240911,000000,104.481,104.548,104.481,104.548,0,0
9YDEP.B,D,20240912,000000,104.367,104.367,104.247,104.247,0,0
9YDEP.B,D,20240913,000000,104.286,104.286,104.12,104.12,0,0
9YDEP.B,D,20240916,000000,104.12,104.235,104.12,104.235,0,0
9YDEP.B,D,20240917,000000,104.47,104.47,104.207,104.207,0,0
9YDEP.B,D,20240918,000000,104.077,104.077,103.845,103.845,0,0
9YDEP.B,D,20240919,000000,103.773,103.775,103.773,103.775,0,0
9YDEP.B,D,20240920,000000,103.868,103.868,103.628,103.628,0,0
9YDEP.B,D,20240923,000000,103.628,104.087,103.628,104.087,0,0
9YDEP.B,D,20240924,000000,103.986,103.986,103.986,103.986,0,0
9YDEP.B,D,20240925,000000,104.274,104.274,103.915,103.915,0,0
9YDEP.B,D,20240926,000000,104.121,104.121,104.121,104.121,0,0
9YDEP.B,D,20240927,000000,104.483,104.483,104.293,104.293,0,0
9YDEP.B,D,20240930,000000,104.293,104.454,104.204,104.454,0,0
9YDEP.B,D,20241001,000000,104.719,105.193,104.719,105.193,0,0
9YDEP.B,D,20241002,000000,104.772,104.772,104.468,104.468,0,0
9YDEP.B,D,20241003,000000,104.448,104.448,104.448,104.448,0,0
9YDEP.B,D,20241004,000000,104.037,104.037,104.037,104.037,0,0
9YDEP.B,D,20241007,000000,104.037,104.037,103.29,103.29,0,0
9YDEP.B,D,20241008,000000,103.286,103.302,103.286,103.302,0,0
9YDEP.B,D,20241009,000000,103.385,103.385,103.238,103.238,0,0
9YDEP.B,D,20241010,000000,103.077,103.229,103.077,103.229,0,0
9YDEP.B,D,20241011,000000,103.135,103.135,103.135,103.135,0,0
9YDEP.B,D,20241014,000000,103.135,103.161,103.135,103.161,0,0
9YDEP.B,D,20241015,000000,103.362,103.362,103.362,103.362,0,0
9YDEP.B,D,20241016,000000,103.67,103.846,103.67,103.846,0,0
9YDEP.B,D,20241017,000000,103.6,103.6,103.6,103.6,0,0
9YDEP.B,D,20241018,000000,103.529,103.529,103.529,103.529,0,0
9YDEP.B,D,20241021,000000,103.529,103.666,103.529,103.666,0,0
9YDEP.B,D,20241022,000000,102.78,102.78,102.78,102.78,0,0
9YDEP.B,D,20241023,000000,102.841,102.841,102.841,102.841,0,0
9YDEP.B,D,20241024,000000,103.041,103.255,103.041,103.255,0,0
9YDEP.B,D,20241025,000000,103.22,103.22,103.22,103.22,0,0
9YDEP.B,D,20241028,000000,103.22,103.22,102.78,102.78,0,0
9YDEP.B,D,20241029,000000,102.607,102.607,102.607,102.607,0,0
9YDEP.B,D,20241030,000000,102.631,102.631,102.127,102.127,0,0
9YDEP.B,D,20241031,000000,102.127,102.127,101.858,101.858,0,0
9YDEP.B,D,20241101,000000,101.858,102.064,101.801,102.064,0,0
9YDEP.B,D,20241104,000000,102.064,102.064,101.869,101.869,0,0
9YDEP.B,D,20241105,000000,101.827,101.827,101.827,101.827,0,0
9YDEP.B,D,20241106,000000,101.827,102.14,101.827,102.14,0,0
9YDEP.B,D,20241107,000000,101.554,101.554,101.554,101.554,0,0
9YDEP.B,D,20241108,000000,101.554,102.281,101.554,102.281,0,0
9YDEP.B,D,20241111,000000,102.281,102.495,102.281,102.464,0,0
9YDEP.B,D,20241112,000000,102.464,102.541,102.464,102.541,0,0
9YDEP.B,D,20241113,000000,102.22,102.22,102.22,102.22,0,0
9YDEP.B,D,20241114,000000,102.069,102.234,102.027,102.234,0,0
9YDEP.B,D,20241115,000000,102.423,102.423,102.321,102.321,0,0
9YDEP.B,D,20241118,000000,102.321,102.321,102.136,102.136,0,0
9YDEP.B,D,20241119,000000,102.657,102.657,102.471,102.471,0,0
9YDEP.B,D,20241120,000000,102.471,102.471,102.265,102.436,0,0
9YDEP.B,D,20241121,000000,102.323,102.731,102.323,102.731,0,0
9YDEP.B,D,20241122,000000,103.051,103.051,103.051,103.051,0,0
9YDEP.B,D,20241125,000000,103.051,103.51,103.051,103.51,0,0
9YDEP.B,D,20241126,000000,103.502,103.502,103.502,103.502,0,0
9YDEP.B,D,20241127,000000,103.502,103.685,103.502,103.685,0,0
9YDEP.B,D,20241128,000000,103.971,104.027,103.971,104.027,0,0
9YDEP.B,D,20241129,000000,104.027,104.197,104.027,104.197,0,0
9YDEP.B,D,20241202,000000,104.197,104.83,104.197,104.83,0,0
9YDEP.B,D,20241203,000000,104.723,104.723,104.723,104.723,0,0
9YDEP.B,D,20241204,000000,104.626,104.626,104.626,104.626,0,0
9YDEP.B,D,20241205,000000,104.542,104.542,104.542,104.542,0,0
9YDEP.B,D,20241206,000000,104.293,104.293,104.293,104.293,0,0
9YDEP.B,D,20241209,000000,104.293,104.293,104.218,104.218,0,0
9YDEP.B,D,20241210,000000,104.18,104.18,104.18,104.18,0,0
9YDEP.B,D,20241211,000000,104.232,104.232,104.232,104.232,0,0
9YDEP.B,D,20241212,000000,103.996,103.996,103.996,103.996,0,0
9YDEP.B,D,20241213,000000,103.357,103.357,103.254,103.254,0,0
9YDEP.B,D,20241216,000000,103.254,103.297,103.149,103.297,0,0
9YDEP.B,D,20241217,000000,103.322,103.356,103.322,103.356,0,0
9YDEP.B,D,20241218,000000,103.291,103.291,103.291,103.291,0,0
9YDEP.B,D,20241219,000000,102.895,102.895,102.624,102.624,0,0
9YDEP.B,D,20241220,000000,102.69,102.893,102.69,102.893,0,0
9YDEP.B,D,20241223,000000,102.893,102.893,102.624,102.624,0,0
9YDEP.B,D,20241227,000000,102.197,102.197,102.197,102.197,0,0
9YDEP.B,D,20241230,000000,102.197,102.197,102.073,102.073,0,0
9YDEP.B,D,20250102,000000,102.073,102.259,102.073,102.259,0,0
9YDEP.B,D,20250103,000000,102.241,102.241,102.241,102.241,0,0
9YDEP.B,D,20250106,000000,102.241,102.241,101.683,101.683,0,0
9YDEP.B,D,20250107,000000,101.524,101.524,101.524,101.524,0,0
9YDEP.B,D,20250108,000000,101.356,101.356,101.356,101.356,0,0
9YDEP.B,D,20250109,000000,100.953,101.008,100.953,101.008,0,0
9YDEP.B,D,20250110,000000,100.744,100.744,100.734,100.734,0,0
9YDEP.B,D,20250113,000000,100.734,100.734,100.313,100.495,0,0
9YDEP.B,D,20250114,000000,100.463,100.463,100.463,100.463,0,0
9YDEP.B,D,20250115,000000,100.283,100.283,100.283,100.283,0,0
9YDEP.B,D,20250116,000000,100.766,100.766,100.766,100.766,0,0
9YDEP.B,D,20250117,000000,97.722,97.722,97.722,97.722,0,0
9YDEP.B,D,20250120,000000,97.722,97.748,97.722,97.748,0,0
9YDEP.B,D,20250121,000000,97.846,97.846,97.846,97.846,0,0
9YDEP.B,D,20250122,000000,98.021,98.021,98.021,98.021,0,0
9YDEP.B,D,20250123,000000,97.818,97.818,97.607,97.607,0,0
9YDEP.B,D,20250124,000000,97.527,97.527,97.527,97.527,0,0
9YDEP.B,D,20250127,000000,97.527,97.929,97.527,97.929,0,0
9YDEP.B,D,20250128,000000,97.929,97.929,97.673,97.673,0,0
9YDEP.B,D,20250129,000000,97.775,97.775,97.621,97.621,0,0
9YDEP.B,D,20250130,000000,97.756,97.756,97.756,97.756,0,0
9YDEP.B,D,20250131,000000,98.258,98.379,98.258,98.379,0,0
9YDEP.B,D,20250203,000000,98.379,98.699,98.379,98.699,0,0
9YDEP.B,D,20250204,000000,98.715,98.715,98.715,98.715,0,0
9YDEP.B,D,20250205,000000,99.114,99.114,99.114,99.114,0,0
9YDEP.B,D,20250206,000000,98.911,98.911,98.911,98.911,0,0
9YDEP.B,D,20250207,000000,99.077,99.077,99.077,99.077,0,0
9YDEP.B,D,20250210,000000,99.077,99.077,99.062,99.062,0,0
9YDEP.B,D,20250211,000000,98.864,98.864,98.864,98.864,0,0
9YDEP.B,D,20250212,000000,98.52,98.52,98.52,98.52,0,0
9YDEP.B,D,20250213,000000,98.285,98.285,98.285,98.285,0,0
9YDEP.B,D,20250214,000000,98.459,98.459,98.459,98.459,0,0
9YDEP.B,D,20250217,000000,98.459,98.459,98.103,98.207,0,0
9YDEP.B,D,20250218,000000,97.989,97.989,97.989,97.989,0,0
9YDEP.B,D,20250219,000000,97.821,97.821,97.821,97.821,0,0
9YDEP.B,D,20250220,000000,97.572,97.572,97.572,97.572,0,0
9YDEP.B,D,20250221,000000,98.003,98.271,98.003,98.271,0,0
9YDEP.B,D,20250224,000000,98.271,98.29,98.271,98.283,0,0
9YDEP.B,D,20250225,000000,98.303,98.432,98.303,98.432,0,0
9YDEP.B,D,20250226,000000,98.533,98.533,98.493,98.493,0,0
9YDEP.B,D,20250227,000000,98.494,98.621,98.494,98.621,0,0
9YDEP.B,D,20250228,000000,98.991,98.991,98.917,98.917,0,0
9YDEP.B,D,20250303,000000,98.917,98.917,98.02,98.02,0,0
9YDEP.B,D,20250304,000000,98.475,98.475,98.475,98.475,0,0
9YDEP.B,D,20250305,000000,96.419,96.419,96.419,96.419,0,0
9YDEP.B,D,20250306,000000,95.09,95.09,95.09,95.09,0,0
9YDEP.B,D,20250307,000000,95.66,95.66,95.555,95.555,0,0
9YDEP.B,D,20250310,000000,95.555,95.555,95.555,95.555,0,0
9YDEP.B,D,20250311,000000,95.161,95.161,95.161,95.161,0,0
9YDEP.B,D,20250312,000000,94.988,94.988,94.988,94.988,0,0
9YDEP.B,D,20250313,000000,95.088,95.088,95.088,95.088,0,0
9YDEP.B,D,20250314,000000,95.155,95.155,95.155,95.155,0,0
9YDEP.B,D,20250317,000000,95.155,95.719,95.155,95.719,0,0
9YDEP.B,D,20250318,000000,95.44,95.44,95.44,95.44,0,0
9YDEP.B,D,20250319,000000,95.902,95.902,95.902,95.902,0,0
9YDEP.B,D,20250320,000000,96.005,96.005,95.965,95.965,0,0
9YDEP.B,D,20250321,000000,96.127,96.127,96.127,96.127,0,0
9YDEP.B,D,20250324,000000,96.127,96.127,96.092,96.092,0,0
9YDEP.B,D,20250325,000000,95.778,95.828,95.778,95.828,0,0
9YDEP.B,D,20250326,000000,95.952,95.952,95.952,95.952,0,0
9YDEP.B,D,20250327,000000,96.018,96.018,96.018,96.018,0,0
9YDEP.B,D,20250328,000000,96.377,96.377,96.377,96.377,0,0
9YDEP.B,D,20250331,000000,96.377,96.618,96.377,96.618,0,0
9YDEP.B,D,20250401,000000,96.78,96.78,96.685,96.685,0,0
9YDEP.B,D,20250402,000000,96.815,96.815,96.792,96.792,0,0
9YDEP.B,D,20250403,000000,97.005,97.127,97.005,97.127,0,0
9YDEP.B,D,20250404,000000,97.726,97.726,97.726,97.726,0,0
9YDEP.B,D,20250407,000000,97.726,98.482,97.531,97.531,0,0
9YDEP.B,D,20250408,000000,97.524,97.524,97.262,97.262,0,0
9YDEP.B,D,20250409,000000,97.264,97.264,97.264,97.264,0,0
9YDEP.B,D,20250410,000000,97.032,97.032,97.032,97.032,0,0
9YDEP.B,D,20250411,000000,97.46,98.051,97.46,98.051,0,0
9YDEP.B,D,20250414,000000,98.051,98.069,97.837,98.069,0,0
9YDEP.B,D,20250415,000000,98.255,98.255,97.976,97.976,0,0
9YDEP.B,D,20250416,000000,98.332,98.332,98.158,98.158,0,0
9YDEP.B,D,20250417,000000,98.018,98.549,98.018,98.549,0,0
9YDEP.B,D,20250422,000000,98.542,98.637,98.542,98.637,0,0
9YDEP.B,D,20250423,000000,98.42,98.42,98.151,98.151,0,0
9YDEP.B,D,20250424,000000,98.372,98.647,98.372,98.647,0,0
9YDEP.B,D,20250425,000000,98.572,98.572,98.51,98.51,0,0
9YDEP.B,D,20250428,000000,98.51,98.51,98.168,98.168,0,0
9YDEP.B,D,20250429,000000,98.25,98.295,98.25,98.295,0,0
9YDEP.B,D,20250430,000000,98.552,98.552,98.552,98.552,0,0
9YDEP.B,D,20250502,000000,98.552,98.552,98.405,98.405,0,0
9YDEP.B,D,20250505,000000,98.405,98.405,98.025,98.025,0,0
9YDEP.B,D,20250506,000000,97.82,97.83,97.82,97.83,0,0
9YDEP.B,D,20250507,000000,97.965,98.451,97.965,98.451,0,0
9YDEP.B,D,20250508,000000,98.38,98.38,98.203,98.203,0,0
9YDEP.B,D,20250509,000000,97.65,97.855,97.65,97.855,0,0
9YDEP.B,D,20250512,000000,97.855,97.855,97.188,97.188,0,0
9YDEP.B,D,20250513,000000,96.873,96.975,96.873,96.975,0,0
9YDEP.B,D,20250514,000000,96.84,96.845,96.84,96.845,0,0
9YDEP.B,D,20250515,000000,96.852,97.152,96.852,97.152,0,0
9YDEP.B,D,20250516,000000,97.503,97.622,97.503,97.622,0,0
9YDEP.B,D,20250519,000000,97.622,97.622,97.348,97.348,0,0
9YDEP.B,D,20250520,000000,97.688,97.688,97.386,97.386,0,0
9YDEP.B,D,20250521,000000,97.22,97.22,97.195,97.195,0,0
9YDEP.B,D,20250522,000000,97.14,97.177,97.14,97.177,0,0
9YDEP.B,D,20250523,000000,97.342,97.691,97.342,97.691,0,0
9YDEP.B,D,20250526,000000,97.691,97.772,97.522,97.772,0,0
9YDEP.B,D,20250527,000000,98.137,98.137,97.965,97.965,0,0
9YDEP.B,D,20250528,000000,97.982,97.982,97.903,97.903,0,0
9YDEP.B,D,20250529,000000,97.71,98.121,97.71,98.121,0,0
9YDEP.B,D,20250530,000000,98.175,98.175,98.12,98.12,0,0
9YDEP.B,D,20250602,000000,98.12,98.12,97.881,98.04,0,0
9YDEP.B,D,20250603,000000,98.203,98.285,98.203,98.285,0,0
9YDEP.B,D,20250604,000000,98.108,98.108,98.028,98.028,0,0
9YDEP.B,D,20250605,000000,98.084,98.084,97.757,97.757,0,0
9YDEP.B,D,20250606,000000,97.839,97.839,97.762,97.762,0,0
9YDEP.B,D,20250609,000000,97.762,98.036,97.637,97.637,0,0
9YDEP.B,D,20250610,000000,97.874,98.02,97.874,98.02,0,0
9YDEP.B,D,20250611,000000,97.912,97.99,97.912,97.99,0,0
9YDEP.B,D,20250612,000000,98.229,98.373,98.229,98.373,0,0
9YDEP.B,D,20250613,000000,98.352,98.352,98.141,98.141,0,0
9YDEP.B,D,20250616,000000,98.141,98.141,97.674,98.141,0,0
9YDEP.B,D,20250617,000000,97.876,98.037,97.876,98.037,0,0
9YDEP.B,D,20250618,000000,97.989,98.254,97.989,98.254,0,0
9YDEP.B,D,20250619,000000,98.042,98.14,98.042,98.14,0,0
9YDEP.B,D,20250620,000000,98.233,98.233,98.075,98.075,0,0
9YDEP.B,D,20250623,000000,98.075,98.186,97.896,98.186,0,0
9YDEP.B,D,20250624,000000,98.081,98.081,98.023,98.023,0,0
9YDEP.B,D,20250625,000000,98.13,98.13,97.657,97.657,0,0
9YDEP.B,D,20250626,000000,97.924,97.924,97.821,97.821,0,0
9YDEP.B,D,20250627,000000,97.71,97.71,97.547,97.547,0,0
9YDEP.B,D,20250630,000000,97.547,97.729,97.547,97.559,0,0
9YDEP.B,D,20250701,000000,97.829,97.829,97.733,97.733,0,0
9YDEP.B,D,20250702,000000,97.573,97.573,97.351,97.351,0,0
9YDEP.B,D,20250703,000000,97.524,97.627,97.524,97.627,0,0
9YDEP.B,D,20250704,000000,100.731,100.731,100.6,100.6,0,0
9YDEP.B,D,20250707,000000,100.6,100.6,100.25,100.25,0,0
9YDEP.B,D,20250708,000000,99.954,99.954,99.921,99.921,0,0
9YDEP.B,D,20250709,000000,100.047,100.047,100.012,100.012,0,0
9YDEP.B,D,20250710,000000,100.058,100.058,99.801,99.801,0,0
9YDEP.B,D,20250711,000000,99.7,99.7,99.7,99.7,0,0
9YDEP.B,D,20250714,000000,99.626,99.626,99.523,99.591,0,0
9YDEP.B,D,20250715,000000,99.847,99.847,99.766,99.766,0,0
9YDEP.B,D,20250716,000000,99.627,99.75,99.627,99.75,0,0
9YDEP.B,D,20250717,000000,99.771,100.037,99.771,100.037,0,0
9YDEP.B,D,20250718,000000,99.822,99.822,99.822,99.822,0,0
9YDEP.B,D,20250721,000000,99.822,100.496,99.822,100.496,0,0
9YDEP.B,D,20250722,000000,100.491,100.714,100.491,100.714,0,0
9YDEP.B,D,20250723,000000,100.507,100.63,100.507,100.63,0,0
9YDEP.B,D,20250724,000000,99.989,99.989,99.894,99.894,0,0
9YDEP.B,D,20250725,000000,99.434,99.676,99.434,99.676,0,0
9YDEP.B,D,20250728,000000,99.676,99.99,99.676,99.99,0,0
9YDEP.B,D,20250729,000000,99.757,99.757,99.757,99.757,0,0
9YDEP.B,D,20250730,000000,99.975,99.975,99.945,99.945,0,0
9YDEP.B,D,20250731,000000,99.901,99.901,99.838,99.838,0,0
9YDEP.B,D,20250801,000000,99.636,100.117,99.636,100.117,0,0
9YDEP.B,D,20250804,000000,100.117,100.327,99.865,100.327,0,0
9YDEP.B,D,20250805,000000,100.563,100.563,100.454,100.454,0,0
9YDEP.B,D,20250806,000000,100.361,100.361,100.245,100.245,0,0
9YDEP.B,D,20250807,000000,100.267,100.366,100.267,100.366,0,0
9YDEP.B,D,20250808,000000,100.26,100.26,99.977,99.977,0,0
9YDEP.B,D,20250811,000000,99.977,100.069,99.841,99.841,0,0
9YDEP.B,D,20250812,000000,99.79,99.79,99.433,99.433,0,0
9YDEP.B,D,20250813,000000,99.749,99.963,99.749,99.963,0,0
9YDEP.B,D,20250814,000000,100.12,100.12,99.81,99.81,0,0
9YDEP.B,D,20250815,000000,99.589,99.589,99.25,99.25,0,0
9YDEP.B,D,20250818,000000,99.25,99.495,99.225,99.225,0,0
9YDEP.B,D,20250819,000000,99.171,99.218,99.171,99.218,0,0
9YDEP.B,D,20250820,000000,99.445,99.699,99.445,99.699,0,0
9YDEP.B,D,20250821,000000,99.545,99.545,99.468,99.468,0,0
9YDEP.B,D,20250822,000000,99.442,99.442,99.442,99.442,0,0
9YDEP.B,D,20250825,000000,99.442,99.442,99.415,99.415,0,0
9YDEP.B,D,20250826,000000,99.598,99.621,99.598,99.621,0,0
9YDEP.B,D,20250827,000000,99.862,99.862,99.783,99.783,0,0
9YDEP.B,D,20250828,000000,99.866,99.866,99.866,99.866,0,0
9YDEP.B,D,20250829,000000,99.833,99.833,99.833,99.833,0,0
9YDEP.B,D,20250901,000000,99.833,99.833,99.478,99.534,0,0
9YDEP.B,D,20250902,000000,100.247,100.247,99.205,99.205,0,0
9YDEP.B,D,20250903,000000,99.258,99.56,99.258,99.56,0,0
9YDEP.B,D,20250904,000000,99.729,99.729,99.704,99.704,0,0
9YDEP.B,D,20250905,000000,99.798,100.17,99.798,100.17,0,0
9YDEP.B,D,20250908,000000,100.17,100.335,100.17,100.335,0,0
9YDEP.B,D,20250909,000000,100.151,100.187,100.151,100.187,0,0
9YDEP.B,D,20250910,000000,100.292,100.292,100.238,100.238,0,0
9YDEP.B,D,20250911,000000,100.205,100.228,100.205,100.228,0,0
9YDEP.B,D,20250912,000000,100.052,100.052,99.786,99.786,0,0
9YDEP.B,D,20250915,000000,99.786,99.881,99.786,99.881,0,0
9YDEP.B,D,20250916,000000,99.947,99.947,99.947,99.947,0,0
9YDEP.B,D,20250917,000000,99.945,99.997,99.945,99.997,0,0
9YDEP.B,D,20250918,000000,99.986,99.986,99.749,99.749,0,0
9YDEP.B,D,20250919,000000,99.509,99.509,99.509,99.509,0,0
9YDEP.B,D,20250922,000000,99.509,99.509,99.443,99.443,0,0
9YDEP.B,D,20250923,000000,99.537,99.537,99.47,99.47,0,0
9YDEP.B,D,20250924,000000,99.577,99.577,99.455,99.455,0,0
9YDEP.B,D,20250925,000000,99.533,99.533,99.368,99.368,0,0
9YDEP.B,D,20250926,000000,99.325,99.325,99.325,99.325,0,0
9YDEP.B,D,20250929,000000,99.325,99.709,99.325,99.709,0,0
9YDEP.B,D,20250930,000000,99.754,99.754,99.754,99.754,0,0
9YDEP.B,D,20251001,000000,99.576,99.576,99.576,99.576,0,0
9YDEP.B,D,20251002,000000,99.668,99.851,99.668,99.851,0,0
9YDEP.B,D,20251003,000000,99.838,99.838,99.838,99.838,0,0
9YDEP.B,D,20251006,000000,99.838,99.838,99.64,99.667,0,0
9YDEP.B,D,20251007,000000,99.585,99.636,99.585,99.636,0,0
9YDEP.B,D,20251008,000000,99.636,99.987,99.636,99.987,0,0
9YDEP.B,D,20251009,000000,99.937,99.937,99.79,99.79,0,0
9YDEP.B,D,20251010,000000,99.915,100.073,99.915,100.073,0,0
9YDEP.B,D,20251013,000000,100.073,100.383,100.073,100.383,0,0
9YDEP.B,D,20251014,000000,100.641,100.641,100.568,100.568,0,0
9YDEP.B,D,20251015,000000,100.743,100.855,100.743,100.855,0,0
9YDEP.B,D,20251016,000000,100.829,100.829,100.829,100.829,0,0
9YDEP.B,D,20251017,000000,101.057,101.057,100.778,100.778,0,0
9YDEP.B,D,20251020,000000,100.778,100.778,100.665,100.665,0,0
9YDEP.B,D,20251021,000000,100.888,100.989,100.888,100.989,0,0
9YDEP.B,D,20251022,000000,101.005,101.005,100.905,100.905,0,0
9YDEP.B,D,20251023,000000,100.799,100.823,100.799,100.823,0,0
9YDEP.B,D,20251024,000000,100.508,100.508,100.508,100.508,0,0
9YDEP.B,D,20251027,000000,100.508,100.508,100.349,100.349,0,0
9YDEP.B,D,20251028,000000,100.555,100.555,100.555,100.555,0,0
9YDEP.B,D,20251029,000000,100.433,100.433,100.433,100.433,0,0
9YDEP.B,D,20251030,000000,100.254,100.254,100.254,100.254,0,0
9YDEP.B,D,20251031,000000,100.254,100.254,100.2,100.205,0,0
9YDEP.B,D,20251103,000000,100.205,100.283,100.205,100.283,0,0
9YDEP.B,D,20251104,000000,100.208,100.278,100.208,100.278,0,0
9YDEP.B,D,20251105,000000,100.228,100.228,100.228,100.228,0,0
9YDEP.B,D,20251106,000000,100.117,100.117,100.117,100.117,0,0
9YDEP.B,D,20251107,000000,100.043,100.043,100.043,100.043,0,0
9YDEP.B,D,20251110,000000,100.043,100.112,99.981,100.112,0,0
9YDEP.B,D,20251111,000000,100.112,100.112,100.041,100.041,0,0
9YDEP.B,D,20251112,000000,100.053,100.053,100.053,100.053,0,0
9YDEP.B,D,20251113,000000,100.053,100.277,100.053,100.277,0,0
9YDEP.B,D,20251114,000000,99.757,99.757,99.757,99.757,0,0
9YDEP.B,D,20251117,000000,99.757,99.783,99.757,99.783,0,0
9YDEP.B,D,20251118,000000,99.783,99.888,99.783,99.888,0,0
9YDEP.B,D,20251119,000000,99.888,99.888,99.782,99.782,0,0
9YDEP.B,D,20251120,000000,99.782,99.782,99.645,99.645,0,0
9YDEP.B,D,20251121,000000,99.842,99.842,99.842,99.842,0,0
9YDEP.B,D,20251124,000000,99.842,99.915,99.842,99.846,0,0
9YDEP.B,D,20251125,000000,99.865,99.865,99.865,99.865,0,0
9YDEP.B,D,20251126,000000,99.865,99.995,99.865,99.995,0,0
9YDEP.B,D,20251127,000000,99.964,99.964,99.964,99.964,0,0
9YDEP.B,D,20251128,000000,99.964,99.964,99.929,99.929,0,0
9YDEP.B,D,20251201,000000,99.929,99.929,99.628,99.628,0,0
9YDEP.B,D,20251202,000000,99.628,99.628,99.378,99.378,0,0
9YDEP.B,D,20251203,000000,99.502,99.502,99.502,99.502,0,0
9YDEP.B,D,20251204,000000,99.351,99.351,99.351,99.351,0,0
9YDEP.B,D,20251205,000000,99.191,99.191,99.191,99.191,0,0
9YDEP.B,D,20251208,000000,99.191,99.191,98.827,98.827,0,0
9YDEP.B,D,20251209,000000,98.529,98.624,98.529,98.624,0,0
9YDEP.B,D,20251210,000000,98.351,98.479,98.351,98.479,0,0
9YDEP.B,D,20251211,000000,98.482,98.482,98.482,98.482,0,0
9YDEP.B,D,20251212,000000,98.533,98.533,98.533,98.533,0,0
9YDEP.B,D,20251215,000000,98.533,98.603,98.533,98.603,0,0
9YDEP.B,D,20251216,000000,98.653,98.653,98.601,98.601,0,0
9YDEP.B,D,20251217,000000,98.681,98.681,98.681,98.681,0,0
9YDEP.B,D,20251218,000000,98.665,98.665,98.665,98.665,0,0
9YDEP.B,D,20251219,000000,98.502,98.502,98.282,98.282,0,0
9YDEP.B,D,20251222,000000,98.282,98.288,98.19,98.19,0,0
9YDEP.B,D,20251223,000000,98.442,98.51,98.442,98.51,0,0
9YDEP.B,D,20251225,000000,98.51,98.51,98.51,98.51,0,0
9YDEP.B,D,20251226,000000,98.51,98.51,98.51,98.51,0,0
9YDEP.B,D,20251229,000000,98.51,98.735,98.51,98.735,0,0
9YDEP.B,D,20251230,000000,98.692,98.692,98.577,98.577,0,0
9YDEP.B,D,20260101,000000,98.577,98.577,98.577,98.577,0,0
9YDEP.B,D,20260102,000000,98.577,98.577,98.339,98.339,0,0
9YDEP.B,D,20260105,000000,98.339,98.393,98.295,98.393,0,0
9YDEP.B,D,20260106,000000,98.504,98.504,98.504,98.504,0,0
9YDEP.B,D,20260107,000000,98.947,98.947,98.947,98.947,0,0
9YDEP.B,D,20260108,000000,98.83,98.83,98.83,98.83,0,0
9YDEP.B,D,20260109,000000,97.721,97.721,97.721,97.721,0,0
9YDEP.B,D,20260112,000000,97.721,97.759,97.721,97.759,0,0
9YDEP.B,D,20260113,000000,97.837,97.837,97.837,97.837,0,0
9YDEP.B,D,20260114,000000,97.822,98.013,97.822,98.013,0,0
9YDEP.B,D,20260115,000000,97.959,97.959,97.959,97.959,0,0
9YDEP.B,D,20260116,000000,97.979,97.979,97.979,97.979,0,0
9YDEP.B,D,20260119,000000,97.979,97.979,97.926,97.926,0,0
9YDEP.B,D,20260120,000000,97.581,97.736,97.581,97.736,0,0
9YDEP.B,D,20260121,000000,97.931,97.931,97.931,97.931,0,0
9YDEP.B,D,20260122,000000,97.68,97.68,97.68,97.68,0,0
9YDEP.B,D,20260123,000000,97.517,97.517,97.474,97.474,0,0
9YDEP.B,D,20260126,000000,97.474,97.563,97.474,97.563,0,0
9YDEP.B,D,20260127,000000,97.633,97.633,97.633,97.633,0,0
9YDEP.B,D,20260128,000000,97.772,97.772,97.772,97.772,0,0
9YDEP.B,D,20260129,000000,97.773,97.773,97.773,97.773,0,0
9YDEP.B,D,20260130,000000,97.868,97.868,97.858,97.858,0,0
9YDEP.B,D,20260202,000000,97.858,97.868,97.858,97.868,0,0
9YDEP.B,D,20260203,000000,97.868,97.868,97.581,97.581,0,0
9YDEP.B,D,20260204,000000,97.667,97.667,97.667,97.667,0,0
9YDEP.B,D,20260205,000000,97.736,97.736,97.736,97.736,0,0
9YDEP.B,D,20260206,000000,98.054,98.054,98.054,98.054,0,0
9YDEP.B,D,20260209,000000,98.054,98.054,97.781,97.781,0,0
9YDEP.B,D,20260210,000000,98.012,98.012,98.012,98.012,0,0
