<TICKER>,<PER>,<DATE>,<TIME>,<OPEN>,<HIGH>,<LOW>,<CLOSE>,<VOL>,<OPENINT>
MX.V,D,20220514,000000,1.63462,1.66749,1.44459,1.58961,25009.4,0
MX.V,D,20220515,000000,1.56351,1.63561,1.50783,1.58959,31440.8,0
MX.V,D,20220516,000000,1.5832,1.62265,1.52197,1.56476,53269.5,0
MX.V,D,20220517,000000,1.58534,1.59552,1.55238,1.56772,9867.9,0
MX.V,D,20220518,000000,1.57076,1.57101,1.45076,1.46275,15945.3,0
MX.V,D,20220519,000000,1.47258,1.54491,1.44811,1.51199,29578.7,0
MX.V,D,20220520,000000,1.50789,1.57333,1.46574,1.51348,34208.3,0
MX.V,D,20220521,000000,1.50554,1.54773,1.50065,1.53201,11779.8,0
MX.V,D,20220522,000000,1.54039,1.59762,1.5356,1.57401,37068.4,0
MX.V,D,20220523,000000,1.57101,1.71249,1.52327,1.54914,64395.8,0
MX.V,D,20220524,000000,1.55328,1.56322,1.49196,1.50904,14650,0
MX.V,D,20220525,000000,1.51967,1.55433,1.49845,1.52407,26293.1,0
MX.V,D,20220526,000000,1.52432,1.55059,1.4502,1.51568,32193.6,0
MX.V,D,20220527,000000,1.51818,1.52118,1.44731,1.45919,56242.5,0
MX.V,D,20220528,000000,1.46272,1.54655,1.46272,1.52573,17610.9,0
MX.V,D,20220529,000000,1.53497,1.56357,1.51289,1.55617,19781.7,0
MX.V,D,20220530,000000,1.55628,1.64735,1.55337,1.64735,25140.4,0
MX.V,D,20220531,000000,1.64425,1.69271,1.62486,1.63549,22091.2,0
MX.V,D,20220601,000000,1.63616,1.63832,1.47897,1.50594,84227,0
MX.V,D,20220602,000000,1.51164,1.54271,1.49375,1.52013,20572,0
MX.V,D,20220603,000000,1.52083,1.52974,1.49108,1.50859,8819.82,0
MX.V,D,20220604,000000,1.50999,1.58602,1.50999,1.54984,13113.5,0
MX.V,D,20220605,000000,1.55175,1.57844,1.54592,1.56145,9414.73,0
MX.V,D,20220606,000000,1.55565,1.61111,1.54856,1.60673,21080.1,0
MX.V,D,20220607,000000,1.60444,1.61529,1.51127,1.60774,14793.1,0
MX.V,D,20220608,000000,1.60861,1.61388,1.55181,1.58608,71612,0
MX.V,D,20220609,000000,1.58788,1.61921,1.55965,1.61253,122594,0
MX.V,D,20220610,000000,1.60923,1.61524,1.54651,1.58192,12812.6,0
MX.V,D,20220611,000000,1.58279,1.59872,1.48557,1.53154,10571.7,0
MX.V,D,20220612,000000,1.53535,1.53747,1.42288,1.44592,14957.6,0
MX.V,D,20220613,000000,1.4527,1.46561,1.30726,1.32918,90428.4,0
MX.V,D,20220614,000000,1.32875,1.33593,1.12594,1.23316,211172,0
MX.V,D,20220615,000000,1.23842,1.34705,1.18377,1.32847,691162,0
MX.V,D,20220616,000000,1.33393,1.38028,1.22295,1.22319,335028,0
MX.V,D,20220617,000000,1.19965,1.26882,1.19965,1.2466,143972,0
MX.V,D,20220618,000000,1.2464,1.25173,1.19758,1.22889,279373,0
MX.V,D,20220619,000000,1.2331,1.31379,1.1964,1.31079,18101.2,0
MX.V,D,20220620,000000,1.31192,1.34565,1.24348,1.33263,18872.9,0
MX.V,D,20220621,000000,1.32451,1.4024,1.32451,1.38411,9644.26,0
MX.V,D,20220622,000000,1.38771,1.38861,1.30959,1.31129,9083.73,0
MX.V,D,20220623,000000,1.32358,1.38811,1.3008,1.33586,36375.1,0
MX.V,D,20220624,000000,1.33177,1.36525,1.31608,1.35924,39816.4,0
MX.V,D,20220625,000000,1.36593,1.40219,1.33928,1.39813,25514.5,0
MX.V,D,20220626,000000,1.39975,1.39975,1.3468,1.36345,23999.9,0
MX.V,D,20220627,000000,1.35663,1.37944,1.33809,1.36056,12226.9,0
MX.V,D,20220628,000000,1.36278,1.38354,1.31212,1.34831,10506.7,0
MX.V,D,20220629,000000,1.3226,1.35136,1.29689,1.32254,11694.3,0
MX.V,D,20220630,000000,1.32869,1.32869,1.2407,1.27267,15818.1,0
MX.V,D,20220701,000000,1.25529,1.34272,1.2487,1.29045,23026.2,0
MX.V,D,20220702,000000,1.29597,1.30953,1.28239,1.30104,5086.98,0
MX.V,D,20220703,000000,1.30433,1.3064,1.28925,1.3064,1316.3,0
MX.V,D,20220704,000000,1.30131,1.34488,1.29648,1.34269,7921.84,0
MX.V,D,20220705,000000,1.33739,1.37009,1.29857,1.35341,8211.81,0
MX.V,D,20220706,000000,1.34782,1.34782,1.30856,1.33273,7334.4,0
MX.V,D,20220707,000000,1.33982,1.35189,1.30496,1.35129,12800.3,0
MX.V,D,20220708,000000,1.35039,1.36978,1.32207,1.3405,29597.4,0
MX.V,D,20220709,000000,1.34859,1.35535,1.3262,1.34929,3690.48,0
MX.V,D,20220710,000000,1.35289,1.35409,1.3392,1.34709,7352.67,0
MX.V,D,20220711,000000,1.34669,1.35275,1.33746,1.34499,4565.59,0
MX.V,D,20220712,000000,1.33889,1.35934,1.32108,1.32917,11632.3,0
MX.V,D,20220713,000000,1.33114,1.36027,1.28518,1.35814,57786.4,0
MX.V,D,20220714,000000,1.36277,1.51629,1.35222,1.45892,41699.1,0
MX.V,D,20220715,000000,1.45852,1.51779,1.43644,1.48421,29705.8,0
MX.V,D,20220716,000000,1.48201,1.58073,1.45066,1.4996,43890.9,0
MX.V,D,20220717,000000,1.50231,1.5175,1.45987,1.48866,23731.2,0
MX.V,D,20220718,000000,1.4844,1.53899,1.47128,1.48776,24588.1,0
MX.V,D,20220719,000000,1.48814,1.54276,1.43859,1.44012,16131.1,0
MX.V,D,20220720,000000,1.4398,1.47324,1.38198,1.39527,56758,0
MX.V,D,20220721,000000,1.39305,1.45671,1.38184,1.41654,20264.1,0
MX.V,D,20220722,000000,1.41455,1.46721,1.39029,1.40851,18452.1,0
MX.V,D,20220723,000000,1.4041,1.42398,1.38228,1.40278,15179.1,0
MX.V,D,20220724,000000,1.40788,1.41851,1.39661,1.40887,10757,0
MX.V,D,20220725,000000,1.40827,1.41537,1.36727,1.39173,20189.1,0
MX.V,D,20220726,000000,1.39143,1.39143,1.3014,1.3046,32366.2,0
MX.V,D,20220727,000000,1.3052,1.35937,1.28566,1.33802,17498.6,0
MX.V,D,20220728,000000,1.34091,1.45909,1.27121,1.42607,61815.9,0
MX.V,D,20220729,000000,1.42677,1.44019,1.39054,1.40949,24629,0
MX.V,D,20220730,000000,1.41517,1.4368,1.39978,1.40116,16337.2,0
MX.V,D,20220731,000000,1.39893,1.41181,1.368,1.37143,26325.6,0
MX.V,D,20220801,000000,1.36966,1.37178,1.29848,1.30079,14396,0
MX.V,D,20220802,000000,1.30467,1.33182,1.23841,1.27349,23601.4,0
MX.V,D,20220803,000000,1.27604,1.29047,1.17018,1.22379,82411.5,0
MX.V,D,20220804,000000,1.21976,1.25349,1.20584,1.20784,17509.5,0
MX.V,D,20220805,000000,1.20965,1.22735,1.20771,1.21833,16766.2,0
MX.V,D,20220806,000000,1.21653,1.24494,1.20899,1.21107,11500.6,0
MX.V,D,20220807,000000,1.21408,1.26244,1.20964,1.25873,12500.6,0
MX.V,D,20220808,000000,1.25704,1.28997,1.23136,1.23232,16251.7,0
MX.V,D,20220809,000000,1.23344,1.26183,1.21184,1.22556,18713.1,0
MX.V,D,20220810,000000,1.22556,1.27278,1.20814,1.25788,31202.5,0
MX.V,D,20220811,000000,1.25636,1.30026,1.24997,1.26966,13360.3,0
MX.V,D,20220812,000000,1.27284,1.29165,1.24642,1.25138,34040.4,0
MX.V,D,20220813,000000,1.25378,1.31953,1.24929,1.30582,38000.9,0
MX.V,D,20220814,000000,1.3058,1.32642,1.30029,1.31732,17640.4,0
MX.V,D,20220815,000000,1.31941,1.34791,1.28231,1.29117,21080.5,0
MX.V,D,20220816,000000,1.29391,1.2959,1.27098,1.27942,13172.2,0
MX.V,D,20220817,000000,1.2792,1.29647,1.2541,1.2713,17829.1,0
MX.V,D,20220818,000000,1.2683,1.27551,1.20228,1.22985,30997.7,0
MX.V,D,20220819,000000,1.23062,1.2409,1.1626,1.16902,25775.4,0
MX.V,D,20220820,000000,1.17135,1.17852,1.10327,1.11509,39384.8,0
MX.V,D,20220821,000000,1.12497,1.17614,1.09376,1.15508,20650.8,0
MX.V,D,20220822,000000,1.15037,1.16181,1.06719,1.08662,34179.4,0
MX.V,D,20220823,000000,1.08644,1.11204,1.07048,1.09131,17546.5,0
MX.V,D,20220824,000000,1.09599,1.10536,1.07602,1.0968,19961.5,0
MX.V,D,20220825,000000,1.09849,1.1022,1.08328,1.09324,20181.2,0
MX.V,D,20220826,000000,1.09311,1.11053,1.01883,1.0305,21024.5,0
MX.V,D,20220827,000000,1.03039,1.03289,0.95566,0.98943,24599.6,0
MX.V,D,20220828,000000,0.99121,1.01701,0.98012,0.99649,27078.8,0
MX.V,D,20220829,000000,0.99102,1.02108,0.97483,1.01637,27119.1,0
MX.V,D,20220830,000000,1.0176,1.04478,0.99043,1.01309,26646.6,0
MX.V,D,20220831,000000,1.01298,1.04855,0.99196,1.0075,34046.8,0
MX.V,D,20220901,000000,1.00368,1.0207,0.98679,1.00414,13424,0
MX.V,D,20220902,000000,1.00535,1.01317,0.99001,0.996169,14382.3,0
MX.V,D,20220903,000000,0.99786,1.00338,0.981,0.9837,15083.7,0
MX.V,D,20220904,000000,0.981998,0.9899,0.9703,0.9703,9349.49,0
MX.V,D,20220905,000000,0.9703,0.972,0.9487,0.950395,24733.3,0
MX.V,D,20220906,000000,0.950395,0.980098,0.9326,0.9505,12372.3,0
MX.V,D,20220907,000000,0.948066,0.956471,0.903555,0.948447,23199.1,0
MX.V,D,20220908,000000,0.951567,0.953095,0.90469,0.916337,21271.5,0
MX.V,D,20220909,000000,0.915256,1.04687,0.910637,1.02704,24098,0
MX.V,D,20220910,000000,1.02779,1.03243,0.980563,0.994099,15917.5,0
MX.V,D,20220911,000000,0.996259,1.01611,0.957739,0.964941,23562.8,0
MX.V,D,20220912,000000,0.966242,1.00026,0.96225,0.994799,15543.7,0
MX.V,D,20220913,000000,0.995299,0.99684,0.9133,0.925219,24794.4,0
MX.V,D,20220914,000000,0.926919,0.927128,0.904754,0.915729,14154.2,0
MX.V,D,20220915,000000,0.917775,0.947861,0.858928,0.87983,26306.8,0
MX.V,D,20220916,000000,0.873848,0.903,0.857046,0.8929,14768.1,0
MX.V,D,20220917,000000,0.8895,0.9123,0.8798,0.89819,12098.4,0
MX.V,D,20220918,000000,0.901,0.9071,0.880712,0.8889,13702.9,0
MX.V,D,20220919,000000,0.888811,0.930586,0.877412,0.915792,17616.7,0
MX.V,D,20220920,000000,0.913983,0.920392,0.892189,0.90329,16888.6,0
MX.V,D,20220921,000000,0.8964,0.945094,0.8841,0.8903,69271.3,0
MX.V,D,20220922,000000,0.8898,0.9475,0.8889,0.922408,20952.7,0
MX.V,D,20220923,000000,0.923,1.0006,0.9223,0.9997,33353.5,0
MX.V,D,20220924,000000,1.00333,1.0064,0.972688,0.972688,14921.9,0
MX.V,D,20220925,000000,0.9719,0.972797,0.935309,0.944262,14671.8,0
MX.V,D,20220926,000000,0.941609,1.0161,0.932819,0.966603,23218,0
MX.V,D,20220927,000000,0.9676,1.0004,0.9386,0.9528,24102.3,0
MX.V,D,20220928,000000,0.956,0.963204,0.923108,0.9542,16965.2,0
MX.V,D,20220929,000000,0.9522,0.956004,0.9171,0.933593,17456.3,0
MX.V,D,20220930,000000,0.933693,0.963396,0.9279,0.9299,17483.2,0
MX.V,D,20221001,000000,0.9288,0.9419,0.9247,0.935,23205,0
MX.V,D,20221002,000000,0.9345,0.939894,0.9242,0.9284,32309.1,0
MX.V,D,20221003,000000,0.9274,0.929893,0.9106,0.917383,19665.2,0
MX.V,D,20221004,000000,0.918792,0.939882,0.918284,0.926478,23288.2,0
MX.V,D,20221005,000000,0.925978,0.93198,0.907691,0.914983,24583.2,0
MX.V,D,20221006,000000,0.914874,0.93194,0.910928,0.910928,17865.5,0
MX.V,D,20221007,000000,0.910464,0.920466,0.901409,0.908236,15898.3,0
MX.V,D,20221008,000000,0.908009,0.912609,0.899825,0.899825,12271.8,0
MX.V,D,20221009,000000,0.900734,0.908091,0.887889,0.89749,20789.3,0
MX.V,D,20221010,000000,0.89609,0.907691,0.89599,0.90151,14839.4,0
MX.V,D,20221011,000000,0.9016,0.90331,0.868422,0.870922,18877.3,0
MX.V,D,20221012,000000,0.873895,0.918154,0.870139,0.880526,24262.2,0
MX.V,D,20221013,000000,0.881735,0.910073,0.85714,0.905191,38614.5,0
MX.V,D,20221014,000000,0.904781,0.921164,0.87857,0.897918,36043.8,0
MX.V,D,20221015,000000,0.897909,0.902454,0.895481,0.896645,13114.6,0
MX.V,D,20221016,000000,0.896245,0.910627,0.893936,0.900645,18894.3,0
MX.V,D,20221017,000000,0.903145,0.909718,0.895872,0.902927,13112.5,0
MX.V,D,20221018,000000,0.902918,0.910591,0.893627,0.899236,8083.08,0
MX.V,D,20221019,000000,0.902936,0.911755,0.892118,0.899236,10597.2,0
MX.V,D,20221020,000000,0.900609,0.903446,0.895827,0.897619,7454.57,0
MX.V,D,20221021,000000,0.896319,0.910409,0.877547,0.901063,9505.68,0
MX.V,D,20221022,000000,0.897463,0.901063,0.883844,0.888871,11611,0
MX.V,D,20221023,000000,0.886771,0.897326,0.882262,0.897326,10975.4,0
MX.V,D,20221024,000000,0.898308,0.908864,0.873187,0.887927,17578.5,0
MX.V,D,20221025,000000,0.889362,0.937487,0.8807,0.909718,45193.3,0
MX.V,D,20221026,000000,0.908409,0.922823,0.89145,0.900443,30825.8,0
MX.V,D,20221027,000000,0.905435,0.933103,0.900516,0.913546,18625.4,0
MX.V,D,20221028,000000,0.916655,0.95159,0.903581,0.943808,33960.2,0
MX.V,D,20221029,000000,0.942479,0.997729,0.941907,0.995039,19488.5,0
MX.V,D,20221030,000000,0.995159,1.03041,0.986476,1.0137,32986.7,0
MX.V,D,20221031,000000,1.0137,1.08038,1.0024,1.05411,26122,0
MX.V,D,20221101,000000,1.05343,1.0845,1.02066,1.02179,10747,0
MX.V,D,20221102,000000,1.02478,1.03763,0.96599,0.97735,26063.8,0
MX.V,D,20221103,000000,0.97274,1.033,0.97274,1.01169,15781.8,0
MX.V,D,20221104,000000,1.01129,1.08849,1.0112,1.05706,22338.8,0
MX.V,D,20221105,000000,1.05808,1.09667,1.05418,1.07246,38467.4,0
MX.V,D,20221106,000000,1.07245,1.07531,1.01667,1.01667,22139.6,0
MX.V,D,20221107,000000,1.01608,1.02689,0.97268,1.00512,18607.7,0
MX.V,D,20221108,000000,1.0031,1.0134,0.8746,0.901195,43494.6,0
MX.V,D,20221109,000000,0.905207,0.954652,0.848274,0.884276,96171.3,0
MX.V,D,20221110,000000,0.882448,1.02478,0.869864,0.95067,109732,0
MX.V,D,20221111,000000,0.953276,1.06939,0.8501,0.8847,35876.6,0
MX.V,D,20221112,000000,0.881888,0.897012,0.843579,0.866737,29952.9,0
MX.V,D,20221113,000000,0.862744,0.874311,0.847137,0.865161,37771.8,0
MX.V,D,20221114,000000,0.864288,0.939976,0.843917,0.889763,25206,0
MX.V,D,20221115,000000,0.894856,0.928591,0.876622,0.893006,29035.2,0
MX.V,D,20221116,000000,0.892706,0.911261,0.869013,0.882305,23576.8,0
MX.V,D,20221117,000000,0.890189,0.900315,0.850778,0.85803,19944.9,0
MX.V,D,20221118,000000,0.861962,0.883857,0.852336,0.857313,15763.3,0
MX.V,D,20221119,000000,0.857513,0.863058,0.850047,0.857499,14224.1,0
MX.V,D,20221120,000000,0.856608,0.860962,0.830402,0.836535,25716.8,0
MX.V,D,20221121,000000,0.835528,0.867975,0.832067,0.862056,18214.4,0
MX.V,D,20221122,000000,0.860358,0.863437,0.832566,0.850918,18340.5,0
MX.V,D,20221123,000000,0.85081,0.879435,0.837194,0.854168,24835.8,0
MX.V,D,20221124,000000,0.857182,0.876137,0.845614,0.853482,20596,0
MX.V,D,20221125,000000,0.853465,0.854316,0.834066,0.840812,13399.3,0
MX.V,D,20221126,000000,0.844601,0.858688,0.836548,0.843368,29158.1,0
MX.V,D,20221127,000000,0.845709,0.857568,0.839362,0.853371,34079.3,0
MX.V,D,20221128,000000,0.84491,0.84491,0.804357,0.821096,24342.4,0
MX.V,D,20221129,000000,0.82008,0.837456,0.812083,0.826078,15905.7,0
MX.V,D,20221130,000000,0.826278,0.861798,0.822537,0.858643,21294.7,0
MX.V,D,20221201,000000,0.856477,0.858809,0.841442,0.850451,12103.9,0
MX.V,D,20221202,000000,0.852151,0.858777,0.8358,0.854451,13733.4,0
MX.V,D,20221203,000000,0.853551,0.858494,0.832283,0.835784,21825.3,0
MX.V,D,20221204,000000,0.837167,0.8531,0.836567,0.847269,23648.3,0
MX.V,D,20221205,000000,0.847669,0.855294,0.835083,0.842925,23303.1,0
MX.V,D,20221206,000000,0.842517,0.849117,0.832558,0.832892,16684.3,0
MX.V,D,20221207,000000,0.8332,0.840883,0.811741,0.8202,19690.5,0
MX.V,D,20221208,000000,0.8202,0.850027,0.819816,0.829466,16453.1,0
MX.V,D,20221209,000000,0.824158,0.842308,0.819241,0.819441,20005,0
MX.V,D,20221210,000000,0.820533,0.828608,0.820533,0.824884,14567.1,0
MX.V,D,20221211,000000,0.824592,0.830225,0.819282,0.821182,16834.7,0
MX.V,D,20221212,000000,0.819682,0.828291,0.814665,0.826266,12147.2,0
MX.V,D,20221213,000000,0.825374,0.844841,0.819021,0.827918,10510,0
MX.V,D,20221214,000000,0.829134,0.842575,0.822992,0.831058,12939.7,0
MX.V,D,20221215,000000,0.8334,0.843869,0.793679,0.794679,14313.8,0
MX.V,D,20221216,000000,0.79748,0.804661,0.771877,0.79698,9173.62,0
MX.V,D,20221217,000000,0.80236,0.806405,0.7673,0.806405,14336,0
MX.V,D,20221218,000000,0.807397,0.812906,0.799032,0.805197,8240.2,0
MX.V,D,20221219,000000,0.807105,0.812492,0.795095,0.803508,9511.3,0
MX.V,D,20221220,000000,0.800892,0.823216,0.799976,0.812833,11478.8,0
MX.V,D,20221221,000000,0.813233,0.817233,0.803156,0.810241,11788.1,0
MX.V,D,20221222,000000,0.80994,0.830167,0.799804,0.817061,11977.9,0
MX.V,D,20221223,000000,0.818677,0.823876,0.806855,0.814219,12855.3,0
MX.V,D,20221224,000000,0.813927,0.818834,0.805411,0.813251,8924.12,0
MX.V,D,20221225,000000,0.813151,0.815059,0.800228,0.810478,8337.71,0
MX.V,D,20221226,000000,0.811703,0.81811,0.803531,0.808238,8470.83,0
MX.V,D,20221227,000000,0.808254,0.815945,0.804247,0.809692,8890.79,0
MX.V,D,20221228,000000,0.811084,0.818754,0.802766,0.806264,13491.3,0
MX.V,D,20221229,000000,0.808379,0.821497,0.806505,0.818032,8850.89,0
MX.V,D,20221230,000000,0.816324,0.818491,0.807888,0.813685,8083.71,0
MX.V,D,20221231,000000,0.814501,0.820689,0.809387,0.812485,7346.26,0
MX.V,D,20230101,000000,0.812593,0.828277,0.810578,0.820023,9882.35,0
MX.V,D,20230102,000000,0.819931,0.865054,0.815557,0.857234,11250.7,0
MX.V,D,20230103,000000,0.859725,0.862655,0.845638,0.854767,10532.8,0
MX.V,D,20230104,000000,0.854667,0.879648,0.854667,0.86295,10819.3,0
MX.V,D,20230105,000000,0.867114,0.87941,0.85445,0.857191,8666.82,0
MX.V,D,20230106,000000,0.857243,0.86139,0.848016,0.859342,9514.73,0
MX.V,D,20230107,000000,0.861024,0.86784,0.839865,0.849996,9218.88,0
MX.V,D,20230108,000000,0.849996,0.859719,0.845048,0.853772,10146.5,0
MX.V,D,20230109,000000,0.854046,0.889175,0.854046,0.8839,21617.3,0
MX.V,D,20230110,000000,0.8836,0.88672,0.866305,0.881306,10654,0
MX.V,D,20230111,000000,0.881432,0.912918,0.867983,0.903491,14996.2,0
MX.V,D,20230112,000000,0.902355,0.946914,0.90021,0.939385,12794.9,0
MX.V,D,20230113,000000,0.934993,0.948295,0.887844,0.912282,13188.9,0
MX.V,D,20230114,000000,0.914482,0.936753,0.899198,0.933137,20358.1,0
MX.V,D,20230115,000000,0.929828,0.937559,0.915637,0.922267,10966.7,0
MX.V,D,20230116,000000,0.926878,0.935124,0.901652,0.930637,16603.1,0
MX.V,D,20230117,000000,0.928628,0.934172,0.9094,0.929512,10950.7,0
MX.V,D,20230118,000000,0.921892,0.931274,0.890373,0.893255,13421.7,0
MX.V,D,20230119,000000,0.895982,0.915073,0.890111,0.911273,15066.9,0
MX.V,D,20230120,000000,0.912164,0.945289,0.898082,0.936778,26840.2,0
MX.V,D,20230121,000000,0.939788,0.945574,0.915811,0.919884,24440.3,0
MX.V,D,20230122,000000,0.924385,0.932577,0.905336,0.921975,21190,0
MX.V,D,20230123,000000,0.929377,0.93203,0.906382,0.930358,21775.7,0
MX.V,D,20230124,000000,0.929449,0.933921,0.912946,0.920728,18480.1,0
MX.V,D,20230125,000000,0.923983,0.946651,0.909209,0.928858,27393.1,0
MX.V,D,20230126,000000,0.928767,0.94357,0.921392,0.934084,20169.3,0
MX.V,D,20230127,000000,0.930584,0.933324,0.915373,0.926954,21081.3,0
MX.V,D,20230128,000000,0.928916,0.935605,0.922612,0.924803,19525.6,0
MX.V,D,20230129,000000,0.924603,0.945132,0.924103,0.939866,14990.7,0
MX.V,D,20230130,000000,0.940619,0.943628,0.913537,0.921755,20462.2,0
MX.V,D,20230131,000000,0.918583,0.941762,0.913654,0.922192,21292.6,0
MX.V,D,20230201,000000,0.922755,0.953805,0.917028,0.944628,25131.2,0
MX.V,D,20230202,000000,0.943247,0.954576,0.93153,0.94528,20327.5,0
MX.V,D,20230203,000000,0.943498,0.943498,0.9151,0.922774,22439.4,0
MX.V,D,20230204,000000,0.923883,0.933056,0.914164,0.926893,19385.7,0
MX.V,D,20230205,000000,0.927774,0.960682,0.918383,0.943136,27793.8,0
MX.V,D,20230206,000000,0.951947,0.957457,0.933868,0.943028,17175.3,0
MX.V,D,20230207,000000,0.939985,0.9834,0.937566,0.977268,22780.9,0
MX.V,D,20230208,000000,0.979839,0.99411,0.953538,0.971858,26541.8,0
MX.V,D,20230209,000000,0.967458,0.967497,0.892087,0.911746,12412,0
MX.V,D,20230210,000000,0.911509,0.918829,0.87551,0.900344,25934.8,0
MX.V,D,20230211,000000,0.904336,0.922392,0.899272,0.922392,9015.16,0
MX.V,D,20230212,000000,0.923683,0.95581,0.911318,0.932665,21147.1,0
MX.V,D,20230213,000000,0.931893,0.941093,0.904252,0.923799,32661,0
MX.V,D,20230214,000000,0.923371,0.947579,0.908554,0.927234,36707.8,0
MX.V,D,20230215,000000,0.930907,1.10816,0.913283,1.09299,65891.2,0
MX.V,D,20230216,000000,1.08828,1.44545,1.08397,1.28123,129902,0
MX.V,D,20230217,000000,1.27033,1.42288,1.26795,1.39292,44389.6,0
MX.V,D,20230218,000000,1.39909,1.40112,1.36579,1.37091,24861.4,0
MX.V,D,20230219,000000,1.37191,1.38429,1.28304,1.29589,35305.2,0
MX.V,D,20230220,000000,1.29389,1.35667,1.27376,1.3259,55925.1,0
MX.V,D,20230221,000000,1.32498,1.33358,1.22011,1.23101,57959.9,0
MX.V,D,20230222,000000,1.22735,1.33075,1.19849,1.2775,89147.9,0
MX.V,D,20230223,000000,1.2872,1.33009,1.22593,1.22824,42104.4,0
MX.V,D,20230224,000000,1.23008,1.30605,1.23008,1.25329,70860.2,0
MX.V,D,20230225,000000,1.251,1.26001,1.22232,1.24719,29287.4,0
MX.V,D,20230226,000000,1.24749,1.32632,1.2416,1.31063,36247.6,0
MX.V,D,20230227,000000,1.31683,1.38523,1.31255,1.36517,21486.8,0
MX.V,D,20230228,000000,1.36388,1.43227,1.31555,1.40321,17383.1,0
MX.V,D,20230301,000000,1.40277,1.59291,1.39921,1.56443,24597.1,0
MX.V,D,20230302,000000,1.56962,1.71927,1.54133,1.70979,67193.9,0
MX.V,D,20230303,000000,1.70429,1.75772,1.60813,1.61951,44853.5,0
MX.V,D,20230304,000000,1.62405,1.74349,1.62275,1.71442,30078.4,0
MX.V,D,20230305,000000,1.71695,1.88857,1.71665,1.81912,31497.8,0
MX.V,D,20230306,000000,1.8023,1.85962,1.77809,1.79313,29592.9,0
MX.V,D,20230307,000000,1.78624,1.84148,1.7543,1.7543,48782.4,0
MX.V,D,20230308,000000,1.7563,1.81865,1.68553,1.6969,76521.5,0
MX.V,D,20230309,000000,1.69426,1.73006,1.52867,1.53622,74901.8,0
MX.V,D,20230310,000000,1.52083,1.59316,1.44019,1.57269,43295.5,0
MX.V,D,20230311,000000,1.5756,1.664,1.49826,1.59246,61295.7,0
MX.V,D,20230312,000000,1.59539,1.73177,1.59357,1.71983,38672.8,0
MX.V,D,20230313,000000,1.71406,1.8726,1.71406,1.84923,68325.8,0
MX.V,D,20230314,000000,1.84996,1.9462,1.81472,1.85038,66633.8,0
MX.V,D,20230315,000000,1.85928,1.90095,1.79382,1.85177,38730.4,0
MX.V,D,20230316,000000,1.85386,1.90176,1.83518,1.88417,21156.3,0
MX.V,D,20230317,000000,1.88617,2.01332,1.88087,2.00177,40779.2,0
MX.V,D,20230318,000000,1.99747,2.10649,1.98886,2.00004,31938.1,0
MX.V,D,20230319,000000,1.99928,2.10743,1.97595,2.06539,30106,0
MX.V,D,20230320,000000,2.0663,2.10128,1.99536,2.0291,27577.1,0
MX.V,D,20230321,000000,2.02715,2.03799,1.96988,1.98872,30254.2,0
MX.V,D,20230322,000000,1.98812,2.02634,1.90669,1.94668,36544.5,0
MX.V,D,20230323,000000,1.9416,2.04391,1.9338,2.00366,25276.5,0
MX.V,D,20230324,000000,2.01292,2.01869,1.86389,1.87677,28099.1,0
MX.V,D,20230325,000000,1.88299,1.95643,1.88182,1.93894,14165,0
MX.V,D,20230326,000000,1.93603,1.99339,1.89885,1.90285,26906.9,0
MX.V,D,20230327,000000,1.9083,1.94883,1.80791,1.84357,23647.7,0
MX.V,D,20230328,000000,1.84388,1.89834,1.82338,1.89834,13083.8,0
MX.V,D,20230329,000000,1.89342,1.96071,1.88942,1.93339,7508.62,0
MX.V,D,20230330,000000,1.92867,1.96274,1.91649,1.94159,13049.4,0
MX.V,D,20230331,000000,1.94232,1.97969,1.91976,1.96669,15308.1,0
MX.V,D,20230401,000000,1.96589,1.97773,1.93798,1.9507,4705.59,0
MX.V,D,20230402,000000,1.95522,1.96346,1.90001,1.90948,15156.5,0
MX.V,D,20230403,000000,1.90338,1.96197,1.8888,1.91733,14423.2,0
MX.V,D,20230404,000000,1.91687,1.97557,1.91687,1.95885,11397,0
MX.V,D,20230405,000000,1.96024,2.00792,1.93822,1.97751,11722,0
MX.V,D,20230406,000000,1.976,1.97989,1.94066,1.96069,7144.67,0
MX.V,D,20230407,000000,1.95724,1.96864,1.94791,1.95847,4446.08,0
MX.V,D,20230408,000000,1.95847,1.98013,1.95703,1.97059,2673.55,0
MX.V,D,20230409,000000,1.96907,1.99804,1.96102,1.9927,14255.1,0
MX.V,D,20230410,000000,1.99704,2.02312,1.98113,2.01445,10866.5,0
MX.V,D,20230411,000000,2.02668,2.11819,2.01834,2.07623,13705,0
MX.V,D,20230412,000000,2.08051,2.17289,2.03996,2.17289,15524.8,0
MX.V,D,20230413,000000,2.16847,2.28631,2.16847,2.2137,27339.5,0
MX.V,D,20230414,000000,2.21951,2.33429,2.19064,2.27068,32496.1,0
MX.V,D,20230415,000000,2.25873,2.26518,2.20171,2.20588,18659.5,0
MX.V,D,20230416,000000,2.20376,2.26493,2.19511,2.24167,6685.14,0
MX.V,D,20230417,000000,2.2462,2.26366,2.19049,2.21383,8918.28,0
MX.V,D,20230418,000000,2.20939,2.26949,2.20071,2.26934,239381,0
MX.V,D,20230419,000000,2.26364,2.27263,2.11596,2.23554,762613,0
MX.V,D,20230420,000000,2.23857,2.32993,2.12282,2.26913,21836.7,0
MX.V,D,20230421,000000,2.26996,2.38691,2.19184,2.2022,24465.7,0
MX.V,D,20230422,000000,2.20658,2.28967,2.19123,2.26898,11231.5,0
MX.V,D,20230423,000000,2.27483,2.30369,2.24129,2.2482,9497.98,0
MX.V,D,20230424,000000,2.25388,2.29888,2.20624,2.22904,8371.29,0
MX.V,D,20230425,000000,2.24119,2.2952,2.18283,2.2952,14182.5,0
MX.V,D,20230426,000000,2.30715,2.38078,2.21733,2.30411,11558.3,0
MX.V,D,20230427,000000,2.30354,2.38123,2.28398,2.35319,10595.8,0
MX.V,D,20230428,000000,2.35685,2.36378,2.31705,2.32273,4703.63,0
MX.V,D,20230429,000000,2.33336,2.42998,2.32871,2.40569,11916.5,0
MX.V,D,20230430,000000,2.40629,2.42169,2.35199,2.37365,6680.62,0
MX.V,D,20230501,000000,2.3732,2.3732,2.28045,2.30953,13624.4,0
MX.V,D,20230502,000000,2.3096,2.36841,2.30442,2.35744,12661.3,0
MX.V,D,20230503,000000,2.36154,2.49407,2.34839,2.48867,19270,0
MX.V,D,20230504,000000,2.49462,2.59793,2.49005,2.54374,19378.4,0
MX.V,D,20230505,000000,2.54934,2.78128,2.51861,2.7445,40407,0
MX.V,D,20230506,000000,2.75483,2.87044,2.65954,2.72373,42146.4,0
MX.V,D,20230507,000000,2.72366,3.21923,2.71474,3.07072,53628,0
MX.V,D,20230508,000000,3.06691,3.14917,2.88833,2.9594,51210.7,0
MX.V,D,20230509,000000,2.95709,2.99532,2.74459,2.81571,43007.7,0
MX.V,D,20230510,000000,2.81247,2.92252,2.75513,2.82254,27819.1,0
MX.V,D,20230511,000000,2.83213,2.84915,2.54289,2.62576,26159.2,0
MX.V,D,20230512,000000,2.61401,2.6563,2.43027,2.64612,33958.6,0
MX.V,D,20230513,000000,2.64045,2.75545,2.64045,2.72583,34522.5,0
MX.V,D,20230514,000000,2.73234,2.8028,2.71003,2.77126,21319.3,0
MX.V,D,20230515,000000,2.77359,2.92686,2.73824,2.864,17747.3,0
MX.V,D,20230516,000000,2.85863,2.90183,2.83299,2.86713,27325.1,0
MX.V,D,20230517,000000,2.87274,2.91556,2.79332,2.85714,16820.1,0
MX.V,D,20230518,000000,2.86183,2.93597,2.82595,2.90797,18608.6,0
MX.V,D,20230519,000000,2.90657,2.95548,2.86703,2.92888,27371.5,0
MX.V,D,20230520,000000,2.92745,3.0007,2.92745,2.95956,21628.8,0
MX.V,D,20230521,000000,2.95856,2.97888,2.88794,2.90144,21605.7,0
MX.V,D,20230522,000000,2.89644,2.95448,2.87572,2.93806,22903.7,0
MX.V,D,20230523,000000,2.94335,2.9952,2.91545,2.94082,27017.9,0
MX.V,D,20230524,000000,2.93716,2.95611,2.8212,2.88406,19879.7,0
MX.V,D,20230525,000000,2.88347,2.91119,2.82673,2.90069,17508.5,0
MX.V,D,20230526,000000,2.91016,2.97083,2.8764,2.93825,13320.8,0
MX.V,D,20230527,000000,2.94339,2.96089,2.92005,2.93484,9065.73,0
MX.V,D,20230528,000000,2.94458,2.98229,2.93918,2.98229,8136.36,0
MX.V,D,20230529,000000,2.99036,3.0437,2.96,2.98269,23639.4,0
MX.V,D,20230530,000000,2.98009,3.09386,2.97826,3.0729,17211.6,0
MX.V,D,20230531,000000,3.06713,3.09877,3.00079,3.08832,29511.3,0
MX.V,D,20230601,000000,3.08899,3.29106,3.08899,3.2251,34929.1,0
MX.V,D,20230602,000000,3.2178,3.31459,3.20161,3.30869,20266.2,0
MX.V,D,20230603,000000,3.33063,3.46087,3.30806,3.41356,36641,0
MX.V,D,20230604,000000,3.4176,3.43483,3.30596,3.31246,29319.1,0
MX.V,D,20230605,000000,3.32726,3.33707,3.01025,3.02368,34384.3,0
MX.V,D,20230606,000000,3.03198,3.34007,3.02307,3.30429,38165.7,0
MX.V,D,20230607,000000,3.30706,3.34174,3.06279,3.07722,25709,0
MX.V,D,20230608,000000,3.07614,3.13047,3.04112,3.11496,24191.2,0
MX.V,D,20230609,000000,3.11206,3.12808,3.07195,3.09358,9689.74,0
MX.V,D,20230610,000000,3.08828,3.10131,2.61311,2.67418,62289.1,0
MX.V,D,20230611,000000,2.68586,2.76865,2.51083,2.7434,38406,0
MX.V,D,20230612,000000,2.74653,2.74797,2.61028,2.70011,30285.7,0
MX.V,D,20230613,000000,2.70222,2.72564,2.6599,2.67533,27339.8,0
MX.V,D,20230614,000000,2.68808,2.81835,2.55549,2.61466,24788.2,0
MX.V,D,20230615,000000,2.62449,2.65662,2.48961,2.61042,27662.9,0
MX.V,D,20230616,000000,2.59629,2.61631,2.21755,2.41159,69028.4,0
MX.V,D,20230617,000000,2.41551,2.52136,2.38988,2.4281,40608.4,0
MX.V,D,20230618,000000,2.41261,2.43584,2.33614,2.39895,19237.2,0
MX.V,D,20230619,000000,2.3919,2.45755,2.33584,2.41325,26241.9,0
MX.V,D,20230620,000000,2.42031,2.62,2.4176,2.58429,23903.5,0
MX.V,D,20230621,000000,2.58789,2.79124,2.58477,2.74855,39263.2,0
MX.V,D,20230622,000000,2.75053,2.88942,2.655,2.69599,31326.7,0
MX.V,D,20230623,000000,2.69585,2.7733,2.66372,2.69066,15752.4,0
MX.V,D,20230624,000000,2.68583,2.707,2.63504,2.66585,10144.7,0
MX.V,D,20230625,000000,2.65775,2.74451,2.65525,2.68611,10862.3,0
MX.V,D,20230626,000000,2.6951,2.6951,2.58799,2.59569,13295.7,0
MX.V,D,20230627,000000,2.59111,2.67149,2.58811,2.64442,9556.18,0
MX.V,D,20230628,000000,2.64594,2.66785,2.58811,2.60607,13841.4,0
MX.V,D,20230629,000000,2.60404,2.71061,2.59747,2.68212,12793.5,0
MX.V,D,20230630,000000,2.68518,2.73496,2.64437,2.70406,21104.7,0
MX.V,D,20230701,000000,2.70658,2.70708,2.65949,2.68437,7331.65,0
MX.V,D,20230702,000000,2.68416,2.70855,2.66312,2.68653,10125.9,0
MX.V,D,20230703,000000,2.68974,2.73791,2.67255,2.70205,11642.9,0
MX.V,D,20230704,000000,2.70243,2.71641,2.65166,2.65368,7534.9,0
MX.V,D,20230705,000000,2.65493,2.66985,2.58154,2.61089,15739.3,0
MX.V,D,20230706,000000,2.60992,2.66283,2.4791,2.52637,24084.1,0
MX.V,D,20230707,000000,2.52667,2.54763,2.46455,2.52498,12966.2,0
MX.V,D,20230708,000000,2.52923,2.6366,2.52763,2.61142,7885.45,0
MX.V,D,20230709,000000,2.60029,2.83653,2.59359,2.7733,28910.6,0
MX.V,D,20230710,000000,2.7724,2.77849,2.7013,2.75115,16871.1,0
MX.V,D,20230711,000000,2.73354,2.76094,2.72507,2.75651,9386.13,0
MX.V,D,20230712,000000,2.76115,2.85157,2.75839,2.80215,13208.4,0
MX.V,D,20230713,000000,2.8035,2.97291,2.7993,2.90354,14966.6,0
MX.V,D,20230714,000000,2.91364,2.96928,2.73522,2.80715,10975.2,0
MX.V,D,20230715,000000,2.80949,2.85661,2.79414,2.79414,12831.3,0
MX.V,D,20230716,000000,2.79361,2.83552,2.78206,2.79479,8158.38,0
MX.V,D,20230717,000000,2.80417,2.81156,2.74893,2.80528,12691.8,0
MX.V,D,20230718,000000,2.80678,2.80879,2.75113,2.7777,8831.92,0
MX.V,D,20230719,000000,2.77657,2.80266,2.76861,2.7783,7728.65,0
MX.V,D,20230720,000000,2.77827,2.83987,2.74948,2.78067,28851.8,0
MX.V,D,20230721,000000,2.78286,2.80847,2.76137,2.79684,5712.1,0
MX.V,D,20230722,000000,2.78761,2.79527,2.75073,2.77033,3915.81,0
MX.V,D,20230723,000000,2.7726,2.78102,2.7126,2.75192,9374.94,0
MX.V,D,20230724,000000,2.75532,2.76646,2.66394,2.68158,8417.77,0
MX.V,D,20230725,000000,2.67731,2.74584,2.67035,2.72438,13375.5,0
MX.V,D,20230726,000000,2.73434,2.73434,2.67293,2.71163,12013.8,0
MX.V,D,20230727,000000,2.72008,2.73804,2.6788,2.68767,12629.4,0
MX.V,D,20230728,000000,2.68475,2.72874,2.68106,2.72542,6873.29,0
MX.V,D,20230729,000000,2.72635,2.74789,2.69595,2.7459,5218.25,0
MX.V,D,20230730,000000,2.74047,2.78165,2.72133,2.73188,8724.86,0
MX.V,D,20230731,000000,2.73275,2.79778,2.71836,2.72365,11229.6,0
MX.V,D,20230801,000000,2.72193,2.73477,2.65826,2.71444,10592.6,0
MX.V,D,20230802,000000,2.71192,2.75642,2.67178,2.72325,17334.9,0
MX.V,D,20230803,000000,2.72912,2.74974,2.69589,2.71717,6368.61,0
MX.V,D,20230804,000000,2.71691,2.76229,2.70916,2.74721,11315.1,0
MX.V,D,20230805,000000,2.74731,2.77799,2.73792,2.76531,6927.49,0
MX.V,D,20230806,000000,2.76425,2.77292,2.73242,2.7548,8867.75,0
MX.V,D,20230807,000000,2.76154,2.84561,2.72308,2.83204,22438.6,0
MX.V,D,20230808,000000,2.83906,2.90197,2.82538,2.86217,25957.6,0
MX.V,D,20230809,000000,2.87467,2.87467,2.78242,2.80715,13961.9,0
MX.V,D,20230810,000000,2.79909,2.83269,2.76593,2.79328,15608.4,0
MX.V,D,20230811,000000,2.8026,2.81146,2.7419,2.76368,15717.2,0
MX.V,D,20230812,000000,2.76955,2.80432,2.75064,2.76682,17192.5,0
MX.V,D,20230813,000000,2.76935,2.85723,2.7062,2.85723,20027.8,0
MX.V,D,20230814,000000,2.83399,2.86356,2.80684,2.82075,26728.1,0
MX.V,D,20230815,000000,2.82108,2.83998,2.74863,2.75706,14579.2,0
MX.V,D,20230816,000000,2.75479,2.77346,2.70837,2.72737,16281.2,0
MX.V,D,20230817,000000,2.72501,2.74133,2.4521,2.56782,28865.1,0
MX.V,D,20230818,000000,2.55359,2.71932,2.53023,2.63396,28746.1,0
MX.V,D,20230819,000000,2.63458,2.72009,2.61916,2.67992,16438.8,0
MX.V,D,20230820,000000,2.67852,2.75088,2.66323,2.7412,21073.1,0
MX.V,D,20230821,000000,2.73305,2.76117,2.67302,2.73079,18460.4,0
MX.V,D,20230822,000000,2.72916,2.76642,2.67486,2.68649,13167.7,0
MX.V,D,20230823,000000,2.68863,2.83471,2.68863,2.77107,19318.6,0
MX.V,D,20230824,000000,2.76875,2.79688,2.73975,2.76969,16768.9,0
MX.V,D,20230825,000000,2.76669,2.78855,2.7262,2.75249,14526,0
MX.V,D,20230826,000000,2.75097,2.81881,2.74924,2.79259,17222.6,0
MX.V,D,20230827,000000,2.80027,2.82409,2.78143,2.79861,13392.8,0
MX.V,D,20230828,000000,2.79687,2.81497,2.7689,2.78272,8766.01,0
MX.V,D,20230829,000000,2.78569,2.89522,2.75316,2.8438,27054.2,0
MX.V,D,20230830,000000,2.8478,2.87864,2.80244,2.86427,17466,0
MX.V,D,20230831,000000,2.8684,2.87151,2.7127,2.72335,18232,0
MX.V,D,20230901,000000,2.73364,2.76904,2.55652,2.59468,24868.8,0
MX.V,D,20230902,000000,2.59133,2.66275,2.57647,2.59081,12309.6,0
MX.V,D,20230903,000000,2.59474,2.60977,2.55299,2.57864,18525.6,0
MX.V,D,20230904,000000,2.58413,2.59843,2.52579,2.53051,13412.7,0
MX.V,D,20230905,000000,2.52529,2.57934,2.51644,2.56956,15795.6,0
MX.V,D,20230906,000000,2.56854,2.5973,2.50647,2.52678,9968.53,0
MX.V,D,20230907,000000,2.52536,2.54565,2.49565,2.50542,11131.5,0
MX.V,D,20230908,000000,2.50627,2.53323,2.45286,2.45448,17081.3,0
MX.V,D,20230909,000000,2.45086,2.47003,2.44077,2.45209,9594.36,0
MX.V,D,20230910,000000,2.45344,2.45606,2.40052,2.42688,20252.9,0
MX.V,D,20230911,000000,2.42335,2.42335,2.22272,2.23306,17312.9,0
MX.V,D,20230912,000000,2.22874,2.37035,2.22874,2.29421,28994.2,0
MX.V,D,20230913,000000,2.29692,2.32954,2.29011,2.31866,11513.2,0
MX.V,D,20230914,000000,2.31869,2.33395,2.30658,2.31082,14473.5,0
MX.V,D,20230915,000000,2.31745,2.31745,2.23398,2.26107,11994.3,0
MX.V,D,20230916,000000,2.26303,2.28404,2.20662,2.2345,19409.5,0
MX.V,D,20230917,000000,2.231,2.23585,2.13861,2.14251,16031,0
MX.V,D,20230918,000000,2.14011,2.14011,2.01654,2.07595,38152.2,0
MX.V,D,20230919,000000,2.08423,2.31079,2.07238,2.23039,109804,0
MX.V,D,20230920,000000,2.22851,2.2799,2.21182,2.24046,7752.04,0
MX.V,D,20230921,000000,2.23634,2.25901,2.15318,2.1673,8361.87,0
MX.V,D,20230922,000000,2.16112,2.22238,2.15315,2.18845,5997.69,0
MX.V,D,20230923,000000,2.20247,2.22117,2.17022,2.17893,5109.9,0
MX.V,D,20230924,000000,2.18085,2.23228,2.14209,2.14749,5405.06,0
MX.V,D,20230925,000000,2.14041,2.14549,2.11083,2.12109,3623.17,0
MX.V,D,20230926,000000,2.12507,2.1491,2.11921,2.12948,2188.3,0
MX.V,D,20230927,000000,2.13373,2.21663,2.13054,2.15972,4922.78,0
MX.V,D,20230928,000000,2.16049,2.30459,2.15609,2.2501,2675.6,0
MX.V,D,20230929,000000,2.2554,2.31487,2.22337,2.27795,5122.76,0
MX.V,D,20230930,000000,2.28285,2.32128,2.2442,2.25485,2514.17,0
MX.V,D,20231001,000000,2.24023,2.2676,2.23586,2.25215,2881.61,0
MX.V,D,20231002,000000,2.28469,2.31406,2.17051,2.20424,17585.3,0
MX.V,D,20231003,000000,2.19976,2.24044,2.19746,2.21678,3260.44,0
MX.V,D,20231004,000000,2.20808,2.26757,2.17024,2.26455,4534.09,0
MX.V,D,20231005,000000,2.26282,2.26282,2.17055,2.20652,4153.13,0
MX.V,D,20231006,000000,2.20169,2.23774,2.18915,2.23131,6612.42,0
MX.V,D,20231007,000000,2.22924,2.22937,2.19705,2.20085,1636.76,0
MX.V,D,20231008,000000,2.19465,2.20919,2.13696,2.14242,3120.04,0
MX.V,D,20231009,000000,2.12741,2.20433,2.07654,2.16483,2705.42,0
MX.V,D,20231010,000000,2.16305,2.2038,2.11995,2.15864,4767,0
MX.V,D,20231011,000000,2.16019,2.19931,2.14882,2.17826,4855.05,0
MX.V,D,20231012,000000,2.17759,2.19923,2.16622,2.19439,3106.91,0
MX.V,D,20231013,000000,2.19844,2.28223,2.19844,2.28088,2747.62,0
MX.V,D,20231014,000000,2.27486,2.32764,2.25927,2.31556,4893.51,0
MX.V,D,20231015,000000,2.31184,2.37476,2.29352,2.33325,6783.42,0
MX.V,D,20231016,000000,2.32659,2.57495,2.3264,2.52473,11468.2,0
MX.V,D,20231017,000000,2.53251,2.64578,2.47924,2.59136,9516.14,0
MX.V,D,20231018,000000,2.57735,2.67417,2.56725,2.63665,7188.92,0
MX.V,D,20231019,000000,2.62767,2.71092,2.53571,2.66937,9534.87,0
MX.V,D,20231020,000000,2.67254,2.86889,2.67254,2.80765,12685.3,0
MX.V,D,20231021,000000,2.81589,2.9367,2.79487,2.87631,12229.2,0
MX.V,D,20231022,000000,2.87071,2.9295,2.69215,2.70679,9936.07,0
MX.V,D,20231023,000000,2.69614,2.75136,2.62941,2.72041,9543.19,0
MX.V,D,20231024,000000,2.71431,2.88762,2.65515,2.70807,25072.6,0
MX.V,D,20231025,000000,2.71074,2.88926,2.70194,2.80545,9761.22,0
MX.V,D,20231026,000000,2.80102,2.85047,2.67827,2.73373,12035.2,0
MX.V,D,20231027,000000,2.73279,2.73282,2.63431,2.65611,2275.93,0
MX.V,D,20231028,000000,2.64265,2.72712,2.64218,2.67733,10972.2,0
MX.V,D,20231029,000000,2.66481,2.77241,2.65648,2.76903,4561.05,0
MX.V,D,20231030,000000,2.75426,2.87959,2.74462,2.82803,6767.01,0
MX.V,D,20231031,000000,2.83205,2.84918,2.763,2.77801,3067.66,0
MX.V,D,20231101,000000,2.78389,2.84435,2.7662,2.8145,7158.61,0
MX.V,D,20231102,000000,2.82292,2.84099,2.71562,2.73853,6702.97,0
MX.V,D,20231103,000000,2.74263,2.76976,2.63216,2.73809,15264.5,0
MX.V,D,20231104,000000,2.74176,2.75642,2.6942,2.70089,4663.72,0
MX.V,D,20231105,000000,2.69403,2.78256,2.67947,2.74546,14137.6,0
MX.V,D,20231106,000000,2.75315,2.7912,2.72894,2.72946,9229.47,0
MX.V,D,20231107,000000,2.74672,2.76137,2.70058,2.72713,6219.25,0
MX.V,D,20231108,000000,2.73424,2.75183,2.70919,2.70927,4099.9,0
MX.V,D,20231109,000000,2.74561,2.87535,2.71942,2.86011,24138.8,0
MX.V,D,20231110,000000,2.83444,3.04376,2.80968,2.94251,14923,0
MX.V,D,20231111,000000,2.9571,2.98775,2.88344,2.88865,11464,0
MX.V,D,20231112,000000,2.88772,2.94448,2.79329,2.87255,20920,0
MX.V,D,20231113,000000,2.86252,2.93005,2.84113,2.84704,12405.9,0
MX.V,D,20231114,000000,2.85237,2.96167,2.81158,2.87993,17381,0
MX.V,D,20231115,000000,2.89039,2.9694,2.85971,2.95155,13323,0
MX.V,D,20231116,000000,2.95832,2.97465,2.71864,2.83275,11475.1,0
MX.V,D,20231117,000000,2.82977,2.86647,2.77909,2.83033,12854.9,0
MX.V,D,20231118,000000,2.82207,2.84958,2.80016,2.80357,2932.36,0
MX.V,D,20231119,000000,2.83188,2.85091,2.81423,2.81747,2053.14,0
MX.V,D,20231120,000000,2.82872,2.90675,2.82872,2.87394,6393.98,0
MX.V,D,20231121,000000,2.88179,2.94527,2.85031,2.85075,7852.1,0
MX.V,D,20231122,000000,2.80365,2.94807,2.80365,2.92554,3560.17,0
MX.V,D,20231123,000000,2.92288,2.9643,2.90166,2.95761,4928.53,0
MX.V,D,20231124,000000,2.96131,3.07228,2.95012,3.01132,10050,0
MX.V,D,20231125,000000,3.00327,3.05918,2.96652,2.9955,6467.07,0
MX.V,D,20231126,000000,2.99431,3.00374,2.91039,2.96813,6224.57,0
MX.V,D,20231127,000000,2.94652,2.95138,2.88766,2.90846,6719.15,0
MX.V,D,20231128,000000,2.91435,2.98021,2.87069,2.9655,7366.57,0
MX.V,D,20231129,000000,2.96515,2.99124,2.93684,2.95378,4455.95,0
MX.V,D,20231130,000000,2.9484,2.98232,2.92349,2.93816,4076.14,0
MX.V,D,20231201,000000,2.949,3.00807,2.949,2.96479,6021.26,0
MX.V,D,20231202,000000,2.97453,3.00213,2.95913,2.97014,3042.76,0
MX.V,D,20231203,000000,2.97301,3.00821,2.95453,2.99295,3855.63,0
MX.V,D,20231204,000000,2.98928,2.99982,2.886,2.90142,3946.14,0
MX.V,D,20231205,000000,2.91029,2.91922,2.8546,2.87545,3187.02,0
MX.V,D,20231206,000000,2.87275,2.9998,2.87003,2.93952,2110.91,0
MX.V,D,20231207,000000,2.93756,2.99519,2.92162,2.96274,1157.42,0
MX.V,D,20231208,000000,2.96305,2.99631,2.95311,2.99579,1015.83,0
MX.V,D,20231209,000000,2.99539,3.13945,2.97901,3.05363,3549.37,0
MX.V,D,20231210,000000,3.04529,3.13251,3.03082,3.1266,2453.59,0
MX.V,D,20231211,000000,3.12281,3.12281,2.925,2.98656,1651.69,0
MX.V,D,20231212,000000,2.98493,3.06723,2.89774,2.95147,2646.32,0
MX.V,D,20231213,000000,2.94417,3.04694,2.90821,3.02296,2065.52,0
MX.V,D,20231214,000000,3.02697,3.05744,2.98238,3.03058,1573.71,0
MX.V,D,20231215,000000,3.02381,3.02381,2.82848,2.91053,4982.42,0
MX.V,D,20231216,000000,2.88532,2.93263,2.88532,2.91777,2218.43,0
MX.V,D,20231217,000000,2.92746,2.93014,2.86208,2.89549,1306.01,0
MX.V,D,20231218,000000,2.89087,2.90638,2.77184,2.89416,1800.98,0
MX.V,D,20231219,000000,2.90363,2.92895,2.86851,2.89023,26952,0
MX.V,D,20231220,000000,2.88898,3.00511,2.88887,2.93149,98201.7,0
MX.V,D,20231221,000000,2.92892,3.05758,2.89816,3.00714,95124.3,0
MX.V,D,20231222,000000,3.00337,3.02324,2.92935,2.98406,93243.5,0
MX.V,D,20231223,000000,2.97968,2.99741,2.81206,2.84769,92724.5,0
MX.V,D,20231224,000000,2.84892,2.85514,2.70684,2.73791,100392,0
MX.V,D,20231225,000000,2.74001,2.78428,2.69852,2.76831,92070.9,0
MX.V,D,20231226,000000,2.76368,2.79329,2.6999,2.78685,90641.9,0
MX.V,D,20231227,000000,2.78682,2.82854,2.77131,2.82555,95619.1,0
MX.V,D,20231228,000000,2.82457,2.8377,2.74166,2.76585,98214.4,0
MX.V,D,20231229,000000,2.77049,2.86649,2.75838,2.7837,91469.9,0
MX.V,D,20231230,000000,2.78256,2.84426,2.7565,2.83052,93680.8,0
MX.V,D,20231231,000000,2.83092,2.83462,2.73453,2.7808,78122.7,0
MX.V,D,20240101,000000,2.7796,2.82144,2.76935,2.82104,87727.8,0
MX.V,D,20240102,000000,2.82144,2.8844,2.81,2.81934,150826,0
MX.V,D,20240103,000000,2.81847,2.82014,2.61198,2.64188,188423,0
MX.V,D,20240104,000000,2.64253,2.81984,2.62574,2.74316,203367,0
MX.V,D,20240105,000000,2.74584,2.75232,2.67659,2.73236,177206,0
MX.V,D,20240106,000000,2.73136,2.73556,2.67802,2.69892,198307,0
MX.V,D,20240107,000000,2.70042,2.70993,2.65473,2.65877,98430.8,0
MX.V,D,20240108,000000,2.6614,2.78763,2.61537,2.77537,76875.5,0
MX.V,D,20240109,000000,2.77427,2.80515,2.70022,2.77416,62398.3,0
MX.V,D,20240110,000000,2.77336,2.81423,2.71327,2.7909,94785.4,0
MX.V,D,20240111,000000,2.79533,2.83837,2.74343,2.77477,106215,0
MX.V,D,20240112,000000,2.77407,2.91496,2.69847,2.71731,119295,0
MX.V,D,20240113,000000,2.71691,2.8349,2.71601,2.8016,99762.7,0
MX.V,D,20240114,000000,2.79913,2.90296,2.7818,2.82724,68274.7,0
MX.V,D,20240115,000000,2.82864,2.82864,2.72862,2.73148,73568.3,0
MX.V,D,20240116,000000,2.72939,2.74834,2.70864,2.74629,60969.3,0
MX.V,D,20240117,000000,2.74436,2.7643,2.70968,2.73147,67526.3,0
MX.V,D,20240118,000000,2.73306,2.80451,2.66119,2.72674,72876.7,0
MX.V,D,20240119,000000,2.73516,2.76658,2.64244,2.73429,77673.2,0
MX.V,D,20240120,000000,2.73449,2.74606,2.71139,2.71917,68421.4,0
MX.V,D,20240121,000000,2.71827,2.72611,2.70669,2.70682,37509.8,0
MX.V,D,20240122,000000,2.70625,2.78426,2.63804,2.7049,52212.2,0
MX.V,D,20240123,000000,2.7051,2.74086,2.59942,2.65613,68810.9,0
MX.V,D,20240124,000000,2.65616,2.69934,2.63975,2.67258,65602.8,0
MX.V,D,20240125,000000,2.67291,2.7203,2.67116,2.70734,43376.4,0
MX.V,D,20240126,000000,2.70694,2.74769,2.70056,2.7474,44749.6,0
MX.V,D,20240127,000000,2.7475,2.75512,2.70858,2.74827,42526.3,0
MX.V,D,20240128,000000,2.74807,2.7491,2.71231,2.73286,38286.5,0
MX.V,D,20240129,000000,2.73246,2.7868,2.72237,2.7724,42894.6,0
MX.V,D,20240130,000000,2.77353,2.84933,2.74966,2.83754,48973.5,0
MX.V,D,20240131,000000,2.83547,2.84277,2.73458,2.74006,46307.1,0
MX.V,D,20240201,000000,2.73937,2.80814,2.70413,2.77989,50823.3,0
MX.V,D,20240202,000000,2.77889,2.8271,2.77671,2.80691,45919.4,0
MX.V,D,20240203,000000,2.80661,2.85516,2.80203,2.82964,36216.3,0
MX.V,D,20240204,000000,2.82434,2.83025,2.78654,2.81622,20800.7,0
MX.V,D,20240205,000000,2.80847,2.87465,2.80847,2.84866,30269.5,0
MX.V,D,20240206,000000,2.84886,2.98203,2.84168,2.97638,29218.1,0
MX.V,D,20240207,000000,2.97785,2.97867,2.89111,2.96241,30992.9,0
MX.V,D,20240208,000000,2.96071,3.02107,2.94792,3.0098,34663,0
MX.V,D,20240209,000000,3.0097,3.0263,3.00255,3.01835,42030.9,0
MX.V,D,20240210,000000,3.0098,3.02534,2.70428,2.75667,59098.3,0
MX.V,D,20240211,000000,2.75507,2.83113,2.71929,2.73679,60528,0
MX.V,D,20240212,000000,2.74019,2.7858,2.71419,2.78302,47276.8,0
MX.V,D,20240213,000000,2.78152,2.80719,2.76137,2.77998,34105.1,0
MX.V,D,20240214,000000,2.78041,2.84086,2.77547,2.82723,30394,0
MX.V,D,20240215,000000,2.82695,2.87974,2.77803,2.86299,53813.3,0
MX.V,D,20240216,000000,2.86259,2.87071,2.81716,2.82267,44202.6,0
MX.V,D,20240217,000000,2.82407,2.83458,2.78022,2.81965,32051.6,0
MX.V,D,20240218,000000,2.81905,2.8211,2.76644,2.81121,31335.7,0
MX.V,D,20240219,000000,2.81137,2.84186,2.79053,2.83878,41374.4,0
MX.V,D,20240220,000000,2.84055,2.85644,2.82103,2.84384,57275.7,0
MX.V,D,20240221,000000,2.84334,2.85233,2.79396,2.8099,53668.6,0
MX.V,D,20240222,000000,2.8134,2.83799,2.801,2.82919,45179.5,0
MX.V,D,20240223,000000,2.82989,2.84736,2.81778,2.8443,34032.5,0
MX.V,D,20240224,000000,2.8438,2.9278,2.83843,2.91367,26549.8,0
MX.V,D,20240225,000000,2.9141,2.95704,2.89667,2.90498,17137.2,0
MX.V,D,20240226,000000,2.90368,2.92048,2.87951,2.89708,23908.6,0
MX.V,D,20240227,000000,2.8958,2.91564,2.88312,2.90166,56252.8,0
MX.V,D,20240228,000000,2.90176,2.92771,2.86865,2.9034,53963,0
MX.V,D,20240229,000000,2.90623,2.92214,2.88574,2.90671,43901.4,0
MX.V,D,20240301,000000,2.9088,2.93353,2.89431,2.92348,55340.7,0
MX.V,D,20240302,000000,2.92699,2.95333,2.89959,2.92955,30251,0
MX.V,D,20240303,000000,2.93287,2.96563,2.91729,2.9622,34618.8,0
MX.V,D,20240304,000000,2.97734,2.98464,2.88334,2.94694,34159,0
MX.V,D,20240305,000000,2.94684,3.01961,2.90418,2.95394,45794.3,0
MX.V,D,20240306,000000,2.94876,2.98577,2.92403,2.95788,37356.5,0
MX.V,D,20240307,000000,2.95518,2.96904,2.91727,2.94834,49111.2,0
MX.V,D,20240308,000000,2.94731,3.0461,2.94181,3.03692,72264.3,0
MX.V,D,20240309,000000,3.03602,3.05032,3.01259,3.02879,66578.9,0
MX.V,D,20240310,000000,3.02766,3.11052,3.00092,3.03532,55702.9,0
MX.V,D,20240311,000000,3.02665,3.70217,2.93936,3.17133,65860.2,0
MX.V,D,20240312,000000,3.1716,3.38929,3.16764,3.34883,65516.2,0
MX.V,D,20240313,000000,3.3528,3.66296,3.35023,3.6626,26945.8,0
MX.V,D,20240314,000000,3.99658,4.11844,3.68859,3.90443,38586.5,0
MX.V,D,20240315,000000,3.91693,4.05317,3.68475,3.88289,59000.7,0
MX.V,D,20240316,000000,3.88805,3.9537,3.68449,3.71251,44795.6,0
MX.V,D,20240317,000000,3.70739,3.93677,3.67848,3.93218,40818.2,0
MX.V,D,20240318,000000,3.93123,3.95034,3.85856,3.86723,34828.9,0
MX.V,D,20240319,000000,3.86777,3.89135,3.69681,3.76372,32626.3,0
MX.V,D,20240320,000000,3.73421,3.84001,3.6919,3.8384,10745.3,0
MX.V,D,20240321,000000,3.88829,4.08665,3.88084,4.02048,23625.8,0
MX.V,D,20240322,000000,4.02058,4.44194,4.01466,4.20192,40798.9,0
MX.V,D,20240323,000000,4.19572,4.45174,4.17738,4.3233,38356.1,0
MX.V,D,20240324,000000,4.3253,4.51279,4.3152,4.37569,38352.8,0
MX.V,D,20240325,000000,4.37594,4.46189,4.36448,4.41341,32689.9,0
MX.V,D,20240326,000000,4.41676,4.46845,4.28746,4.31554,68396.7,0
MX.V,D,20240327,000000,4.31639,4.41071,4.22686,4.32314,81171.4,0
MX.V,D,20240328,000000,4.31605,4.35812,4.16713,4.2933,78024.8,0
MX.V,D,20240329,000000,4.2919,4.31775,4.20572,4.23649,58459.6,0
MX.V,D,20240330,000000,4.23689,4.39928,4.19138,4.31534,64443.5,0
MX.V,D,20240331,000000,4.31098,4.38141,4.12626,4.27151,55607.5,0
MX.V,D,20240401,000000,4.27061,4.50238,4.23634,4.40237,59588.3,0
MX.V,D,20240402,000000,4.39523,4.47362,4.27744,4.30072,64237.6,0
MX.V,D,20240403,000000,4.30052,4.4864,4.23543,4.43239,64966.1,0
MX.V,D,20240404,000000,4.43349,4.48379,4.42774,4.47517,59650.8,0
MX.V,D,20240405,000000,4.47487,4.54481,4.33027,4.53652,76766.5,0
MX.V,D,20240406,000000,4.53731,4.57266,4.47411,4.51693,57655.9,0
MX.V,D,20240407,000000,4.51723,4.58746,4.48779,4.57457,49718.4,0
MX.V,D,20240408,000000,4.56491,4.88481,4.54374,4.87811,55655.8,0
MX.V,D,20240409,000000,4.87796,5.75972,4.85966,5.75425,53061.2,0
MX.V,D,20240410,000000,5.74931,5.88078,5.36026,5.66463,35669.1,0
MX.V,D,20240411,000000,5.66843,5.80547,5.61632,5.6963,28337.3,0
MX.V,D,20240412,000000,5.70116,5.73517,5.0083,5.17355,23936.6,0
MX.V,D,20240413,000000,5.17265,5.42289,4.99094,5.05699,39873.8,0
MX.V,D,20240414,000000,5.04969,5.2928,5.02921,5.23627,44720.4,0
MX.V,D,20240415,000000,5.23607,5.47848,5.22567,5.3208,30579.5,0
MX.V,D,20240416,000000,5.31,5.44543,5.27666,5.41433,32172.4,0
MX.V,D,20240417,000000,5.41428,5.46832,5.29568,5.32081,30303.6,0
MX.V,D,20240418,000000,5.31951,5.41272,5.25345,5.38051,31360.7,0
MX.V,D,20240419,000000,5.38071,5.45544,5.1676,5.34056,32283.8,0
MX.V,D,20240420,000000,5.35667,5.3787,5.14069,5.22347,29968.4,0
MX.V,D,20240421,000000,5.21446,5.23613,4.85344,4.91133,28667.3,0
MX.V,D,20240422,000000,4.90853,5.02936,4.62083,4.95174,28687.4,0
MX.V,D,20240423,000000,4.94608,5.0048,4.73055,4.91985,30200,0
MX.V,D,20240424,000000,4.92945,5.32572,4.8662,5.02068,32298.6,0
MX.V,D,20240425,000000,5.02228,5.11093,4.91637,5.05497,31967,0
MX.V,D,20240426,000000,5.05327,5.10194,4.93525,5.0035,35418.3,0
MX.V,D,20240427,000000,5.0022,5.02569,4.90385,4.96053,26276.4,0
MX.V,D,20240428,000000,4.95753,4.9884,4.91446,4.94433,25916.2,0
MX.V,D,20240429,000000,4.95343,4.98299,4.80746,4.94082,29046,0
MX.V,D,20240430,000000,4.93902,4.98201,4.59595,4.75481,31949.3,0
MX.V,D,20240501,000000,4.74462,4.84606,4.49436,4.61477,36410.6,0
MX.V,D,20240502,000000,4.61507,5.0301,4.57955,4.994,40450.1,0
MX.V,D,20240503,000000,4.9989,5.01251,4.82082,4.90851,28644.6,0
MX.V,D,20240504,000000,4.91141,4.96649,4.86991,4.89769,29016,0
MX.V,D,20240505,000000,4.90154,4.99165,4.84708,4.90769,23314,0
MX.V,D,20240506,000000,4.90709,4.96455,4.87839,4.9393,27024,0
MX.V,D,20240507,000000,4.93485,4.95401,4.8582,4.94475,14372.9,0
MX.V,D,20240508,000000,4.9427,4.94611,4.87909,4.90158,13924.8,0
MX.V,D,20240509,000000,4.88419,4.94495,4.87419,4.94111,24057.7,0
MX.V,D,20240510,000000,4.94026,4.95955,4.86434,4.88803,24813.8,0
MX.V,D,20240511,000000,4.89253,4.91972,4.84629,4.86523,23065,0
MX.V,D,20240512,000000,4.86653,4.88353,4.65714,4.78094,20812.5,0
MX.V,D,20240513,000000,4.76665,4.90675,4.70853,4.88016,27932.1,0
MX.V,D,20240514,000000,4.87056,4.92316,4.77823,4.8673,29522.5,0
MX.V,D,20240515,000000,4.87684,4.8868,4.81144,4.87507,28948.2,0
MX.V,D,20240516,000000,4.87377,4.87524,4.58077,4.58971,36580.7,0
MX.V,D,20240517,000000,4.58877,4.7108,4.32799,4.7018,33086.9,0
MX.V,D,20240518,000000,4.68619,4.84069,4.55255,4.60193,26622,0
MX.V,D,20240519,000000,4.60323,4.60838,4.4654,4.54423,23600.3,0
MX.V,D,20240520,000000,4.52843,4.69975,4.46815,4.67622,26324.7,0
MX.V,D,20240521,000000,4.67598,4.82719,4.60669,4.62008,43730.4,0
MX.V,D,20240522,000000,4.62,4.63811,4.53676,4.61726,32259.9,0
MX.V,D,20240523,000000,4.61302,4.63834,4.46241,4.53584,38239.2,0
MX.V,D,20240524,000000,4.53664,4.58767,4.47473,4.57525,42758.9,0
MX.V,D,20240525,000000,4.57575,4.58675,4.46925,4.53819,26091.3,0
MX.V,D,20240526,000000,4.50785,4.573,4.47559,4.53574,25520.9,0
MX.V,D,20240527,000000,4.53743,4.54628,4.30339,4.34327,47786.8,0
MX.V,D,20240528,000000,4.34307,4.39795,4.18039,4.36962,61084.7,0
MX.V,D,20240529,000000,4.35185,4.52579,4.27585,4.39376,32999.4,0
MX.V,D,20240530,000000,4.39002,4.47945,4.3346,4.45944,21901.4,0
MX.V,D,20240531,000000,4.45944,4.47668,4.28922,4.35481,31853.2,0
MX.V,D,20240601,000000,4.35076,4.3823,4.25809,4.36551,22746.3,0
MX.V,D,20240602,000000,4.3684,4.38223,4.26039,4.30192,25998.9,0
MX.V,D,20240603,000000,4.30242,4.39762,4.10808,4.1196,34534.4,0
MX.V,D,20240604,000000,4.11776,4.1196,3.83871,4.0306,37304.9,0
MX.V,D,20240605,000000,4.0339,4.30309,4.01566,4.28673,42443.9,0
MX.V,D,20240606,000000,4.28479,4.29249,4.05752,4.20305,35673.8,0
MX.V,D,20240607,000000,4.19152,4.22508,3.98257,4.0652,38042.1,0
MX.V,D,20240608,000000,4.05826,4.0937,3.95391,3.98806,44704.2,0
MX.V,D,20240609,000000,3.99382,4.02016,3.85327,4.0158,30270.3,0
MX.V,D,20240610,000000,4.0166,4.05247,3.84888,3.85946,30033.7,0
MX.V,D,20240611,000000,3.85532,3.9741,3.79809,3.84839,46484.4,0
MX.V,D,20240612,000000,3.84369,3.97569,3.82646,3.9259,40572,0
MX.V,D,20240613,000000,3.9253,3.98862,3.84367,3.86905,35969.1,0
MX.V,D,20240614,000000,3.86695,3.87262,3.71377,3.79394,38690.1,0
MX.V,D,20240615,000000,3.79334,3.83348,3.70631,3.71168,37045.4,0
MX.V,D,20240616,000000,3.71118,3.81328,3.70847,3.73691,29866.1,0
MX.V,D,20240617,000000,3.73371,3.7915,3.64469,3.75497,33289.9,0
MX.V,D,20240618,000000,3.75493,3.76868,3.50894,3.60432,51510.4,0
MX.V,D,20240619,000000,3.60292,3.73843,3.57264,3.67389,44327.8,0
MX.V,D,20240620,000000,3.67583,3.71921,3.58316,3.69887,35059.8,0
MX.V,D,20240621,000000,3.69987,3.81279,3.61921,3.73898,46074.7,0
MX.V,D,20240622,000000,3.73588,3.77097,3.61367,3.74634,36382.7,0
MX.V,D,20240623,000000,3.7481,3.76991,3.65717,3.66433,25157.3,0
MX.V,D,20240624,000000,3.66207,3.78179,3.6261,3.75596,35345.1,0
MX.V,D,20240625,000000,3.76391,3.99548,3.72726,3.98688,58787.9,0
MX.V,D,20240626,000000,3.99168,4.18212,3.95243,4.08662,49200.9,0
MX.V,D,20240627,000000,4.09075,4.19375,3.9557,4.16947,45668,0
MX.V,D,20240628,000000,4.16979,4.19205,4.07593,4.12857,42309,0
MX.V,D,20240629,000000,4.13665,4.61026,4.07472,4.51606,34114.3,0
MX.V,D,20240630,000000,4.52959,4.55849,4.26476,4.2888,32242.3,0
MX.V,D,20240701,000000,4.28391,4.47629,4.27505,4.45375,42686,0
MX.V,D,20240702,000000,4.45878,4.52068,4.35881,4.39426,39010.1,0
MX.V,D,20240703,000000,4.39106,4.42445,4.20608,4.21671,33202.3,0
MX.V,D,20240704,000000,4.22041,4.24942,4.00072,4.05743,35364.3,0
MX.V,D,20240705,000000,4.05988,4.08851,3.78945,3.90543,50439.9,0
MX.V,D,20240706,000000,3.90081,4.07675,3.88126,4.00942,31589.5,0
MX.V,D,20240707,000000,4.01148,4.02232,3.93432,3.96846,29880.1,0
MX.V,D,20240708,000000,3.972,3.9784,3.66925,3.80266,36177.9,0
MX.V,D,20240709,000000,3.81106,3.82743,3.70491,3.79806,36754.4,0
MX.V,D,20240710,000000,3.79422,3.85362,3.77695,3.80643,32978.1,0
MX.V,D,20240711,000000,3.80763,3.81513,3.70521,3.70729,35597.1,0
MX.V,D,20240712,000000,3.71153,3.72994,3.62557,3.72901,36427.1,0
MX.V,D,20240713,000000,3.72911,3.74146,3.71178,3.72657,30152.6,0
MX.V,D,20240714,000000,3.72642,3.77587,3.72058,3.75855,32340.7,0
MX.V,D,20240715,000000,3.75429,3.97459,3.74959,3.87384,28667.2,0
MX.V,D,20240716,000000,3.87264,3.99836,3.86512,3.997,46459.6,0
MX.V,D,20240717,000000,3.9967,4.02241,3.99004,4.00026,38301.2,0
MX.V,D,20240718,000000,4.00056,4.00096,3.90782,3.91552,35115.5,0
MX.V,D,20240719,000000,3.90998,4.01092,3.90692,3.99142,38218.4,0
MX.V,D,20240720,000000,3.98781,4.00312,3.9473,3.96566,34711.3,0
MX.V,D,20240721,000000,3.96536,3.97329,3.94458,3.97213,27342.1,0
MX.V,D,20240722,000000,3.97153,4.0179,3.89341,3.96789,35198,0
MX.V,D,20240723,000000,3.96839,4.01344,3.87309,3.99568,38512.8,0
MX.V,D,20240724,000000,3.99688,4.01066,3.93226,3.97418,36488,0
MX.V,D,20240725,000000,3.97418,3.98348,3.81316,3.92156,36450.4,0
MX.V,D,20240726,000000,3.92138,3.96654,3.89511,3.9491,37739.5,0
MX.V,D,20240727,000000,3.94926,4.002,3.90799,3.94622,32602.5,0
MX.V,D,20240728,000000,3.9514,3.9858,3.92608,3.97304,37457,0
MX.V,D,20240729,000000,3.9732,4.01906,3.76984,3.93097,35919.3,0
MX.V,D,20240730,000000,3.92717,3.97646,3.84022,3.94931,37038.1,0
MX.V,D,20240731,000000,3.95121,3.98496,3.80828,3.8387,22986.6,0
MX.V,D,20240801,000000,3.84477,3.94164,3.67156,3.75444,30808.7,0
MX.V,D,20240802,000000,3.75722,3.80411,3.66867,3.71532,36609.2,0
MX.V,D,20240803,000000,3.71432,3.72235,3.47257,3.51029,45084,0
MX.V,D,20240804,000000,3.51059,3.58067,3.46999,3.50468,40815.5,0
MX.V,D,20240805,000000,3.50398,3.52942,3.08737,3.33973,47555,0
MX.V,D,20240806,000000,3.33873,3.44064,3.33543,3.40719,62852,0
MX.V,D,20240807,000000,3.4182,3.43487,3.19977,3.20892,35537.6,0
MX.V,D,20240808,000000,3.20882,3.45514,3.19282,3.44013,14176.9,0
MX.V,D,20240809,000000,3.43833,3.5216,3.41669,3.49948,29920.3,0
MX.V,D,20240810,000000,3.49528,3.677,3.47888,3.65429,32313.4,0
MX.V,D,20240811,000000,3.65493,3.67548,3.57906,3.58806,29284.9,0
MX.V,D,20240812,000000,3.58716,3.64679,3.57229,3.6377,26824.9,0
MX.V,D,20240813,000000,3.638,3.70087,3.62338,3.69004,32932.8,0
MX.V,D,20240814,000000,3.69064,3.87229,3.66556,3.85595,30067.8,0
MX.V,D,20240815,000000,3.85465,3.86896,3.63899,3.64226,28580.7,0
MX.V,D,20240816,000000,3.63979,3.70767,3.63628,3.68653,30965,0
MX.V,D,20240817,000000,3.68368,3.74659,3.68091,3.72504,24231.6,0
MX.V,D,20240818,000000,3.72334,3.74441,3.70319,3.72711,25216.5,0
MX.V,D,20240819,000000,3.72451,3.73194,3.66656,3.69251,26470.4,0
MX.V,D,20240820,000000,3.68351,3.74083,3.67292,3.69524,25611.4,0
MX.V,D,20240821,000000,3.69774,3.76793,3.67697,3.7557,24879.5,0
MX.V,D,20240822,000000,3.75758,3.76488,3.7327,3.74819,25739.7,0
MX.V,D,20240823,000000,3.74639,3.76718,3.71256,3.72614,25863.5,0
MX.V,D,20240824,000000,3.72534,3.76857,3.71918,3.73301,30041.9,0
MX.V,D,20240825,000000,3.74022,3.75968,3.63986,3.65388,29010.3,0
MX.V,D,20240826,000000,3.65558,3.66904,3.62325,3.62825,25343.6,0
MX.V,D,20240827,000000,3.63185,3.64633,3.57023,3.6256,27548.7,0
MX.V,D,20240828,000000,3.626,3.6332,3.53998,3.55422,32918.7,0
MX.V,D,20240829,000000,3.55372,3.70873,3.54702,3.68246,26894.3,0
MX.V,D,20240830,000000,3.69156,3.7049,3.65869,3.67432,27875.2,0
MX.V,D,20240831,000000,3.67619,3.68658,3.61888,3.6708,22523.1,0
MX.V,D,20240901,000000,3.6705,3.67851,3.64954,3.67374,19521.3,0
MX.V,D,20240902,000000,3.67454,3.70331,3.65672,3.69211,25123.6,0
MX.V,D,20240903,000000,3.69271,3.70084,3.58296,3.66347,26352.2,0
MX.V,D,20240904,000000,3.66387,3.69496,3.58565,3.69479,36983.8,0
MX.V,D,20240905,000000,3.69509,3.70122,3.65696,3.67538,29373.5,0
MX.V,D,20240906,000000,3.67486,3.69562,3.62131,3.648,33300.2,0
MX.V,D,20240907,000000,3.647,3.67211,3.62499,3.65233,35599.1,0
MX.V,D,20240908,000000,3.649,3.67423,3.64809,3.66953,20094.2,0
MX.V,D,20240909,000000,3.66727,3.74506,3.65657,3.73967,28308,0
MX.V,D,20240910,000000,3.73927,3.83418,3.66908,3.82893,28412.7,0
MX.V,D,20240911,000000,3.82323,3.83247,3.77472,3.78434,24968,0
MX.V,D,20240912,000000,3.78334,3.83289,3.77535,3.7965,26135.2,0
MX.V,D,20240913,000000,3.79486,3.93497,3.79416,3.93207,24196.9,0
MX.V,D,20240914,000000,3.93257,3.93939,3.87134,3.8876,22938.1,0
MX.V,D,20240915,000000,3.8876,3.89594,3.83521,3.8408,16486,0
MX.V,D,20240916,000000,3.84554,3.87396,3.81338,3.86547,23545.1,0
MX.V,D,20240917,000000,3.85813,3.88635,3.82246,3.87105,21716.3,0
MX.V,D,20240918,000000,3.86785,3.90835,3.81466,3.87262,25736.6,0
MX.V,D,20240919,000000,3.86973,3.97674,3.85035,3.93969,28205.4,0
MX.V,D,20240920,000000,3.94175,3.96728,3.92024,3.95132,23471.3,0
MX.V,D,20240921,000000,3.9513,3.9884,3.94642,3.9551,19667.5,0
MX.V,D,20240922,000000,3.9556,3.98226,3.9405,3.9443,17343.1,0
MX.V,D,20240923,000000,3.94151,3.9798,3.77345,3.77481,23551.8,0
MX.V,D,20240924,000000,3.77341,3.78875,3.57422,3.59942,23434,0
MX.V,D,20240925,000000,3.60018,3.66102,3.57789,3.60719,26484.9,0
MX.V,D,20240926,000000,3.60982,3.60986,3.38917,3.41284,29353.3,0
MX.V,D,20240927,000000,3.40874,3.51482,3.39541,3.45292,31010.1,0
MX.V,D,20240928,000000,3.45212,3.48262,3.42721,3.47912,24507.5,0
MX.V,D,20240929,000000,3.47401,3.51346,3.46475,3.5052,18287.2,0
MX.V,D,20240930,000000,3.5101,3.51456,3.35836,3.36942,23759.4,0
MX.V,D,20241001,000000,3.36956,3.42235,3.18404,3.21906,31386.5,0
MX.V,D,20241002,000000,3.21386,3.33303,3.19843,3.23863,33976.3,0
MX.V,D,20241003,000000,3.24272,3.25335,3.05384,3.10253,29144.8,0
MX.V,D,20241004,000000,3.10283,3.35656,3.09403,3.34377,24302.2,0
MX.V,D,20241005,000000,3.34113,3.35297,3.281,3.31097,17630.6,0
MX.V,D,20241006,000000,3.3109,3.32627,3.19722,3.28424,15707,0
MX.V,D,20241007,000000,3.28493,3.30994,3.09737,3.12076,25917.1,0
MX.V,D,20241008,000000,3.11726,3.21107,3.09547,3.14054,25766.5,0
MX.V,D,20241009,000000,3.14061,3.19338,3.09032,3.09877,24109,0
MX.V,D,20241010,000000,3.10421,3.15107,3.05539,3.08367,22646.1,0
MX.V,D,20241011,000000,3.08227,3.15074,3.07358,3.10547,24306.7,0
MX.V,D,20241012,000000,3.1065,3.16219,3.07494,3.14236,18713.3,0
MX.V,D,20241013,000000,3.14596,3.16702,3.07006,3.08344,16678.8,0
MX.V,D,20241014,000000,3.08641,3.20664,3.07793,3.19202,21469.7,0
MX.V,D,20241015,000000,3.19312,3.20474,3.08481,3.0948,12034.6,0
MX.V,D,20241016,000000,3.09853,3.13477,3.01705,3.10805,11858.3,0
MX.V,D,20241017,000000,3.09298,3.1107,2.90874,3.05673,9803.63,0
MX.V,D,20241018,000000,3.05882,3.09853,3.01883,3.0795,8933.15,0
MX.V,D,20241019,000000,3.08103,3.12807,3.0725,3.10769,7958.51,0
MX.V,D,20241020,000000,3.10433,3.12554,2.96353,3.07375,7033.86,0
MX.V,D,20241021,000000,3.07249,3.15884,3.05965,3.1057,10908.6,0
MX.V,D,20241022,000000,3.10363,3.12192,3.04334,3.04374,10966,0
MX.V,D,20241023,000000,3.04384,3.07613,3.00783,3.04444,10636.2,0
MX.V,D,20241024,000000,3.03375,3.0479,2.9773,3.02256,11244.9,0
MX.V,D,20241025,000000,3.02555,3.03526,2.78322,2.78388,12515.5,0
MX.V,D,20241026,000000,2.80564,2.8409,2.7061,2.82739,14760.6,0
MX.V,D,20241027,000000,2.8183,2.93201,2.81294,2.91336,10951.2,0
MX.V,D,20241028,000000,2.91397,2.97293,2.84427,2.93186,11893.1,0
MX.V,D,20241029,000000,2.93356,2.96068,2.89395,2.96049,13886.2,0
MX.V,D,20241030,000000,2.97645,3.05007,2.92474,2.93526,14781,0
MX.V,D,20241031,000000,2.94246,2.94449,2.71028,2.76577,13396.1,0
MX.V,D,20241101,000000,2.76457,2.77119,2.69984,2.70743,12906.6,0
MX.V,D,20241102,000000,2.70506,2.73856,2.69599,2.69972,9428.52,0
MX.V,D,20241103,000000,2.69692,2.70553,2.61997,2.65306,11228.8,0
MX.V,D,20241104,000000,2.65007,2.68267,2.6119,2.61246,9993.44,0
MX.V,D,20241105,000000,2.61872,2.71478,2.61177,2.68758,10604.1,0
MX.V,D,20241106,000000,2.68763,2.86034,2.68513,2.8287,16914.9,0
MX.V,D,20241107,000000,2.8329,2.88366,2.82658,2.8543,13982.4,0
MX.V,D,20241108,000000,2.8538,2.88568,2.81115,2.81993,13412,0
MX.V,D,20241109,000000,2.82223,2.91978,2.80814,2.91437,12401.6,0
MX.V,D,20241110,000000,2.91107,2.98394,2.85701,2.95392,18224.8,0
MX.V,D,20241111,000000,2.95425,3.08681,2.92372,2.96474,22578.9,0
MX.V,D,20241112,000000,2.96731,2.98304,2.81169,2.85555,19701.5,0
MX.V,D,20241113,000000,2.85586,2.92737,2.68383,2.73318,19634.3,0
MX.V,D,20241114,000000,2.73774,2.87993,2.73521,2.82635,18113.9,0
MX.V,D,20241115,000000,2.82518,2.82558,2.71471,2.78113,16359.2,0
MX.V,D,20241116,000000,2.78131,2.88248,2.77342,2.8632,13130.1,0
MX.V,D,20241117,000000,2.8658,2.88244,2.80564,2.81568,12548.4,0
MX.V,D,20241118,000000,2.81498,2.86542,2.78278,2.85797,12670,0
MX.V,D,20241119,000000,2.85837,2.98137,2.7906,2.96035,14199.7,0
MX.V,D,20241120,000000,2.95815,2.97604,2.86832,2.87351,13205.3,0
MX.V,D,20241121,000000,2.87538,3.00632,2.86766,2.98804,12966.7,0
MX.V,D,20241122,000000,2.98711,3.07583,2.94,2.94246,9555.86,0
MX.V,D,20241123,000000,2.94153,3.09974,2.84667,3.01716,12899.4,0
MX.V,D,20241124,000000,3.01095,3.31505,3.01085,3.08788,13593.8,0
MX.V,D,20241125,000000,3.08808,3.20852,3.07046,3.13404,12412,0
MX.V,D,20241126,000000,3.12636,3.17299,3.04476,3.16283,12626.4,0
MX.V,D,20241127,000000,3.1586,3.26214,3.11465,3.25345,11752.1,0
MX.V,D,20241128,000000,3.25445,3.46123,3.18663,3.39477,13175.9,0
MX.V,D,20241129,000000,3.39334,3.59063,3.39081,3.45082,10751,0
MX.V,D,20241130,000000,3.44021,3.48286,3.32103,3.41397,11384.9,0
MX.V,D,20241201,000000,3.41797,3.53224,3.32116,3.50862,11204.3,0
MX.V,D,20241202,000000,3.50932,3.51596,3.30449,3.42603,12645.8,0
MX.V,D,20241203,000000,3.42543,3.48838,3.33963,3.4866,15494.4,0
MX.V,D,20241204,000000,3.48636,3.59362,3.40156,3.58623,18087.3,0
MX.V,D,20241205,000000,3.58924,3.75508,3.52677,3.64595,14183.7,0
MX.V,D,20241206,000000,3.64483,3.88526,3.62407,3.849,13301.3,0
MX.V,D,20241207,000000,3.8486,3.92231,3.76016,3.90093,11861.3,0
MX.V,D,20241208,000000,3.8821,3.91089,3.81414,3.87627,9763.1,0
MX.V,D,20241209,000000,3.87717,3.94684,3.47688,3.59494,10927.1,0
MX.V,D,20241210,000000,3.60228,3.81675,3.43877,3.6095,16417.2,0
MX.V,D,20241211,000000,3.61931,3.79409,3.53408,3.76614,6308.8,0
MX.V,D,20241212,000000,3.78249,3.79978,3.70028,3.72906,502.91,0
MX.V,D,20241213,000000,3.71736,3.79336,3.69228,3.76158,806.35,0
MX.V,D,20241214,000000,3.74931,3.77159,3.70634,3.72976,1964.41,0
MX.V,D,20241215,000000,3.74356,3.74428,3.55971,3.58334,720.942,0
MX.V,D,20241216,000000,3.58018,3.68681,3.53219,3.60647,816.277,0
MX.V,D,20241217,000000,3.63428,3.63428,3.49227,3.55677,5911.02,0
MX.V,D,20241218,000000,3.55636,3.55636,3.31621,3.35632,13142.6,0
MX.V,D,20241219,000000,3.35496,3.58913,3.27802,3.45371,14687.3,0
MX.V,D,20241220,000000,3.45305,3.45305,3.10354,3.36354,15450.4,0
MX.V,D,20241221,000000,3.36058,3.48946,3.3271,3.35402,13024.4,0
MX.V,D,20241222,000000,3.35332,3.45192,3.3367,3.38793,8922.26,0
MX.V,D,20241223,000000,3.39382,3.44293,3.30343,3.39208,8241.56,0
MX.V,D,20241224,000000,3.39025,3.43891,3.34621,3.413,9143.58,0
MX.V,D,20241225,000000,3.41474,3.47368,3.39575,3.43261,8346.78,0
MX.V,D,20241226,000000,3.42885,3.63241,3.3637,3.55323,8689.86,0
MX.V,D,20241227,000000,3.55772,3.62366,3.37949,3.42699,8019.77,0
MX.V,D,20241228,000000,3.42942,3.56931,3.42856,3.56205,6456.94,0
MX.V,D,20241229,000000,3.56196,3.58994,3.53289,3.53489,5591.29,0
MX.V,D,20241230,000000,3.5329,3.64346,3.50483,3.567,7895.63,0
MX.V,D,20241231,000000,3.57275,3.62066,3.48235,3.50982,7296.73,0
MX.V,D,20250101,000000,3.51076,3.54931,3.40122,3.54767,6436.86,0
MX.V,D,20250102,000000,3.54807,3.60071,3.52974,3.57295,7634.95,0
MX.V,D,20250103,000000,3.57805,3.7015,3.54696,3.64119,8075.9,0
MX.V,D,20250104,000000,3.64262,3.72143,3.64262,3.72143,6557.77,0
MX.V,D,20250105,000000,3.73395,3.74663,3.70072,3.71711,6180.05,0
MX.V,D,20250106,000000,3.72547,3.89116,3.70284,3.88029,6599.11,0
MX.V,D,20250107,000000,3.88073,3.93028,3.70374,3.70908,7464.31,0
MX.V,D,20250108,000000,3.70458,3.81687,3.58666,3.78383,12145.9,0
MX.V,D,20250109,000000,3.76738,3.82549,3.57552,3.63302,6337.97,0
MX.V,D,20250110,000000,3.62158,3.69437,3.56979,3.60934,7147.18,0
MX.V,D,20250111,000000,3.60924,3.67963,3.58612,3.65864,6205.52,0
MX.V,D,20250112,000000,3.67367,3.68842,3.60557,3.6057,4424.27,0
MX.V,D,20250113,000000,3.60154,3.6681,3.41192,3.562,7326.32,0
MX.V,D,20250114,000000,3.54431,3.73534,3.54245,3.72151,8508.08,0
MX.V,D,20250115,000000,3.72314,3.77278,3.63206,3.70375,7893.95,0
MX.V,D,20250116,000000,3.70025,3.74613,3.67598,3.72274,10841.6,0
MX.V,D,20250117,000000,3.72368,3.81431,3.71832,3.78841,10974.5,0
MX.V,D,20250118,000000,3.78761,3.79217,3.63468,3.69603,12519.4,0
MX.V,D,20250119,000000,3.70483,3.73966,3.56286,3.66691,12128.9,0
MX.V,D,20250120,000000,3.68223,3.7128,3.4868,3.62013,17442.7,0
MX.V,D,20250121,000000,3.62575,3.76201,3.59509,3.69835,13141.3,0
MX.V,D,20250122,000000,3.70878,3.87211,3.69588,3.87211,9273.38,0
MX.V,D,20250123,000000,3.87221,3.87532,3.71051,3.86995,11042.6,0
MX.V,D,20250124,000000,3.87005,3.95793,3.81597,3.90896,12926,0
MX.V,D,20250125,000000,3.91543,3.94208,3.82727,3.9058,7515.81,0
MX.V,D,20250126,000000,3.8948,3.96141,3.78898,3.89392,7470.45,0
MX.V,D,20250127,000000,3.89496,3.92551,3.63716,3.78985,7848.53,0
MX.V,D,20250128,000000,3.79505,3.87327,3.74749,3.75666,8202.08,0
MX.V,D,20250129,000000,3.7503,3.82083,3.70891,3.77385,8416.2,0
MX.V,D,20250130,000000,3.77212,3.87839,3.75594,3.85008,9338.23,0
MX.V,D,20250131,000000,3.84808,3.87679,3.71277,3.72712,6842.05,0
MX.V,D,20250201,000000,3.72706,3.78432,3.66946,3.67628,7143.53,0
MX.V,D,20250202,000000,3.67598,3.72949,3.37339,3.38518,10200.6,0
MX.V,D,20250203,000000,3.39085,3.52705,2.99318,3.52482,19206,0
MX.V,D,20250204,000000,3.52476,3.56179,3.37153,3.45633,10455.3,0
MX.V,D,20250205,000000,3.45649,3.52747,3.40472,3.44868,10628.2,0
MX.V,D,20250206,000000,3.43657,3.48805,3.36731,3.41614,9861.54,0
MX.V,D,20250207,000000,3.42434,3.52789,3.31273,3.31273,11541,0
MX.V,D,20250208,000000,3.31283,3.39102,3.30577,3.33947,13428.7,0
MX.V,D,20250209,000000,3.33687,3.43829,3.26906,3.3355,10534.1,0
MX.V,D,20250210,000000,3.3317,3.42425,3.28429,3.39961,10031,0
MX.V,D,20250211,000000,3.39891,3.52202,3.35386,3.38019,12601.5,0
MX.V,D,20250212,000000,3.37819,3.54379,3.32427,3.46544,12988.7,0
MX.V,D,20250213,000000,3.46614,3.5409,3.4002,3.46053,13458.5,0
MX.V,D,20250214,000000,3.46138,3.53006,3.40864,3.46829,15060.5,0
MX.V,D,20250215,000000,3.46845,3.48308,3.40831,3.45098,16469.7,0
MX.V,D,20250216,000000,3.45844,3.4908,3.44325,3.44974,10042.6,0
MX.V,D,20250217,000000,3.45068,3.54576,3.33113,3.4807,12739.4,0
MX.V,D,20250218,000000,3.48034,3.48456,3.34922,3.3825,14423.7,0
MX.V,D,20250219,000000,3.38184,3.41887,3.31924,3.37236,19342.2,0
MX.V,D,20250220,000000,3.37713,3.42119,3.3328,3.39094,13775.8,0
MX.V,D,20250221,000000,3.38664,3.45448,3.33537,3.36395,16881.5,0
MX.V,D,20250222,000000,3.36541,3.41406,3.35067,3.39016,14942.5,0
MX.V,D,20250223,000000,3.39584,3.4183,3.31923,3.343,6592.01,0
MX.V,D,20250224,000000,3.34057,3.39054,3.26794,3.26794,11343.7,0
MX.V,D,20250225,000000,3.2645,3.2645,3.01112,3.17146,15313,0
MX.V,D,20250226,000000,3.17552,3.24178,2.96485,3.05637,16088,0
MX.V,D,20250227,000000,3.02623,3.07751,2.96496,3.02786,17243.4,0
MX.V,D,20250228,000000,3.02885,3.05794,2.88313,3.01868,16777.3,0
MX.V,D,20250301,000000,3.01529,3.11243,3.00949,3.11243,14449.5,0
MX.V,D,20250302,000000,3.11253,3.34483,3.09365,3.3337,12582.4,0
MX.V,D,20250303,000000,3.3299,3.33973,3.07112,3.094,15288.4,0
MX.V,D,20250304,000000,3.09291,3.11852,2.92075,3.10525,16961.8,0
MX.V,D,20250305,000000,3.10382,3.11901,3.01672,3.06611,14990.4,0
MX.V,D,20250306,000000,3.06247,3.14364,3.03311,3.05567,13160.6,0
MX.V,D,20250307,000000,3.05577,3.08392,3.00401,3.00871,42146.4,0
MX.V,D,20250308,000000,3.00871,3.0289,2.98934,2.99534,72631.7,0
MX.V,D,20250309,000000,2.9939,3.03437,2.88197,2.88626,71945.5,0
MX.V,D,20250310,000000,2.88416,2.96212,2.65884,2.74917,266929,0
MX.V,D,20250311,000000,2.74867,2.8188,2.67073,2.80804,297147,0
MX.V,D,20250312,000000,2.80864,2.81174,2.75545,2.78373,106025,0
MX.V,D,20250313,000000,2.78653,2.79488,2.71872,2.74913,54500.3,0
MX.V,D,20250314,000000,2.74912,2.81553,2.73735,2.77573,481802,0
MX.V,D,20250315,000000,2.77586,2.77916,2.7234,2.73225,154531,0
MX.V,D,20250316,000000,2.73237,2.79034,2.6956,2.74234,200030,0
MX.V,D,20250317,000000,2.74091,2.83437,2.73994,2.8279,426336,0
MX.V,D,20250318,000000,2.8319,2.96731,2.79971,2.9043,495132,0
MX.V,D,20250319,000000,2.9043,2.93323,2.86838,2.9005,694143,0
MX.V,D,20250320,000000,2.9004,2.9801,2.88243,2.93856,821752,0
MX.V,D,20250321,000000,2.93426,2.95281,2.89066,2.91144,470958,0
MX.V,D,20250322,000000,2.90606,2.97751,2.90525,2.91973,195441,0
MX.V,D,20250323,000000,2.92032,2.97971,2.91443,2.95371,1774989,0
MX.V,D,20250324,000000,2.95371,3.03369,2.94821,3.0074,1124526,0
MX.V,D,20250325,000000,3.01191,3.15363,3.00241,3.05095,226055,0
MX.V,D,20250326,000000,3.07909,3.09006,2.94536,2.96666,197905,0
MX.V,D,20250327,000000,2.971,3.0222,2.93579,2.9939,513836,0
MX.V,D,20250328,000000,2.9926,2.997,2.87387,2.91621,302203,0
MX.V,D,20250329,000000,2.91631,2.93442,2.76546,2.79894,78986.8,0
MX.V,D,20250330,000000,2.80044,2.90825,2.79954,2.87178,50469.8,0
MX.V,D,20250331,000000,2.87159,2.90994,2.8069,2.84218,66444.7,0
MX.V,D,20250401,000000,2.84236,2.90089,2.81216,2.88902,49351,0
MX.V,D,20250402,000000,2.88902,2.9353,2.86971,2.91465,47723.3,0
MX.V,D,20250403,000000,2.91634,2.9269,2.80589,2.81974,52530.9,0
MX.V,D,20250404,000000,2.81954,2.8799,2.816,2.86088,45573.9,0
MX.V,D,20250405,000000,2.86047,2.88144,2.82908,2.82948,52408.3,0
MX.V,D,20250406,000000,2.82977,2.85796,2.68819,2.69468,47285.2,0
MX.V,D,20250407,000000,2.69468,2.69482,2.51204,2.61494,63563.7,0
MX.V,D,20250408,000000,2.60785,2.70036,2.56606,2.56981,58925.1,0
MX.V,D,20250409,000000,2.57004,2.66097,2.51878,2.65383,50796.3,0
MX.V,D,20250410,000000,2.65376,2.74488,2.62966,2.71943,266487,0
MX.V,D,20250411,000000,2.71986,2.74815,2.68509,2.71946,140508,0
MX.V,D,20250412,000000,2.72248,2.76189,2.66863,2.70352,128223,0
MX.V,D,20250413,000000,2.70832,2.71276,2.68989,2.69089,49145.1,0
MX.V,D,20250414,000000,2.69079,2.77678,2.68909,2.73992,49275.3,0
MX.V,D,20250415,000000,2.74085,2.77612,2.71267,2.76235,198757,0
MX.V,D,20250416,000000,2.75145,2.77492,2.68846,2.72343,248180,0
MX.V,D,20250417,000000,2.72006,2.7476,2.69923,2.72837,168553,0
MX.V,D,20250418,000000,2.72537,2.77315,2.71523,2.7392,63815.2,0
MX.V,D,20250419,000000,2.73927,2.75592,2.7268,2.7549,56560.3,0
MX.V,D,20250420,000000,2.7532,2.75708,2.7372,2.74565,58895.1,0
MX.V,D,20250421,000000,2.74665,2.76403,2.72554,2.73367,144078,0
MX.V,D,20250422,000000,2.73347,2.79916,2.71413,2.77781,345756,0
MX.V,D,20250423,000000,2.77781,2.97079,2.76423,2.86635,241600,0
MX.V,D,20250424,000000,2.86673,2.93056,2.83273,2.86836,156811,0
MX.V,D,20250425,000000,2.86076,2.91158,2.84888,2.88283,232019,0
MX.V,D,20250426,000000,2.88283,2.8963,2.85929,2.87419,60589.2,0
MX.V,D,20250427,000000,2.87447,2.91439,2.85169,2.87909,73709.3,0
MX.V,D,20250428,000000,2.87899,2.89918,2.78594,2.8021,168716,0
MX.V,D,20250429,000000,2.8021,2.85939,2.7996,2.84202,189325,0
MX.V,D,20250430,000000,2.84702,2.85027,2.78032,2.81234,214355,0
MX.V,D,20250501,000000,2.81234,2.88292,2.79414,2.84912,280911,0
MX.V,D,20250502,000000,2.84902,2.8714,2.80288,2.81652,198287,0
MX.V,D,20250503,000000,2.81642,2.8415,2.8085,2.82302,120362,0
MX.V,D,20250504,000000,2.8232,2.82574,2.80434,2.80584,108686,0
MX.V,D,20250505,000000,2.80574,2.81797,2.78861,2.79642,195899,0
MX.V,D,20250506,000000,2.79622,2.81292,2.77217,2.78562,159474,0
MX.V,D,20250507,000000,2.78552,2.79416,2.5174,2.6677,253005,0
MX.V,D,20250508,000000,2.66333,2.78774,2.64617,2.761,388161,0
MX.V,D,20250509,000000,2.76137,2.79754,2.74848,2.79066,413700,0
MX.V,D,20250510,000000,2.79066,2.79934,2.63657,2.66383,150432,0
MX.V,D,20250511,000000,2.65653,2.71873,2.63217,2.6733,289430,0
MX.V,D,20250512,000000,2.67277,2.75732,2.66587,2.68899,432870,0
MX.V,D,20250513,000000,2.68899,2.76408,2.66507,2.7485,280144,0
MX.V,D,20250514,000000,2.7518,2.75922,2.72328,2.73788,223849,0
MX.V,D,20250515,000000,2.73818,2.747,2.6769,2.677,202831,0
MX.V,D,20250516,000000,2.6769,2.70154,2.66997,2.69073,178816,0
MX.V,D,20250517,000000,2.691,2.70333,2.65273,2.66833,125273,0
MX.V,D,20250518,000000,2.66833,2.71087,2.64973,2.66047,154342,0
MX.V,D,20250519,000000,2.66047,2.70347,2.62544,2.6984,439150,0
MX.V,D,20250520,000000,2.6984,2.74785,2.6789,2.7126,280323,0
MX.V,D,20250521,000000,2.7125,2.78838,2.7125,2.73342,371212,0
MX.V,D,20250522,000000,2.73342,2.78604,2.73342,2.76781,350216,0
MX.V,D,20250523,000000,2.76771,2.77253,2.6956,2.70657,313634,0
MX.V,D,20250524,000000,2.70647,2.74045,2.68592,2.69347,178210,0
MX.V,D,20250525,000000,2.69337,2.70777,2.66833,2.70777,118156,0
MX.V,D,20250526,000000,2.70777,2.72786,2.69886,2.71616,197759.977002,0
MX.V,D,20250527,000000,2.71616,2.72825,2.69656,2.70424,209243.69254299987,0
MX.V,D,20250528,000000,2.70294,2.72789,2.70207,2.71094,186767.75073200042,0
MX.V,D,20250529,000000,2.71094,2.71479,2.65033,2.65687,187342.10405599957,0
MX.V,D,20250530,000000,2.65683,2.66153,2.62831,2.63751,343518.7441709992,0
MX.V,D,20250531,000000,2.63681,2.64804,2.5616,2.63023,147835.90740300054,0
MX.V,D,20250601,000000,2.63013,2.65157,2.59872,2.65157,102403.05926299978,0
MX.V,D,20250602,000000,2.65067,2.65293,2.60522,2.63036,142092.66068000032,0
MX.V,D,20250603,000000,2.63016,2.69168,2.62776,2.66623,614275.8211389983,0
MX.V,D,20250604,000000,2.66533,2.68571,2.63795,2.65593,450195.91921120003,0
MX.V,D,20250605,000000,2.65253,2.6737,2.55807,2.58277,581313.9436589956,0
MX.V,D,20250606,000000,2.58227,2.63962,2.57017,2.62948,900113.3405549984,0
MX.V,D,20250607,000000,2.62938,2.70849,2.61027,2.70609,279650.7639483998,0
MX.V,D,20250608,000000,2.70769,2.71997,2.68756,2.69809,216498.6882330006,0
MX.V,D,20250609,000000,2.70062,2.7214,2.67167,2.70144,522142.6435661986,0
MX.V,D,20250610,000000,2.70144,2.73449,2.69565,2.71196,671189.4396389999,0
MX.V,D,20250611,000000,2.71236,2.72784,2.6828,2.69425,603666.4732560012,0
MX.V,D,20250612,000000,2.69415,2.72282,2.65366,2.66913,401478.4200840025,0
MX.V,D,20250613,000000,2.66943,2.67354,2.4354,2.49244,481455.20087900024,0
MX.V,D,20250614,000000,2.49154,2.56651,2.48035,2.5027,143290.55444400027,0
MX.V,D,20250615,000000,2.5026,2.53347,2.46344,2.47563,106131.10206599999,0
MX.V,D,20250616,000000,2.47563,2.56951,2.47489,2.52336,229368.15290500122,0
MX.V,D,20250617,000000,2.53682,2.53682,2.40866,2.46269,349378.8882480006,0
MX.V,D,20250618,000000,2.46368,2.48774,2.36395,2.40478,235614.46121900048,0
MX.V,D,20250619,000000,2.40572,2.44597,2.40008,2.44597,122275.83609199997,0
MX.V,D,20250620,000000,2.44627,2.44972,2.35746,2.39392,279437.83935000084,0
MX.V,D,20250621,000000,2.395,2.4006,2.33147,2.33157,144993.48622000043,0
MX.V,D,20250622,000000,2.33157,2.33547,2.14627,2.15779,493931.5338379985,0
MX.V,D,20250623,000000,2.15779,2.30978,2.15672,2.28583,400110.20036399853,0
MX.V,D,20250624,000000,2.28696,2.39199,2.28242,2.37901,317986.59336100105,0
MX.V,D,20250625,000000,2.38115,2.39297,2.28724,2.36346,233503.2604640005,0
MX.V,D,20250626,000000,2.36506,2.37901,2.27835,2.28272,151670.98320000034,0
MX.V,D,20250627,000000,2.2831,2.29013,2.24907,2.27282,194235.38962900048,0
MX.V,D,20250628,000000,2.27259,2.30474,2.26241,2.27919,39134.004656000034,0
MX.V,D,20250629,000000,2.27929,2.30875,2.24627,2.29971,80255.37607900015,0
MX.V,D,20250630,000000,2.29885,2.36509,2.29309,2.32073,161165.2771020013,0
MX.V,D,20250701,000000,2.32093,2.34734,2.28404,2.29104,180111.72837600013,0
MX.V,D,20250702,000000,2.29032,2.37325,2.28771,2.36018,315046.51122009946,0
MX.V,D,20250703,000000,2.36014,2.43872,2.35378,2.39668,248791.0387830008,0
MX.V,D,20250704,000000,2.39848,2.40969,2.36421,2.38067,187759.96547000032,0
MX.V,D,20250705,000000,2.38011,2.42247,2.37444,2.40182,53887.02495599994,0
MX.V,D,20250706,000000,2.40182,2.48604,2.40052,2.47269,86205.55393200008,0
MX.V,D,20250707,000000,2.47999,2.4898,2.41727,2.43172,161204.46019330047,0
MX.V,D,20250708,000000,2.43227,2.48405,2.42927,2.46455,134496.23473519983,0
MX.V,D,20250709,000000,2.46535,2.47995,2.3631,2.40938,242593.31249799984,0
MX.V,D,20250710,000000,2.40914,2.42053,2.32833,2.3476,375474.95296600077,0
MX.V,D,20250711,000000,2.3472,2.38709,2.34103,2.349,543478.5790499992,0
MX.V,D,20250712,000000,2.34877,2.36431,2.28946,2.28969,120030.37393000013,0
MX.V,D,20250713,000000,2.30469,2.33737,2.29889,2.31586,122866.119697,0
MX.V,D,20250714,000000,2.31606,2.36241,2.2533,2.318,455496.08190299815,0
MX.V,D,20250715,000000,2.31823,2.32837,2.2807,2.3045,450817.27170099964,0
MX.V,D,20250716,000000,2.30483,2.33967,2.29373,2.31743,207061.73630699966,0
MX.V,D,20250717,000000,2.3179,2.34194,2.2539,2.26893,182849.05754600084,0
MX.V,D,20250718,000000,2.26871,2.27456,2.19406,2.19424,256307.7064990992,0
MX.V,D,20250719,000000,2.19396,2.23754,2.16165,2.20999,88127.30811919985,0
MX.V,D,20250720,000000,2.21023,2.26123,2.20742,2.22237,70610.90743500012,0
MX.V,D,20250721,000000,2.22211,2.254,2.17761,2.2,229008.44196099995,0
MX.V,D,20250722,000000,2.2,2.23111,2.17007,2.19766,248780.41680310122,0
MX.V,D,20250723,000000,2.20026,2.23399,2.14493,2.15833,169833.7378329998,0
MX.V,D,20250724,000000,2.15833,2.19928,2.14786,2.15169,187795.79885599948,0
MX.V,D,20250725,000000,2.15169,2.17851,2.14477,2.16472,551828.4717980033,0
MX.V,D,20250726,000000,2.16502,2.21322,2.16502,2.17882,82256.27464900006,0
MX.V,D,20250727,000000,2.17872,2.22127,2.17263,2.20236,100650.60683400018,0
MX.V,D,20250728,000000,2.20236,2.2415,2.19442,2.20822,158190.7185110998,0
MX.V,D,20250729,000000,2.20834,2.21664,2.18942,2.19008,186408.66948800068,0
MX.V,D,20250730,000000,2.19028,2.2194,2.17018,2.1722,190819.20387699985,0
MX.V,D,20250731,000000,2.17188,2.34213,2.17188,2.24238,221885.0750599999,0
MX.V,D,20250801,000000,2.24178,2.25657,2.20376,2.21603,295094.2526111006,0
MX.V,D,20250802,000000,2.21594,2.22953,2.17048,2.17578,135544.49894900015,0
MX.V,D,20250803,000000,2.17568,2.23,2.17568,2.21518,82747.25733399983,0
MX.V,D,20250804,000000,2.21538,2.28666,2.21152,2.26575,110661.47875499993,0
MX.V,D,20250805,000000,2.26425,2.30786,2.20392,2.2352,151088.1760620002,0
MX.V,D,20250806,000000,2.23402,2.2753,2.23012,2.25548,110642.04422300009,0
MX.V,D,20250807,000000,2.2551,2.28196,2.24445,2.27451,168434.6337459999,0
MX.V,D,20250808,000000,2.27418,2.31129,2.25998,2.29286,132731.07261599993,0
MX.V,D,20250809,000000,2.29299,2.34714,2.29236,2.31229,120547.16820100017,0
MX.V,D,20250810,000000,2.31259,2.3416,2.30976,2.32156,180839.2521109998,0
MX.V,D,20250811,000000,2.32146,2.34757,2.2792,2.2852,346805.10207200027,0
MX.V,D,20250812,000000,2.29043,2.3636,2.2826,2.32893,403838.2273640015,0
MX.V,D,20250813,000000,2.3287,2.63,2.3189,2.52091,668651.2080469984,0
MX.V,D,20250814,000000,2.52091,2.57153,2.40448,2.40668,767891.7109059982,0
MX.V,D,20250815,000000,2.40668,2.53413,2.40634,2.505,335926.58374920016,0
MX.V,D,20250816,000000,2.5051,2.65492,2.5022,2.61523,156207.0907292014,0
MX.V,D,20250817,000000,2.61449,2.6727,2.5766,2.58211,122175.7858250005,0
MX.V,D,20250818,000000,2.58211,2.61117,2.50861,2.59666,441669.2560610019,0
MX.V,D,20250819,000000,2.59656,2.63202,2.4803,2.48325,381556.24686110095,0
MX.V,D,20250820,000000,2.497,2.62466,2.49085,2.60548,407405.5075860004,0
MX.V,D,20250821,000000,2.60548,2.67373,2.54695,2.56424,284972.5316860002,0
MX.V,D,20250822,000000,2.56404,3.30627,2.56049,2.7873,449063.5327489998,0
MX.V,D,20250823,000000,2.7969,2.91049,2.74183,2.75612,299098.4731730002,0
MX.V,D,20250824,000000,2.75652,2.84175,2.72918,2.7781,417614.6485790011,0
MX.V,D,20250825,000000,2.7779,2.8149,2.65343,2.65707,548200.0251620008,0
MX.V,D,20250826,000000,2.65663,2.73327,2.62156,2.67594,405235.00666899903,0
MX.V,D,20250827,000000,2.67584,2.78994,2.67483,2.76043,295407.1261059999,0
MX.V,D,20250828,000000,2.75983,2.86587,2.73855,2.74787,255346.33609899922,0
MX.V,D,20250829,000000,2.75055,2.78878,2.60598,2.61989,497931.4527550003,0
MX.V,D,20250830,000000,2.61502,2.67774,2.61222,2.62616,259298.41505299977,0
MX.V,D,20250831,000000,2.62663,2.67664,2.62556,2.65393,193310.99127100036,0
MX.V,D,20250901,000000,2.65353,2.66933,2.5236,2.53425,281239.15666100156,0
MX.V,D,20250902,000000,2.53505,2.65863,2.52145,2.63003,382780.4230620001,0
MX.V,D,20250903,000000,2.63029,2.71601,2.62462,2.66433,281403.7015840009,0
MX.V,D,20250904,000000,2.66513,2.69958,2.61532,2.62372,245455.98673699988,0
MX.V,D,20250905,000000,2.62372,2.70784,2.61632,2.67714,507664.575149,0
MX.V,D,20250906,000000,2.68454,2.69391,2.65143,2.6627,115333.41010699977,0
MX.V,D,20250907,000000,2.66213,2.70501,2.6543,2.66557,112270.67390499995,0
MX.V,D,20250908,000000,2.66527,2.69607,2.6526,2.67417,292677.57126199966,0
MX.V,D,20250909,000000,2.67507,2.71171,2.62022,2.62723,367463.6876559999,0
MX.V,D,20250910,000000,2.62713,2.69724,2.62049,2.6654,366662.60410299915,0
MX.V,D,20250911,000000,2.6664,2.72579,2.6625,2.71686,511975.4313389989,0
MX.V,D,20250912,000000,2.71526,2.77662,2.69818,2.76401,497837.07976399775,0
MX.V,D,20250913,000000,2.76491,2.77172,2.71827,2.72801,236355.33506100075,0
MX.V,D,20250914,000000,2.72891,2.77616,2.72433,2.77064,155420.59569500008,0
MX.V,D,20250915,000000,2.77136,2.77384,2.64906,2.662,338904.10903900204,0
MX.V,D,20250916,000000,2.6618,2.70021,2.64849,2.65523,348914.21571199986,0
MX.V,D,20250917,000000,2.64982,2.77857,2.64532,2.76328,342716.63031600113,0
MX.V,D,20250918,000000,2.76448,2.78547,2.71539,2.72306,342001.9143030017,0
MX.V,D,20250919,000000,2.72316,2.77404,2.7149,2.73074,217531.1862160009,0
MX.V,D,20250920,000000,2.73084,2.75095,2.70182,2.73361,109815.88730999967,0
MX.V,D,20250921,000000,2.73334,2.77504,2.73031,2.76624,126855.15939510055,0
MX.V,D,20250922,000000,2.76624,2.76844,2.62576,2.64271,438381.8740080012,0
MX.V,D,20250923,000000,2.64265,2.66216,2.62986,2.65603,290397.92744400015,0
MX.V,D,20250924,000000,2.65593,2.67907,2.62125,2.64989,229268.628207101,0
MX.V,D,20250925,000000,2.64989,2.65169,2.51156,2.52426,383981.45269700163,0
MX.V,D,20250926,000000,2.52426,2.57705,2.51376,2.57075,346958.291257001,0
MX.V,D,20250927,000000,2.57166,2.63124,2.56079,2.61379,129812.51325100043,0
MX.V,D,20250928,000000,2.61543,2.62678,2.5924,2.6112,122875.2908079997,0
MX.V,D,20250929,000000,2.6113,2.63454,2.60434,2.60608,692662.2517379993,0
MX.V,D,20250930,000000,2.60762,2.624,2.53636,2.54327,341443.75340000266,0
MX.V,D,20251001,000000,2.54302,2.62634,2.53101,2.61103,373019.9564549991,0
MX.V,D,20251002,000000,2.61123,2.64812,2.60156,2.64325,404395.78270900255,0
MX.V,D,20251003,000000,2.64221,2.67754,2.6286,2.64338,421577.14161500294,0
MX.V,D,20251004,000000,2.64348,2.67567,2.63054,2.65109,165552.5322769999,0
MX.V,D,20251005,000000,2.65089,2.6757,2.58483,2.61241,388074.2892840008,0
MX.V,D,20251006,000000,2.6104,2.74757,2.5933,2.69982,439564.16149600147,0
MX.V,D,20251007,000000,2.69982,2.74662,2.67284,2.68868,439345.18306000024,0
MX.V,D,20251008,000000,2.68918,2.70688,2.6676,2.6923,417708.33570799977,0
MX.V,D,20251009,000000,2.6931,2.71346,2.61741,2.63188,343009.00256300066,0
MX.V,D,20251010,000000,2.63218,2.68007,2.25736,2.34858,810212.3095089971,0
MX.V,D,20251011,000000,2.34858,2.52277,2.27408,2.44223,1004599.6203129968,0
MX.V,D,20251012,000000,2.44198,2.46812,2.38582,2.46301,352862.8755309999,0
MX.V,D,20251013,000000,2.46267,2.56506,2.46247,2.54979,394389.30210100097,0
MX.V,D,20251014,000000,2.54799,2.57477,2.43915,2.47568,408328.22329010034,0
MX.V,D,20251015,000000,2.47594,2.49139,2.41585,2.42896,355804.01887900167,0
MX.V,D,20251016,000000,2.4294,2.45888,2.39116,2.39676,370417.2264390025,0
MX.V,D,20251017,000000,2.39662,2.40636,2.31703,2.36148,481672.8146980007,0
MX.V,D,20251018,000000,2.36124,2.41026,2.35964,2.4057,196392.0466889995,0
MX.V,D,20251019,000000,2.4054,2.42351,2.39562,2.41086,247846.44871010038,0
MX.V,D,20251020,000000,2.41046,2.44058,2.39622,2.40886,347801.4464630005,0
MX.V,D,20251021,000000,2.40966,2.42101,2.35461,2.40985,537868.5166070982,0
MX.V,D,20251022,000000,2.40854,2.41549,2.30126,2.30749,449370.4455140011,0
MX.V,D,20251023,000000,2.30719,2.34914,2.29369,2.33387,249323.7481990009,0
MX.V,D,20251024,000000,2.33367,2.39286,2.3226,2.37785,186505.76268800045,0
MX.V,D,20251025,000000,2.37671,2.40708,2.36871,2.39668,67729.298177,0
MX.V,D,20251026,000000,2.39668,2.45969,2.39352,2.43599,146057.0167519998,0
MX.V,D,20251027,000000,2.43749,2.44789,2.41954,2.43274,302131.5769900005,0
MX.V,D,20251028,000000,2.43454,2.44914,2.39778,2.40708,187331.2806679999,0
MX.V,D,20251029,000000,2.40688,2.41402,2.35804,2.37157,330913.8439980001,0
MX.V,D,20251030,000000,2.37157,2.37181,2.27826,2.2816,394523.9157710016,0
MX.V,D,20251031,000000,2.28137,2.32903,2.21651,2.23033,310236.5511660005,0
MX.V,D,20251101,000000,2.23001,2.28294,2.22833,2.25255,80281.44428499993,0
MX.V,D,20251102,000000,2.25115,2.25137,2.11319,2.11789,126611.32239699995,0
MX.V,D,20251103,000000,2.11789,2.15212,2.0038,2.037,434835.93775899627,0
MX.V,D,20251104,000000,2.0371,2.05709,1.992,2.0283,590065.7616559997,0
MX.V,D,20251105,000000,2.028,2.1451,2.0151,2.112,484740.15368500125,0
MX.V,D,20251106,000000,2.1268,2.14041,2.08886,2.12876,272514.21836400003,0
MX.V,D,20251107,000000,2.12845,2.16245,2.07406,2.15707,370549.97436000156,0
MX.V,D,20251108,000000,2.15715,2.16007,2.12586,2.14459,117814.88589100003,0
MX.V,D,20251109,000000,2.14477,2.1765,2.12649,2.1717,144875.62278099987,0
MX.V,D,20251110,000000,2.17158,2.1994,2.16588,2.19096,243393.1391860002,0
MX.V,D,20251111,000000,2.19096,2.20108,2.15207,2.15288,238004.00734500046,0
MX.V,D,20251112,000000,2.15278,2.17077,2.093,2.12059,200597.08832200003,0
MX.V,D,20251113,000000,2.12049,2.16068,2.06926,2.08247,513760.38304799946,0
MX.V,D,20251114,000000,2.08166,2.11338,2.04837,2.09203,646107.3662526037,0
MX.V,D,20251115,000000,2.09212,2.13043,2.08033,2.12053,222231.47985809942,0
MX.V,D,20251116,000000,2.12053,2.21347,2.11034,2.15792,247393.66066900047,0
MX.V,D,20251117,000000,2.15842,2.23148,2.13229,2.15016,500175.99050800095,0
MX.V,D,20251118,000000,2.15036,2.18033,2.11521,2.17495,611852.9787519993,0
MX.V,D,20251119,000000,2.17495,2.18954,2.05377,2.14906,452352.6424999993,0
MX.V,D,20251120,000000,2.14876,2.19504,2.11441,2.15596,481964.127085,0
MX.V,D,20251121,000000,2.15546,2.16125,1.98891,2.06387,832802.9306620039,0
MX.V,D,20251122,000000,2.06357,2.10767,2.05418,2.10726,149167.6307250002,0
MX.V,D,20251123,000000,2.10576,2.17918,2.08916,2.17848,214555.32275800002,0
MX.V,D,20251124,000000,2.17646,2.18078,2.13345,2.17718,482283.42679500073,0
MX.V,D,20251125,000000,2.17658,2.2037,2.1644,2.19394,734061.3133929982,0
MX.V,D,20251126,000000,2.19414,2.19918,2.17337,2.19352,740287.4103949998,0
MX.V,D,20251127,000000,2.19362,2.23108,2.19268,2.21274,659737.2276960032,0
MX.V,D,20251128,000000,2.21274,2.21726,2.20446,2.21296,507984.2040120011,0
MX.V,D,20251129,000000,2.21286,2.2525,2.20866,2.25067,268508.5378249998,0
MX.V,D,20251130,000000,2.2509,2.28396,2.2422,2.27933,253998.300421,0
MX.V,D,20251201,000000,2.27773,2.28506,2.0718,2.10232,1125696.5852439986,0
MX.V,D,20251202,000000,2.10202,2.18999,2.08901,2.17857,736707.5736679998,0
MX.V,D,20251203,000000,2.17857,2.19898,2.14936,2.18636,917951.3269519991,0
MX.V,D,20251204,000000,2.18616,2.19626,2.11815,2.12645,465665.7461590012,0
MX.V,D,20251205,000000,2.12635,2.16086,2.09832,2.12035,370354.10542999953,0
MX.V,D,20251206,000000,2.12035,2.15775,2.11393,2.15646,123400.18702299966,0
MX.V,D,20251207,000000,2.14374,2.16865,2.13443,2.14984,210174.83584299954,0
MX.V,D,20251208,000000,2.14864,2.17262,2.13663,2.14444,304228.0701950007,0
MX.V,D,20251209,000000,2.14403,2.18262,2.1238,2.15762,323233.01928900037,0
MX.V,D,20251210,000000,2.15772,2.16593,2.12764,2.14414,297229.7601900003,0
MX.V,D,20251211,000000,2.14454,2.15046,2.09812,2.12192,365710.4931399993,0
MX.V,D,20251212,000000,2.12192,2.13734,2.10162,2.10863,273735.5051500004,0
MX.V,D,20251213,000000,2.10873,2.16185,2.10863,2.15405,107685.40207600003,0
MX.V,D,20251214,000000,2.15493,2.17177,2.12564,2.13765,218035.03326399997,0
MX.V,D,20251215,000000,2.13715,2.15883,2.06801,2.09641,335587.90749500005,0
MX.V,D,20251216,000000,2.09051,2.1131,2.0679,2.0988,340782.20292800054,0
MX.V,D,20251217,000000,2.0978,2.1197,2.05709,2.07498,464354.89157199906,0
MX.V,D,20251218,000000,2.07899,2.09807,2.0052,2.02529,1109761.5750569997,0
MX.V,D,20251219,000000,2.02529,2.05987,2.0073,2.01759,878288.6913790005,0
MX.V,D,20251220,000000,2.01869,2.04629,2.0069,2.03399,274013.3419290002,0
MX.V,D,20251221,000000,2.03389,2.05129,2.0139,2.03,702939.8814830018,0
MX.V,D,20251222,000000,2.03019,2.0432,1.9941,2.01649,1262893.3898310093,0
MX.V,D,20251223,000000,2.01619,2.03559,2.0006,2.0116,578260.066844998,0
MX.V,D,20251224,000000,2.0117,2.0414,2.0002,2.03419,317225.8320230009,0
MX.V,D,20251225,000000,2.03469,2.05528,2.0154,2.02849,169834.1505299999,0
MX.V,D,20251226,000000,2.03509,2.04577,2.01559,2.03189,588893.4143640021,0
MX.V,D,20251227,000000,2.03199,2.05608,2.01799,2.04788,99922.49183719994,0
MX.V,D,20251228,000000,2.04808,2.06887,2.02349,2.03478,101852.17029099994,0
MX.V,D,20251229,000000,2.03498,2.05597,2.0054,2.01559,765755.6960209975,0
MX.V,D,20251230,000000,2.01559,2.04227,2.0009,2.03457,517381.6450370002,0
MX.V,D,20251231,000000,2.03308,2.05855,2.02248,2.03605,465806.03806399927,0
MX.V,D,20260101,000000,2.03605,2.04705,2.01518,2.03925,164331.94825499994,0
MX.V,D,20260102,000000,2.03905,2.06126,2.02857,2.05478,584713.469226001,0
MX.V,D,20260103,000000,2.05478,2.06728,2.02849,2.04529,189381.12068999995,0
MX.V,D,20260104,000000,2.04519,2.07098,2.04008,2.05938,290889.9422419994,0
MX.V,D,20260105,000000,2.05988,2.09851,2.05208,2.09471,644082.2391359985,0
MX.V,D,20260106,000000,2.0961,2.13609,2.06629,2.11127,592617.1114819982,0
MX.V,D,20260107,000000,2.11127,2.11936,2.07196,2.08965,533124.8200530013,0
MX.V,D,20260108,000000,2.08845,2.11592,2.06484,2.11212,744237.8962560026,0
MX.V,D,20260109,000000,2.11242,2.11972,2.08213,2.09471,528861.8670749998,0
MX.V,D,20260110,000000,2.09461,2.10949,2.08081,2.09111,102072.07699400012,0
MX.V,D,20260111,000000,2.08142,2.10561,2.06992,2.07292,120906.95155410029,0
MX.V,D,20260112,000000,2.07302,2.09598,2.01599,2.03168,520429.0044940011,0
MX.V,D,20260113,000000,2.03168,2.03908,1.98711,2.0278,718453.6983808025,0
MX.V,D,20260114,000000,2.0275,2.04398,2.01249,2.0298,1082794.4388850012,0
MX.V,D,20260115,000000,2.0298,2.0434,2,2.02649,649794.105666,0
MX.V,D,20260116,000000,2.02779,2.03559,1.9987,2.0077,375271.3263959991,0
MX.V,D,20260117,000000,2.0079,2.01639,2.0039,2.0108,93292.92474200002,0
MX.V,D,20260118,000000,2.0104,2.03619,2.0028,2.02049,92997.01508000004,0
MX.V,D,20260119,000000,2.02289,2.02469,1.9879,1.9947,368791.3652659996,0
MX.V,D,20260120,000000,1.995,2.00949,1.98301,1.99061,431602.0999649989,0
MX.V,D,20260121,000000,1.99041,2.01998,1.94974,1.96342,512634.1324389985,0
MX.V,D,20260122,000000,1.96282,1.96683,1.95223,1.95643,280938.10241339984,0
MX.V,D,20260123,000000,1.95623,1.96583,1.95194,1.95473,263990.1160940003,0
MX.V,D,20260124,000000,1.95633,1.96073,1.95365,1.95544,59040.355932999955,0
MX.V,D,20260125,000000,1.95674,1.96184,1.94984,1.95253,238249.34267499967,0
MX.V,D,20260126,000000,1.95524,1.96432,1.93258,1.95473,318782.17035400047,0
MX.V,D,20260127,000000,1.95484,1.97482,1.95195,1.95853,152033.52293050024,0
MX.V,D,20260128,000000,1.96013,1.96653,1.94205,1.95205,220991.3818480003,0
MX.V,D,20260129,000000,1.95175,1.95384,1.91171,1.91869,291901.2361920003,0
MX.V,D,20260130,000000,1.9175,1.93686,1.91001,1.91959,249801.81086000058,0
MX.V,D,20260131,000000,1.91959,1.96164,1.90438,1.90708,325202.04500299925,0
MX.V,D,20260201,000000,1.90708,1.92185,1.90218,1.90607,229153.99708899963,0
MX.V,D,20260202,000000,1.90567,1.94072,1.883,1.91584,388806.4958230006,0
MX.V,D,20260203,000000,1.91544,1.92385,1.8872,1.903,324719.6820019991,0
MX.V,D,20260204,000000,1.9038,1.9105,1.89043,1.89402,995800.6157649994,0
MX.V,D,20260205,000000,1.8944,1.90006,1.78143,1.79305,340113.0062139996,0
MX.V,D,20260206,000000,1.79353,1.82655,1.78162,1.81789,174860.00663699993,0
MX.V,D,20260207,000000,1.81789,1.83187,1.79118,1.81547,81046.81817500031,0
MX.V,D,20260208,000000,1.81527,1.82649,1.8001,1.80398,64451.3719811,0
MX.V,D,20260209,000000,1.80398,1.81707,1.79978,1.8031,158242.42575200062,0
MX.V,D,20260210,000000,1.8027,1.80518,1.78143,1.79248,82221.92403300013,0
